seq,ax,ay,az,wroll,wpitch,wyaw,roll,pitch,yaw,q0,q1,q2,q3
3982,0.027535,-7.094705,6.694664,-0.188763,0.380765,0.056918,-46.661728,-0.161729,0.171392,0.918232,-0.396037,-0.001888,0.000814
3984,0.020651,-7.110690,6.682652,-1.101829,0.605884,0.278926,-46.683216,-0.146374,0.163271,0.918158,-0.396210,-0.001737,0.000802
3985,0.021844,-7.111936,6.684363,-0.788895,0.476152,0.146520,-46.714703,-0.128845,0.155009,0.918049,-0.396463,-0.001569,0.000796
3986,0.010037,-7.099008,6.684120,0.009688,0.676632,0.381673,-46.727680,-0.109265,0.147056,0.918004,-0.396567,-0.001384,0.000800
3987,0.008162,-7.098079,6.688663,0.407662,0.237654,0.347008,-46.720722,-0.089976,0.144289,0.918029,-0.396511,-0.001220,0.000845
3988,0.012900,-7.098369,6.684412,0.266239,-0.217673,0.099352,-46.709499,-0.084332,0.149148,0.918067,-0.396422,-0.001192,0.000903
3989,0.015060,-7.086535,6.689487,0.716386,-0.319192,-0.006945,-46.693123,-0.089348,0.156716,0.918124,-0.396290,-0.001258,0.000947
3991,0.018954,-7.079497,6.686770,0.540916,-0.593091,-0.045046,-46.672192,-0.100409,0.167184,0.918196,-0.396122,-0.001382,0.000993
3992,0.033670,-7.090939,6.691762,-0.000774,-1.011565,-0.380744,-46.663219,-0.123924,0.181768,0.918227,-0.396050,-0.001621,0.001028
3993,0.042544,-7.089271,6.689871,-0.199724,-0.813941,-0.532858,-46.666588,-0.155878,0.193450,0.918215,-0.396076,-0.001918,0.001011
3994,0.041426,-7.087308,6.690691,-0.129692,-0.421250,-0.346255,-46.672089,-0.180662,0.198371,0.918196,-0.396120,-0.002133,0.000965
3995,0.037883,-7.097632,6.688720,-0.337806,-0.164008,-0.115767,-46.679890,-0.192957,0.200184,0.918169,-0.396182,-0.002238,0.000937
3996,0.041812,-7.090665,6.692151,0.180857,-0.013876,-0.211567,-46.682499,-0.198960,0.198598,0.918160,-0.396203,-0.002281,0.000903
3998,0.045593,-7.091321,6.688244,0.085057,0.003797,-0.311019,-46.678047,-0.205411,0.192745,0.918175,-0.396167,-0.002312,0.000834
3999,0.042206,-7.090560,6.689627,0.071007,0.160994,-0.169182,-46.675423,-0.209350,0.185255,0.918184,-0.396146,-0.002318,0.000761
4000,0.044212,-7.095767,6.688590,-0.157412,0.129229,-0.199119,-46.676834,-0.210496,0.177525,0.918179,-0.396157,-0.002300,0.000695
4001,0.049481,-7.093817,6.686994,-0.176928,-0.006660,-0.352923,-46.682381,-0.215789,0.169726,0.918160,-0.396202,-0.002316,0.000614
4002,0.050018,-7.105915,6.686549,-0.570353,0.003961,-0.338465,-46.694798,-0.224204,0.161854,0.918117,-0.396301,-0.002356,0.000521
4003,0.046435,-7.101075,6.689245,-0.158017,0.150610,-0.201755,-46.706909,-0.228990,0.153805,0.918075,-0.396399,-0.002367,0.000440
4005,0.044267,-7.100417,6.689324,0.086499,0.242613,-0.134269,-46.708069,-0.228572,0.145194,0.918071,-0.396408,-0.002334,0.000373
4006,0.041208,-7.091484,6.693347,0.517368,0.324446,-0.066224,-46.697960,-0.224523,0.136024,0.918106,-0.396327,-0.002269,0.000313
4007,0.035593,-7.089403,6.689866,0.343314,0.450421,0.084180,-46.683582,-0.215446,0.126832,0.918156,-0.396212,-0.002165,0.000271
4008,0.032061,-7.077824,6.690740,0.591528,0.508021,0.137707,-46.667973,-0.201796,0.117748,0.918210,-0.396088,-0.002024,0.000246
4009,0.029338,-7.074249,6.693214,0.704768,0.508767,0.138904,-46.646339,-0.186812,0.108588,0.918285,-0.395915,-0.001872,0.000225
4010,0.029744,-7.072008,6.696229,0.681022,0.428332,0.050573,-46.623207,-0.173792,0.099402,0.918365,-0.395730,-0.001736,0.000196
4012,0.032765,-7.078496,6.692442,0.229935,0.282465,-0.101812,-46.608002,-0.166275,0.090206,0.918418,-0.395608,-0.001644,0.000149
4013,0.038961,-7.077837,6.703038,0.495537,0.069213,-0.332676,-46.595882,-0.167510,0.080972,0.918460,-0.395511,-0.001622,0.000071
4014,0.039597,-7.083221,6.697277,0.084796,0.060784,-0.347614,-46.586182,-0.174257,0.071606,0.918493,-0.395433,-0.001644,-0.000027
4015,0.044404,-7.082674,6.695916,-0.012953,-0.038571,-0.443199,-46.584957,-0.183577,0.062279,0.918497,-0.395424,-0.001686,-0.000134
4016,0.050341,-7.079298,6.696498,0.056218,-0.173970,-0.560101,-46.584198,-0.198159,0.053360,0.918500,-0.395417,-0.001772,-0.000256
4017,0.056759,-7.078109,6.699264,0.075741,-0.284985,-0.659645,-46.581970,-0.218182,0.044944,0.918507,-0.395400,-0.001904,-0.000393
4019,0.055551,-7.080499,6.693824,-0.144217,-0.152497,-0.522998,-46.583084,-0.237511,0.036692,0.918503,-0.395408,-0.002030,-0.000525
4020,0.051553,-7.079799,6.704596,0.283128,0.038823,-0.295950,-46.580738,-0.248727,0.028688,0.918511,-0.395390,-0.002093,-0.000628
4021,0.053214,-7.079759,6.705832,0.316940,0.049058,-0.299197,-46.570690,-0.254924,0.020805,0.918545,-0.395309,-0.002115,-0.000713
4022,0.049837,-7.079465,6.706975,0.391392,0.174287,-0.201738,-46.558853,-0.258428,0.012362,0.918586,-0.395214,-0.002114,-0.000792
4023,0.043524,-7.077810,6.710954,0.583943,0.356361,-0.016814,-46.542557,-0.254990,0.003436,0.918642,-0.395084,-0.002056,-0.000852
4024,0.041459,-7.068298,6.711860,0.758637,0.393466,0.016852,-46.520142,-0.246392,-0.005634,0.918720,-0.394905,-0.001956,-0.000894
4026,0.048728,-7.071436,6.709588,0.406897,0.136184,-0.238217,-46.500671,-0.242993,-0.014578,0.918787,-0.394749,-0.001898,-0.000954
4027,0.048263,-7.076422,6.713568,0.233003,0.116502,-0.237092,-46.489971,-0.245840,-0.023085,0.918823,-0.394663,-0.001892,-0.001032
4028,0.044929,-7.074123,6.718202,0.341493,0.223617,-0.102005,-46.480358,-0.246035,-0.031088,0.918857,-0.394586,-0.001866,-0.001096
4029,0.048302,-7.075109,6.718024,0.163163,0.130345,-0.195073,-46.471920,-0.245563,-0.038775,0.918886,-0.394518,-0.001836,-0.001156
4030,0.045617,-7.081668,6.719436,-0.130946,0.199589,-0.096203,-46.471348,-0.245295,-0.046105,0.918887,-0.394514,-0.001808,-0.001214
4031,0.040415,-7.085732,6.718387,-0.325389,0.357487,0.058104,-46.478928,-0.239362,-0.053275,0.918861,-0.394575,-0.001736,-0.001251
4033,0.037714,-7.080318,6.717482,-0.187490,0.409934,0.108905,-46.487434,-0.228537,-0.060633,0.918832,-0.394643,-0.001624,-0.001273
4034,0.037592,-7.084078,6.712909,-0.452976,0.346921,0.062611,-46.498085,-0.217779,-0.067814,0.918796,-0.394729,-0.001513,-0.001294
4035,0.036812,-7.086088,6.710730,-0.532367,0.314008,0.057261,-46.514481,-0.208748,-0.074431,0.918739,-0.394860,-0.001417,-0.001316
4036,0.037737,-7.087209,6.714244,-0.315482,0.236082,-0.027011,-46.528595,-0.202074,-0.080737,0.918691,-0.394974,-0.001342,-0.001344
4037,0.037572,-7.078229,6.716993,0.122219,0.210767,-0.062203,-46.531792,-0.198029,-0.087165,0.918680,-0.394999,-0.001287,-0.001381
4038,0.039260,-7.079128,6.717146,0.155790,0.148211,-0.139127,-46.527134,-0.196348,-0.093815,0.918696,-0.394962,-0.001251,-0.001429
4040,0.038342,-7.075638,6.719291,0.348509,0.172350,-0.120717,-46.518707,-0.195814,-0.100672,0.918724,-0.394894,-0.001223,-0.001482
4041,0.035107,-7.070554,6.722596,0.570114,0.261554,-0.047354,-46.503372,-0.192870,-0.107846,0.918777,-0.394772,-0.001175,-0.001529
4042,0.038818,-7.063949,6.724818,0.757421,0.152989,-0.176728,-46.481220,-0.190822,-0.115429,0.918854,-0.394594,-0.001133,-0.001583
4043,0.039639,-7.070457,6.724124,0.424735,0.122436,-0.219359,-46.461498,-0.192446,-0.123303,0.918921,-0.394436,-0.001119,-0.001651
4044,0.038585,-7.072454,6.724350,0.224626,0.152121,-0.175988,-46.450649,-0.194070,-0.131159,0.918959,-0.394349,-0.001105,-0.001720
4045,0.042199,-7.066325,6.725487,0.263114,0.057446,-0.262435,-46.442486,-0.196959,-0.138725,0.918986,-0.394284,-0.001102,-0.001790
4047,0.042393,-7.064795,6.727174,0.302719,0.061353,-0.250584,-46.433033,-0.201791,-0.146053,0.919019,-0.394208,-0.001116,-0.001866
4048,0.040959,-7.064478,6.726545,0.251244,0.117343,-0.181733,-46.423779,-0.204958,-0.153177,0.919050,-0.394134,-0.001117,-0.001933
4049,0.040559,-7.063772,6.728705,0.258564,0.125778,-0.139943,-46.415253,-0.206048,-0.159808,0.919080,-0.394066,-0.001103,-0.001990
4050,0.040015,-7.065251,6.734845,0.284804,0.151828,-0.108607,-46.406178,-0.205859,-0.166015,0.919111,-0.393993,-0.001080,-0.002039
4051,0.045614,-7.077153,6.732201,-0.186929,-0.003535,-0.286259,-46.404526,-0.208921,-0.172343,0.919116,-0.393980,-0.001083,-0.002101
4052,0.042614,-7.073856,6.729126,-0.239401,0.097088,-0.169889,-46.411606,-0.213352,-0.178715,0.919092,-0.394037,-0.001097,-0.002167
4054,0.045704,-7.077775,6.726419,-0.451558,0.026121,-0.225165,-46.423103,-0.216706,-0.184741,0.919052,-0.394129,-0.001103,-0.002227
4055,0.046679,-7.074236,6.730286,-0.123771,0.021641,-0.236469,-46.432671,-0.221732,-0.190621,0.919019,-0.394206,-0.001123,-0.002292
4056,0.051074,-7.082345,6.724237,-0.455676,-0.080747,-0.343726,-46.442303,-0.229417,-0.196572,0.918985,-0.394283,-0.001164,-0.002366
4057,0.042168,-7.072032,6.724896,-0.082904,0.204026,-0.043217,-46.451256,-0.232676,-0.202504,0.918954,-0.394355,-0.001169,-0.002425
4058,0.047631,-7.083697,6.723213,-0.401948,0.069708,-0.175284,-46.459312,-0.232172,-0.208320,0.918927,-0.394420,-0.001145,-0.002470
4059,0.049398,-7.082839,6.724569,-0.230594,0.011602,-0.239944,-46.469833,-0.236256,-0.214069,0.918890,-0.394504,-0.001158,-0.002530
4060,0.051809,-7.077138,6.717852,-0.226370,-0.041148,-0.295607,-46.477413,-0.243067,-0.219859,0.918864,-0.394565,-0.001192,-0.002600
4061,0.050514,-7.070758,6.718296,-0.029722,0.020838,-0.216261,-46.481663,-0.249486,-0.225489,0.918849,-0.394599,-0.001224,-0.002667
4062,0.058644,-7.073890,6.714473,-0.204265,-0.179029,-0.411970,-46.485542,-0.258894,-0.230787,0.918835,-0.394630,-0.001281,-0.002742
4063,0.059129,-7.069316,6.717967,0.079535,-0.148261,-0.387346,-46.487591,-0.272311,-0.236003,0.918827,-0.394647,-0.001371,-0.002830
4064,0.054587,-7.066519,6.714263,0.045924,0.054922,-0.187609,-46.485474,-0.280332,-0.241473,0.918834,-0.394630,-0.001416,-0.002902
4065,0.055774,-7.073255,6.713336,-0.129358,0.067426,-0.191512,-46.486847,-0.283510,-0.247303,0.918830,-0.394641,-0.001422,-0.002959
4066,0.051646,-7.068915,6.712649,0.113845,0.196429,-0.088328,-46.487068,-0.283865,-0.253703,0.918829,-0.394643,-0.001402,-0.003012
4067,0.046580,-7.061537,6.716035,0.611743,0.337774,0.034136,-46.474941,-0.278389,-0.260781,0.918870,-0.394546,-0.001334,-0.003050
4068,0.051742,-7.049766,6.720683,1.121679,0.159517,-0.171188,-46.446007,-0.274335,-0.268363,0.918970,-0.394314,-0.001277,-0.003096
4069,0.051255,-7.046359,6.726331,1.191991,0.151043,-0.169488,-46.407417,-0.274881,-0.276026,0.919102,-0.394004,-0.001256,-0.003159
4070,0.046883,-7.050518,6.726019,0.661611,0.270594,-0.011674,-46.376488,-0.272220,-0.283197,0.919208,-0.393756,-0.001211,-0.003207
4071,0.048467,-7.049516,6.731710,0.601838,0.214658,-0.050441,-46.355404,-0.267389,-0.289765,0.919281,-0.393587,-0.001150,-0.003243
4072,0.050835,-7.058994,6.734787,0.163789,0.122719,-0.118529,-46.342617,-0.265545,-0.295778,0.919325,-0.393485,-0.001115,-0.003285
4073,0.045364,-7.069695,6.733988,-0.388768,0.270100,0.052458,-46.346333,-0.261822,-0.301275,0.919312,-0.393515,-0.001066,-0.003316
4074,0.047821,-7.073955,6.734042,-0.497047,0.179528,-0.041745,-46.361073,-0.256521,-0.306574,0.919261,-0.393633,-0.001005,-0.003341
4075,0.049183,-7.068460,6.733934,-0.209444,0.118666,-0.110537,-46.372826,-0.254929,-0.311923,0.919221,-0.393727,-0.000973,-0.003378
4076,0.044035,-7.076363,6.732894,-0.436859,0.261584,0.053946,-46.383575,-0.251239,-0.317162,0.919184,-0.393813,-0.000925,-0.003408
4077,0.043302,-7.077179,6.734690,-0.363414,0.268165,0.052361,-46.396896,-0.243867,-0.322332,0.919138,-0.393920,-0.000848,-0.003424
4078,0.042561,-7.081403,6.731914,-0.518053,0.251857,0.045087,-46.411556,-0.236714,-0.327489,0.919088,-0.394038,-0.000772,-0.003441
4079,0.037462,-7.079733,6.734831,-0.322610,0.371639,0.172011,-46.425549,-0.226929,-0.332522,0.919040,-0.394150,-0.000676,-0.003447
4080,0.041038,-7.089886,6.737931,-0.486692,0.224099,0.023610,-46.439018,-0.217723,-0.337469,0.918993,-0.394258,-0.000585,-0.003456
4081,0.051670,-7.085275,6.735945,-0.369978,-0.122492,-0.347866,-46.453281,-0.220473,-0.342421,0.918944,-0.394372,-0.000590,-0.003505
4082,0.050712,-7.082058,6.732666,-0.336210,-0.076396,-0.294316,-46.465034,-0.230515,-0.347391,0.918903,-0.394466,-0.000653,-0.003579
4083,0.053961,-7.080848,6.730553,-0.218519,-0.112361,-0.354413,-46.474258,-0.240521,-0.352557,0.918871,-0.394541,-0.000715,-0.003655
4084,0.054963,-7.078424,6.725022,-0.158477,-0.097972,-0.345097,-46.480518,-0.251388,-0.358044,0.918849,-0.394591,-0.000783,-0.003737
4085,0.053176,-7.064705,6.727490,0.397788,0.008367,-0.242708,-46.476494,-0.259521,-0.363708,0.918862,-0.394559,-0.000829,-0.003810
4086,0.048875,-7.065256,6.727052,0.354783,0.173757,-0.062405,-46.463932,-0.261117,-0.369411,0.918905,-0.394458,-0.000822,-0.003861
4087,0.045245,-7.065653,6.729879,0.423695,0.281410,0.048143,-46.450932,-0.256063,-0.375074,0.918950,-0.394354,-0.000763,-0.003889
4088,0.044389,-7.060169,6.734070,0.619068,0.284763,0.051884,-46.433529,-0.248352,-0.380764,0.919010,-0.394214,-0.000682,-0.003908
4089,0.048608,-7.067558,6.731270,0.147985,0.133242,-0.111079,-46.420712,-0.244265,-0.386491,0.919054,-0.394112,-0.000630,-0.003940
4090,0.048655,-7.070123,6.730554,-0.009701,0.107161,-0.152266,-46.418385,-0.244683,-0.392419,0.919062,-0.394093,-0.000613,-0.003989
4091,0.050719,-7.068711,6.727213,-0.050334,0.042332,-0.217989,-46.419361,-0.247435,-0.398478,0.919058,-0.394101,-0.000614,-0.004047
4092,0.054935,-7.073210,6.721756,-0.411308,-0.052620,-0.316621,-46.427029,-0.254009,-0.404496,0.919031,-0.394162,-0.000646,-0.004118
4093,0.053447,-7.068706,6.720755,-0.275204,0.027223,-0.246247,-46.438442,-0.261098,-0.410655,0.918992,-0.394254,-0.000681,-0.004192
4094,0.054707,-7.066456,6.722701,-0.088833,0.023307,-0.248587,-46.444481,-0.266494,-0.416948,0.918971,-0.394303,-0.000702,-0.004261
4095,0.052248,-7.067919,6.720008,-0.165205,0.138470,-0.132609,-46.448677,-0.269240,-0.423280,0.918956,-0.394337,-0.000703,-0.004321
4096,0.046984,-7.069757,6.721122,-0.145508,0.302720,0.027776,-46.453835,-0.265441,-0.429814,0.918938,-0.394378,-0.000649,-0.004360
4097,0.045749,-7.068491,6.722423,-0.011918,0.312117,0.023577,-46.456425,-0.257761,-0.436652,0.918929,-0.394398,-0.000564,-0.004389
4098,0.041689,-7.067882,6.720660,-0.018378,0.371502,0.103933,-46.456902,-0.248371,-0.443446,0.918927,-0.394402,-0.000466,-0.004411
4099,0.038287,-7.064802,6.720833,0.112522,0.418081,0.146501,-46.455303,-0.236280,-0.450110,0.918933,-0.394389,-0.000346,-0.004423
4100,0.042662,-7.070528,6.722371,0.029178,0.226887,-0.057944,-46.452915,-0.227804,-0.456884,0.918941,-0.394370,-0.000254,-0.004448
4101,0.047336,-7.064948,6.725336,0.345882,0.052472,-0.245715,-46.446644,-0.228264,-0.463746,0.918962,-0.394319,-0.000235,-0.004504
4102,0.047084,-7.057605,6.727364,0.598160,0.060368,-0.232475,-46.430878,-0.232743,-0.470601,0.919016,-0.394193,-0.000248,-0.004575
4103,0.052775,-7.060993,6.726752,0.356665,-0.075202,-0.370773,-46.414932,-0.240197,-0.477352,0.919071,-0.394065,-0.000285,-0.004655
4104,0.055074,-7.065814,6.730058,0.229710,-0.104061,-0.396968,-46.405125,-0.251525,-0.484011,0.919104,-0.393987,-0.000353,-0.004747
4105,0.054847,-7.058715,6.730520,0.400627,-0.047916,-0.327919,-46.394592,-0.262021,-0.490508,0.919139,-0.393903,-0.000416,-0.004835
4106,0.054125,-7.058843,6.730869,0.293983,0.019955,-0.256010,-46.382988,-0.269389,-0.496884,0.919179,-0.393810,-0.000453,-0.004911
4107,0.055633,-7.058558,6.734150,0.352031,0.007007,-0.273968,-46.372192,-0.275473,-0.503303,0.919215,-0.393724,-0.000481,-0.004984
4108,0.053940,-7.053668,6.738809,0.578254,0.088060,-0.199578,-46.356655,-0.280092,-0.509896,0.919268,-0.393599,-0.000496,-0.005053
4109,0.054180,-7.050543,6.735672,0.411620,0.105469,-0.183662,-46.340115,-0.282487,-0.516639,0.919325,-0.393467,-0.000492,-0.005115
4110,0.052449,-7.057428,6.737825,0.152213,0.155558,-0.118121,-46.330692,-0.283122,-0.523259,0.919357,-0.393391,-0.000475,-0.005170
4111,0.053802,-7.058806,6.736768,-0.008713,0.121272,-0.139358,-46.328274,-0.283040,-0.529560,0.919365,-0.393372,-0.000453,-0.005220
4112,0.051518,-7.071333,6.732778,-0.587991,0.184874,-0.047850,-46.338188,-0.281774,-0.535405,0.919330,-0.393451,-0.000422,-0.005263
4113,0.053574,-7.078183,6.729817,-0.819004,0.104901,-0.111143,-46.361599,-0.280358,-0.540729,0.919250,-0.393639,-0.000392,-0.005301
4114,0.050923,-7.085567,6.729665,-0.888340,0.167748,-0.027964,-46.390045,-0.278901,-0.545618,0.919152,-0.393867,-0.000362,-0.005335
4115,0.052786,-7.086952,6.726448,-0.866964,0.109591,-0.088136,-46.419270,-0.277115,-0.550300,0.919051,-0.394101,-0.000330,-0.005367
4116,0.053513,-7.082143,6.729584,-0.416305,0.072642,-0.137364,-46.440639,-0.277745,-0.555091,0.918977,-0.394273,-0.000318,-0.005407
4117,0.055206,-7.075818,6.730685,-0.030674,0.022387,-0.195624,-46.448063,-0.280675,-0.560063,0.918952,-0.394332,-0.000324,-0.005457
4118,0.049271,-7.072431,6.731655,0.165898,0.212482,-0.014173,-46.445786,-0.280512,-0.565309,0.918959,-0.394314,-0.000304,-0.005499
4119,0.049987,-7.060738,6.737185,0.740517,0.187872,-0.046277,-46.430641,-0.276644,-0.570839,0.919011,-0.394193,-0.000255,-0.005530
4120,0.046414,-7.060008,6.734829,0.577621,0.264946,0.039224,-46.408646,-0.271526,-0.576387,0.919087,-0.394016,-0.000196,-0.005557
4121,0.041430,-7.061861,6.733055,0.298521,0.394338,0.165605,-46.394028,-0.261477,-0.581990,0.919137,-0.393899,-0.000097,-0.005567
4122,0.046712,-7.067720,6.729910,-0.022319,0.201269,-0.041103,-46.389397,-0.253127,-0.587747,0.919153,-0.393861,-0.000010,-0.005584
4123,0.048825,-7.071070,6.727907,-0.171127,0.097552,-0.137948,-46.392597,-0.251853,-0.593412,0.919142,-0.393887,0.000020,-0.005626
4124,0.051311,-7.066847,6.725894,-0.098175,0.028168,-0.223928,-46.397064,-0.254775,-0.599089,0.919126,-0.393923,0.000016,-0.005681
4125,0.054853,-7.065944,6.728848,0.058808,-0.063575,-0.314809,-46.397694,-0.261684,-0.604854,0.919123,-0.393928,-0.000020,-0.005751
4126,0.056708,-7.069867,6.728771,-0.034996,-0.091892,-0.325056,-46.397266,-0.271194,-0.610333,0.919124,-0.393925,-0.000077,-0.005828
4127,0.052413,-7.065391,6.731334,0.174342,0.071573,-0.159104,-46.394920,-0.277271,-0.615653,0.919132,-0.393906,-0.000108,-0.005891
4128,0.054909,-7.058454,6.734377,0.417734,0.035202,-0.213149,-46.385025,-0.280535,-0.621221,0.919165,-0.393827,-0.000115,-0.005947
4129,0.050847,-7.065933,6.740948,0.279857,0.168807,-0.076916,-46.373371,-0.281689,-0.627017,0.919205,-0.393734,-0.000105,-0.005998
4130,0.048572,-7.058404,6.741734,0.413842,0.243261,-0.007735,-46.361782,-0.277972,-0.632962,0.919245,-0.393640,-0.000056,-0.006033
4131,0.044974,-7.051361,6.743340,0.580451,0.327369,0.077819,-46.345184,-0.270562,-0.639038,0.919302,-0.393507,0.000024,-0.006056
4133,0.043196,-7.036837,6.744361,0.892507,0.351032,0.096955,-46.320610,-0.260648,-0.645205,0.919386,-0.393310,0.000123,-0.006071
4134,0.041169,-7.045494,6.743741,0.359671,0.358374,0.130636,-46.299706,-0.249738,-0.651134,0.919458,-0.393141,0.000230,-0.006081
4135,0.041165,-7.040985,6.739512,0.164131,0.293824,0.088966,-46.290955,-0.239582,-0.656464,0.919488,-0.393071,0.000329,-0.006089
4136,0.042784,-7.042834,6.737015,-0.031615,0.201063,-0.002426,-46.288731,-0.232840,-0.661430,0.919496,-0.393053,0.000400,-0.006106
4137,0.046939,-7.047534,6.736137,-0.126072,0.054717,-0.180600,-46.291332,-0.232099,-0.666619,0.919486,-0.393073,0.000424,-0.006145
4138,0.046739,-7.062643,6.739902,-0.403560,0.050146,-0.181773,-46.300140,-0.235258,-0.672056,0.919456,-0.393144,0.000418,-0.006200
4139,0.047364,-7.060564,6.736053,-0.365343,0.045601,-0.188060,-46.312931,-0.238612,-0.677468,0.919412,-0.393247,0.000410,-0.006255
4140,0.046420,-7.059202,6.733622,-0.272883,0.086917,-0.131405,-46.323547,-0.240937,-0.682742,0.919375,-0.393332,0.000410,-0.006305
4141,0.044980,-7.057435,6.740461,0.094563,0.145075,-0.075808,-46.326485,-0.240765,-0.687924,0.919364,-0.393356,0.000430,-0.006346
4142,0.041748,-7.053045,6.744249,0.298996,0.236678,0.032290,-46.319904,-0.236895,-0.693026,0.919387,-0.393303,0.000478,-0.006373
4143,0.040619,-7.049574,6.744342,0.310082,0.251400,0.053442,-46.309738,-0.230243,-0.697922,0.919422,-0.393221,0.000548,-0.006390
4144,0.040401,-7.048489,6.750241,0.451020,0.224645,0.018683,-46.297035,-0.223893,-0.702828,0.919465,-0.393119,0.000615,-0.006408
4145,0.039981,-7.053204,6.759283,0.575730,0.213159,-0.019720,-46.279903,-0.218863,-0.708114,0.919524,-0.392981,0.000672,-0.006433
4146,0.036019,-7.058074,6.756088,0.265559,0.298829,0.056728,-46.265854,-0.212519,-0.713854,0.919572,-0.392868,0.000742,-0.006457
4147,0.045108,-7.056852,6.756371,0.195070,0.003847,-0.244896,-46.258160,-0.211298,-0.719667,0.919598,-0.392806,0.000771,-0.006500
4148,0.043301,-7.056535,6.756699,0.089747,0.058226,-0.191276,-46.253391,-0.215834,-0.725441,0.919614,-0.392768,0.000754,-0.006562
4149,0.043848,-7.060025,6.755391,-0.124236,0.062839,-0.170172,-46.253944,-0.218791,-0.731064,0.919612,-0.392773,0.000750,-0.006617
4150,0.050581,-7.061703,6.747081,-0.472577,-0.123063,-0.333456,-46.263870,-0.225549,-0.736143,0.919577,-0.392852,0.000714,-0.006681
4151,0.054210,-7.051244,6.751342,0.011180,-0.195758,-0.404545,-46.271545,-0.238110,-0.740806,0.919550,-0.392915,0.000629,-0.006761
4152,0.049196,-7.060078,6.750185,-0.298119,0.012142,-0.180087,-46.276310,-0.247267,-0.745330,0.919533,-0.392953,0.000572,-0.006829
4153,0.055794,-7.059956,6.749702,-0.300047,-0.138451,-0.328201,-46.286259,-0.254845,-0.749663,0.919498,-0.393033,0.000526,-0.006890
4154,0.056651,-7.053532,6.750547,-0.105338,-0.119759,-0.306264,-46.292999,-0.265462,-0.753860,0.919475,-0.393088,0.000456,-0.006960
4155,0.055579,-7.054018,6.750529,-0.156433,-0.039298,-0.233063,-46.297329,-0.273792,-0.758154,0.919459,-0.393123,0.000404,-0.007023
4156,0.050050,-7.060416,6.749478,-0.384632,0.165500,-0.033222,-46.306332,-0.275547,-0.762741,0.919428,-0.393195,0.000406,-0.007065
4157,0.049188,-7.047763,6.746904,-0.006664,0.199615,-0.007657,-46.312828,-0.271836,-0.767611,0.919405,-0.393247,0.000453,-0.007092
4158,0.047639,-7.044677,6.743133,0.078704,0.223515,0.017311,-46.311607,-0.266849,-0.772600,0.919409,-0.393237,0.000510,-0.007115
4159,0.045567,-7.043081,6.743936,0.264558,0.262934,0.029015,-46.305851,-0.260690,-0.777929,0.919429,-0.393191,0.000578,-0.007136
4160,0.041907,-7.031962,6.745893,0.693666,0.337391,0.091085,-46.289856,-0.252330,-0.783779,0.919484,-0.393062,0.000664,-0.007155
4161,0.036105,-7.005516,6.748261,1.420820,0.450130,0.232631,-46.254593,-0.239358,-0.789534,0.919605,-0.392778,0.000785,-0.007157
4162,0.033916,-7.019877,6.747891,0.713084,0.454737,0.239935,-46.218998,-0.223239,-0.794978,0.919727,-0.392492,0.000931,-0.007145
4163,0.030298,-7.022592,6.752170,0.618857,0.478091,0.251862,-46.196785,-0.206563,-0.800529,0.919804,-0.392313,0.001083,-0.007133
4164,0.033309,-7.030808,6.750917,0.281902,0.303205,0.081319,-46.181755,-0.193541,-0.806082,0.919855,-0.392191,0.001205,-0.007133
4165,0.037821,-7.037812,6.752461,0.035210,0.123776,-0.109450,-46.176441,-0.188952,-0.811541,0.919873,-0.392148,0.001260,-0.007161
4166,0.051256,-7.058547,6.747086,-0.756952,-0.276666,-0.518530,-46.188461,-0.198268,-0.816949,0.919831,-0.392245,0.001205,-0.007236
4167,0.052412,-7.099840,6.731893,-2.120372,-0.283619,-0.509740,-46.236393,-0.217103,-0.822067,0.919666,-0.392631,0.001074,-0.007342
4168,0.053929,-7.083721,6.735741,-0.855319,-0.258932,-0.512065,-46.285965,-0.235659,-0.827306,0.919495,-0.393030,0.000947,-0.007447
4169,0.052344,-7.084084,6.738003,-0.372072,-0.137952,-0.395053,-46.306404,-0.251158,-0.832972,0.919424,-0.393194,0.000843,-0.007545
4170,0.050306,-7.083313,6.737241,-0.237626,-0.020319,-0.259762,-46.316536,-0.260872,-0.838603,0.919388,-0.393276,0.000785,-0.007624
4171,0.048764,-7.082828,6.744081,0.080729,0.058083,-0.166575,-46.319122,-0.265576,-0.843966,0.919379,-0.393297,0.000766,-0.007683
4172,0.053619,-7.048018,6.764580,1.609881,-0.057609,-0.293691,-46.290928,-0.271117,-0.849271,0.919475,-0.393071,0.000738,-0.007745
4173,0.049209,-7.060425,6.766697,0.724584,0.103208,-0.079717,-46.251991,-0.275088,-0.854123,0.919608,-0.392759,0.000720,-0.007797
4174,0.051739,-7.045470,6.767795,0.779777,0.051300,-0.112342,-46.226894,-0.275619,-0.858197,0.919694,-0.392557,0.000728,-0.007832
4175,0.052861,-7.047667,6.766976,0.444211,0.012023,-0.125057,-46.206478,-0.277745,-0.861697,0.919763,-0.392394,0.000721,-0.007868
4176,0.047718,-7.040775,6.767711,0.459642,0.175639,0.028061,-46.191399,-0.276747,-0.865073,0.919815,-0.392273,0.000740,-0.007891
4177,0.043422,-7.029710,6.763752,0.533732,0.296471,0.160834,-46.174828,-0.269028,-0.868571,0.919872,-0.392139,0.000813,-0.007893
4178,0.049852,-7.029974,6.758567,0.201633,0.080642,-0.060827,-46.162560,-0.263473,-0.871951,0.919914,-0.392040,0.000868,-0.007901
4179,0.045751,-7.036280,6.766702,0.198511,0.173274,0.026683,-46.155876,-0.260952,-0.875398,0.919937,-0.391986,0.000900,-0.007920
4180,0.045223,-7.031296,6.765114,0.295530,0.177127,0.024238,-46.147625,-0.256294,-0.879021,0.919965,-0.391920,0.000949,-0.007934
4181,0.054041,-7.040816,6.761439,-0.152875,-0.100389,-0.250944,-46.145222,-0.258133,-0.882561,0.919972,-0.391901,0.000946,-0.007968
4182,0.054339,-7.039624,6.764575,-0.000079,-0.100957,-0.250634,-46.147758,-0.266486,-0.885933,0.919963,-0.391922,0.000891,-0.008024
4183,0.055072,-7.047074,6.762556,-0.229683,-0.073904,-0.233321,-46.151577,-0.274322,-0.889420,0.919950,-0.391953,0.000840,-0.008079
4184,0.055016,-7.047107,6.758096,-0.340692,-0.027570,-0.186183,-46.161068,-0.280536,-0.893043,0.919917,-0.392029,0.000803,-0.008129
4185,0.054907,-7.054973,6.765222,-0.292762,0.012118,-0.162238,-46.171604,-0.284903,-0.896879,0.919880,-0.392114,0.000782,-0.008175
4186,0.052609,-7.066107,6.760746,-0.695018,0.096476,-0.074701,-46.188049,-0.286499,-0.900919,0.919823,-0.392246,0.000784,-0.008213
4187,0.052645,-7.069244,6.761356,-0.672179,0.109871,-0.076616,-46.210815,-0.285939,-0.905146,0.919745,-0.392429,0.000805,-0.008244
4188,0.053878,-7.062938,6.761123,-0.281474,0.052832,-0.124013,-46.226692,-0.286477,-0.909418,0.919691,-0.392556,0.000816,-0.008280
4189,0.052257,-7.064731,6.758808,-0.309669,0.087654,-0.074877,-46.236515,-0.287251,-0.913402,0.919656,-0.392635,0.000824,-0.008315
4190,0.050177,-7.060241,6.757314,-0.108998,0.154931,-0.002912,-46.243477,-0.285391,-0.917219,0.919632,-0.392691,0.000853,-0.008339
4191,0.048697,-7.049555,6.758107,0.309422,0.186748,0.010878,-46.240120,-0.281357,-0.921240,0.919644,-0.392663,0.000899,-0.008358
4192,0.047360,-7.038471,6.765289,0.806392,0.206552,0.026475,-46.221500,-0.276373,-0.925543,0.919708,-0.392514,0.000952,-0.008375
4193,0.050699,-7.066031,6.760108,-0.289370,0.093782,-0.079444,-46.212868,-0.273546,-0.929768,0.919737,-0.392444,0.000989,-0.008400
4194,0.053715,-7.062748,6.755455,-0.388584,-0.009807,-0.186647,-46.224148,-0.275780,-0.933847,0.919698,-0.392535,0.000985,-0.008440
4195,0.051153,-7.063582,6.759509,-0.225343,0.074877,-0.117856,-46.234348,-0.278695,-0.938141,0.919662,-0.392617,0.000977,-0.008484
4196,0.047185,-7.069605,6.757883,-0.333175,0.204564,0.029103,-46.243641,-0.276542,-0.942527,0.919630,-0.392691,0.001010,-0.008512
4197,0.049132,-7.074845,6.752506,-0.592878,0.128936,-0.020331,-46.259056,-0.272593,-0.946442,0.919578,-0.392815,0.001057,-0.008530
4198,0.040235,-7.039271,6.769862,1.051504,0.366142,0.202477,-46.251392,-0.264694,-0.950304,0.919604,-0.392753,0.001133,-0.008534
4199,0.043947,-7.042089,6.772948,0.964780,0.224354,0.068453,-46.217766,-0.254625,-0.954287,0.919719,-0.392482,0.001225,-0.008531
4200,0.044261,-7.036165,6.770289,0.712678,0.151581,0.049182,-46.189800,-0.248874,-0.957452,0.919815,-0.392257,0.001280,-0.008537
4201,0.047131,-7.031540,6.774670,0.755442,0.029982,-0.068173,-46.165314,-0.247007,-0.959855,0.919899,-0.392061,0.001301,-0.008551
4202,0.051780,-7.033234,6.769696,0.364272,-0.112897,-0.214543,-46.146652,-0.251362,-0.962122,0.919962,-0.391911,0.001272,-0.008584
4203,0.053906,-7.037168,6.767333,0.047078,-0.156235,-0.248258,-46.139771,-0.260032,-0.964231,0.919985,-0.391856,0.001210,-0.008631
4204,0.057912,-7.041047,6.767655,-0.071409,-0.231291,-0.335904,-46.140167,-0.271527,-0.966320,0.919983,-0.391860,0.001124,-0.008687
4205,0.061950,-7.052514,6.764862,-0.405697,-0.283080,-0.413288,-46.148109,-0.286471,-0.968789,0.919955,-0.391925,0.001014,-0.008758
4206,0.065025,-7.047637,6.771415,-0.006827,-0.281234,-0.423938,-46.154972,-0.303050,-0.971673,0.919931,-0.391981,0.000891,-0.008837
4207,0.061277,-7.052490,6.770032,-0.146847,-0.089748,-0.236092,-46.157516,-0.315266,-0.974834,0.919921,-0.392002,0.000804,-0.008904
4208,0.060883,-7.049822,6.769778,-0.095829,-0.007166,-0.171120,-46.161545,-0.321280,-0.978370,0.919907,-0.392035,0.000768,-0.008953
4209,0.053919,-7.044224,6.773496,0.187835,0.231575,0.070048,-46.159988,-0.319905,-0.982234,0.919912,-0.392022,0.000792,-0.008980
4210,0.053407,-7.038670,6.770220,0.271672,0.240211,0.064848,-46.152309,-0.312836,-0.986348,0.919938,-0.391960,0.000862,-0.008989
4211,0.054487,-7.039805,6.771327,0.190876,0.175228,-0.003860,-46.144581,-0.307307,-0.990637,0.919964,-0.391897,0.000921,-0.009004
4212,0.053303,-7.035730,6.774671,0.382290,0.184117,-0.003499,-46.135002,-0.303245,-0.995040,0.919997,-0.391820,0.000968,-0.009026
4213,0.054755,-7.048543,6.769543,-0.249861,0.123275,-0.047095,-46.132774,-0.300303,-0.999318,0.920004,-0.391802,0.001006,-0.009050
4214,0.056712,-7.050375,6.768619,-0.332710,0.057667,-0.140759,-46.142464,-0.300471,-1.003662,0.919971,-0.391880,0.001020,-0.009085
4215,0.057363,-7.057785,6.772383,-0.385343,0.035087,-0.150092,-46.154404,-0.302896,-1.008136,0.919930,-0.391976,0.001017,-0.009130
4216,0.055486,-7.062409,6.765610,-0.647219,0.088326,-0.074077,-46.171593,-0.304166,-1.012207,0.919870,-0.392114,0.001022,-0.009166
4217,0.060661,-7.066136,6.767881,-0.658517,-0.049875,-0.208110,-46.193340,-0.307116,-1.015926,0.919796,-0.392289,0.001013,-0.009206
4218,0.061362,-7.062300,6.765355,-0.444860,-0.067705,-0.212524,-46.211704,-0.313532,-1.019364,0.919732,-0.392436,0.000974,-0.009256
4219,0.058013,-7.058030,6.769021,-0.052998,0.064359,-0.073334,-46.219982,-0.317010,-1.022620,0.919703,-0.392503,0.000958,-0.009294
4220,0.057779,-7.048501,6.767549,0.210737,0.093775,-0.042180,-46.217335,-0.316577,-1.025855,0.919712,-0.392482,0.000973,-0.009318
4221,0.060393,-7.049017,6.769767,0.209633,0.011778,-0.127716,-46.210308,-0.317404,-1.029085,0.919736,-0.392425,0.000976,-0.009347
4222,0.054599,-7.037719,6.769757,0.577770,0.178555,0.036556,-46.197166,-0.316305,-1.032426,0.919781,-0.392320,0.000996,-0.009370
4223,0.055178,-7.035271,6.768798,0.542388,0.153112,0.009060,-46.178486,-0.311929,-1.035889,0.919845,-0.392170,0.001041,-0.009383
4224,0.058554,-7.037474,6.761031,0.112764,0.027405,-0.106038,-46.167545,-0.311012,-1.039179,0.919882,-0.392082,0.001059,-0.009406
4225,0.056548,-7.036542,6.766416,0.219249,0.090094,-0.067854,-46.161991,-0.311746,-1.042598,0.919900,-0.392037,0.001064,-0.009436
4226,0.056994,-7.039120,6.762814,0.001821,0.098292,-0.065970,-46.158287,-0.311180,-1.046408,0.919913,-0.392007,0.001081,-0.009465
4227,0.055819,-7.049616,6.763177,-0.288986,0.130539,-0.037609,-46.163052,-0.309784,-1.050355,0.919896,-0.392045,0.001107,-0.009492
4228,0.054066,-7.046953,6.765791,-0.082719,0.180432,-0.001110,-46.169228,-0.306660,-1.054540,0.919875,-0.392095,0.001146,-0.009515
4229,0.053683,-7.052210,6.764229,-0.259566,0.176013,-0.004545,-46.174908,-0.302614,-1.058891,0.919855,-0.392140,0.001194,-0.009536
4230,0.053649,-7.043118,6.766016,0.120612,0.150254,-0.024613,-46.177204,-0.299199,-1.063151,0.919847,-0.392158,0.001236,-0.009558
4231,0.053419,-7.041972,6.764202,0.107931,0.141414,-0.046046,-46.173374,-0.296683,-1.067474,0.919860,-0.392127,0.001271,-0.009584
4232,0.054977,-7.032405,6.763124,0.291108,0.073773,-0.103913,-46.166702,-0.296002,-1.071792,0.919883,-0.392074,0.001291,-0.009617
4233,0.057101,-7.032926,6.766056,0.304243,0.007416,-0.177631,-46.156754,-0.298449,-1.076018,0.919916,-0.391994,0.001285,-0.009659
4234,0.057811,-7.036028,6.769812,0.248342,-0.003379,-0.183774,-46.147522,-0.302747,-1.080239,0.919947,-0.391920,0.001264,-0.009708
4236,0.059191,-7.043375,6.764310,-0.224940,-0.023250,-0.201100,-46.147114,-0.307680,-1.084363,0.919948,-0.391917,0.001238,-0.009758
4237,0.059470,-7.041480,6.768167,-0.038305,-0.006423,-0.197062,-46.151478,-0.312808,-1.088604,0.919932,-0.391952,0.001212,-0.009809
4238,0.061037,-7.047062,6.764592,-0.217434,-0.019146,-0.205766,-46.155720,-0.317945,-1.092948,0.919917,-0.391987,0.001186,-0.009862
4239,0.060104,-7.050274,6.757472,-0.479410,0.039894,-0.153185,-46.167313,-0.322021,-1.097341,0.919877,-0.392080,0.001169,-0.009911
4240,0.057135,-7.037395,6.759559,0.066531,0.138753,-0.058699,-46.174168,-0.322507,-1.101934,0.919853,-0.392135,0.001182,-0.009949
4241,0.055069,-7.035109,6.759275,0.224600,0.200042,0.002762,-46.169289,-0.319269,-1.106653,0.919870,-0.392096,0.001224,-0.009976
4242,0.047630,-7.030793,6.763952,0.445976,0.398586,0.219909,-46.158085,-0.309682,-1.111280,0.919908,-0.392005,0.001315,-0.009981
4243,0.048266,-7.030045,6.769144,0.496895,0.334800,0.140555,-46.142353,-0.296881,-1.115933,0.919962,-0.391878,0.001433,-0.009975
4244,0.047581,-7.027819,6.772983,0.524209,0.284951,0.120627,-46.125298,-0.286585,-1.120363,0.920021,-0.391740,0.001529,-0.009975
4245,0.047078,-7.026892,6.773695,0.426485,0.248996,0.097584,-46.109436,-0.277795,-1.124256,0.920075,-0.391612,0.001612,-0.009977
4246,0.046513,-7.038191,6.774071,-0.004516,0.220535,0.078725,-46.102386,-0.270252,-1.127858,0.920099,-0.391555,0.001684,-0.009980
4247,0.049581,-7.050887,6.764755,-0.721294,0.076320,-0.041335,-46.114468,-0.266373,-1.130992,0.920058,-0.391651,0.001727,-0.009992
4248,0.048561,-7.044981,6.763156,-0.516218,0.084963,-0.023084,-46.135082,-0.265284,-1.133674,0.919987,-0.391817,0.001746,-0.010009
4249,0.051211,-7.038637,6.764396,-0.107407,0.012575,-0.119512,-46.145466,-0.265871,-1.136493,0.919951,-0.391900,0.001752,-0.010033
4250,0.053320,-7.046899,6.759150,-0.446638,-0.045297,-0.165472,-46.154686,-0.269674,-1.139390,0.919919,-0.391974,0.001732,-0.010070
4251,0.061435,-7.039794,6.754581,-0.379534,-0.254214,-0.388686,-46.168438,-0.279793,-1.142187,0.919872,-0.392085,0.001662,-0.010126
4252,0.064317,-7.028873,6.760273,0.253083,-0.278244,-0.433523,-46.170532,-0.295825,-1.145275,0.919863,-0.392103,0.001544,-0.010206
4253,0.064154,-7.043190,6.760664,-0.140630,-0.199853,-0.353590,-46.168644,-0.310806,-1.148613,0.919869,-0.392089,0.001435,-0.010284
4254,0.060852,-7.047556,6.761216,-0.247891,-0.031652,-0.194253,-46.175098,-0.320066,-1.152152,0.919846,-0.392142,0.001373,-0.010344
4255,0.059133,-7.047452,6.763956,-0.077368,0.076671,-0.115076,-46.180496,-0.323266,-1.156263,0.919827,-0.392185,0.001362,-0.010388
4256,0.047431,-7.056479,6.769789,-0.094361,0.421550,0.249436,-46.183334,-0.315901,-1.160704,0.919817,-0.392207,0.001437,-0.010398
4257,0.041633,-7.052290,6.768711,0.050717,0.552011,0.378393,-46.184040,-0.297116,-1.165167,0.919815,-0.392212,0.001603,-0.010370
4258,0.040570,-7.037288,6.769622,0.523037,0.502378,0.319762,-46.174454,-0.276553,-1.169790,0.919849,-0.392133,0.001783,-0.010337
4259,0.037131,-7.044482,6.765599,0.060359,0.494777,0.337815,-46.164703,-0.257138,-1.174188,0.919883,-0.392053,0.001953,-0.010306
4260,0.035371,-7.038118,6.765071,0.140875,0.444447,0.288030,-46.161335,-0.238772,-1.178256,0.919895,-0.392025,0.002114,-0.010276
4261,0.041996,-7.031538,6.756138,0.033845,0.174372,-0.002077,-46.158409,-0.228191,-1.182393,0.919905,-0.392000,0.002213,-0.010273
4262,0.044761,-7.038484,6.754034,-0.260602,0.046977,-0.134731,-46.162170,-0.227280,-1.186634,0.919892,-0.392031,0.002235,-0.010304
4263,0.044946,-7.040825,6.751753,-0.325867,0.036995,-0.164371,-46.171928,-0.229907,-1.191096,0.919858,-0.392109,0.002230,-0.010348
4264,0.052358,-7.037670,6.750072,-0.139904,-0.156936,-0.381000,-46.179672,-0.237849,-1.195948,0.919831,-0.392172,0.002184,-0.010414
4265,0.055735,-7.043164,6.754123,-0.118746,-0.214981,-0.433974,-46.183968,-0.251941,-1.200880,0.919815,-0.392207,0.002088,-0.010502
4266,0.051790,-7.029079,6.764746,0.648675,-0.037088,-0.245506,-46.175110,-0.263021,-1.205690,0.919844,-0.392137,0.002015,-0.010579
4267,0.046827,-7.022561,6.761629,0.614650,0.157098,-0.020594,-46.154026,-0.264834,-1.210205,0.919915,-0.391968,0.002013,-0.010622
4268,0.044940,-7.027581,6.764498,0.334234,0.216657,0.067343,-46.138191,-0.259957,-1.214158,0.919970,-0.391840,0.002065,-0.010637
4269,0.042623,-7.021304,6.769504,0.486651,0.250409,0.127408,-46.124500,-0.252222,-1.217521,0.920017,-0.391729,0.002137,-0.010638
4270,0.037746,-7.021821,6.758811,0.002799,0.348180,0.250284,-46.116333,-0.240770,-1.220348,0.920045,-0.391663,0.002238,-0.010621
4271,0.041720,-7.030831,6.758060,-0.309182,0.182006,0.071812,-46.121418,-0.230775,-1.222997,0.920028,-0.391703,0.002328,-0.010608
4272,0.047781,-7.037454,6.759871,-0.352054,-0.043279,-0.175475,-46.132427,-0.230418,-1.225861,0.919990,-0.391791,0.002341,-0.010630
4273,0.045447,-7.036489,6.754404,-0.414245,0.026838,-0.110171,-46.145187,-0.234041,-1.228963,0.919946,-0.391894,0.002324,-0.010667
4274,0.044075,-7.038222,6.759926,-0.172378,0.098494,-0.070980,-46.154949,-0.234771,-1.232561,0.919912,-0.391972,0.002331,-0.010698
4275,0.049723,-7.041705,6.762447,-0.104064,-0.054956,-0.246431,-46.159538,-0.238084,-1.236749,0.919896,-0.392009,0.002320,-0.010743
4276,0.046778,-7.043867,6.760952,-0.261674,0.043228,-0.131522,-46.165615,-0.242763,-1.240971,0.919874,-0.392058,0.002297,-0.010793
4277,0.050051,-7.032146,6.763637,0.198712,-0.020674,-0.208777,-46.166649,-0.246594,-1.245170,0.919870,-0.392067,0.002281,-0.010840
4278,0.056638,-7.042943,6.766432,-0.032419,-0.191751,-0.371798,-46.163860,-0.256026,-1.249318,0.919879,-0.392045,0.002219,-0.010905
4279,0.055313,-7.042733,6.766648,-0.068558,-0.103826,-0.278835,-46.165524,-0.267260,-1.253275,0.919872,-0.392059,0.002142,-0.010975
4280,0.056256,-7.039703,6.764730,-0.058005,-0.072044,-0.250835,-46.167618,-0.275658,-1.257274,0.919864,-0.392077,0.002089,-0.011036
4281,0.058687,-7.053201,6.758899,-0.598418,-0.096821,-0.286860,-46.178532,-0.284072,-1.261449,0.919826,-0.392165,0.002037,-0.011098
4282,0.053230,-7.061769,6.763399,-0.584608,0.098884,-0.091839,-46.198215,-0.288603,-1.265843,0.919758,-0.392323,0.002017,-0.011149
4283,0.053798,-7.056195,6.760022,-0.358151,0.099865,-0.087519,-46.213913,-0.288468,-1.270303,0.919703,-0.392449,0.002035,-0.011184
4284,0.054569,-7.060428,6.752091,-0.602144,0.068433,-0.095382,-46.229897,-0.288728,-1.274437,0.919648,-0.392577,0.002049,-0.011218
4285,0.051815,-7.052270,6.760700,0.063759,0.156227,-0.016080,-46.238850,-0.287480,-1.278426,0.919617,-0.392649,0.002073,-0.011245
4286,0.053953,-7.049562,6.759408,0.227641,0.092448,-0.088145,-46.233971,-0.285867,-1.282621,0.919634,-0.392610,0.002100,-0.011273
4287,0.049246,-7.046399,6.758471,0.269404,0.221051,0.047344,-46.225666,-0.282744,-1.286865,0.919662,-0.392543,0.002139,-0.011297
4288,0.050550,-7.020700,6.767838,1.268308,0.175041,-0.042737,-46.200020,-0.278120,-1.291577,0.919750,-0.392336,0.002190,-0.011319
4289,0.049604,-7.020146,6.766374,1.084246,0.177003,-0.045070,-46.160782,-0.275113,-1.296824,0.919884,-0.392021,0.002228,-0.011352
4290,0.051156,-7.024042,6.770750,0.779208,0.110469,-0.092258,-46.129696,-0.273445,-1.301864,0.919989,-0.391771,0.002255,-0.011387
4291,0.049336,-7.018458,6.775163,0.805870,0.131349,-0.039426,-46.103264,-0.272233,-1.306291,0.920079,-0.391559,0.002278,-0.011419
4292,0.055167,-7.019889,6.771175,0.382677,-0.043801,-0.208256,-46.083424,-0.274195,-1.310205,0.920147,-0.391400,0.002273,-0.011458
4293,0.053828,-7.039617,6.766856,-0.463138,0.005773,-0.129648,-46.084751,-0.278691,-1.313654,0.920142,-0.391411,0.002249,-0.011501
4294,0.050436,-7.043422,6.764633,-0.640214,0.129910,-0.015030,-46.103123,-0.278861,-1.316955,0.920078,-0.391558,0.002261,-0.011527
4295,0.047892,-7.052476,6.758581,-0.893440,0.205491,0.053301,-46.128674,-0.274526,-1.320542,0.919991,-0.391763,0.002310,-0.011541
4296,0.048979,-7.047199,6.761240,-0.441643,0.165386,-0.000916,-46.150894,-0.269613,-1.324393,0.919915,-0.391941,0.002365,-0.011555
4297,0.050212,-7.049388,6.761026,-0.372983,0.103979,-0.045570,-46.164463,-0.267062,-1.328168,0.919868,-0.392049,0.002400,-0.011576
4298,0.047449,-7.050246,6.762304,-0.275266,0.172316,0.007945,-46.175247,-0.264326,-1.331925,0.919831,-0.392136,0.002436,-0.011596
4299,0.049640,-7.041087,6.767746,0.258502,0.088862,-0.063658,-46.175514,-0.261981,-1.335708,0.919830,-0.392137,0.002468,-0.011619
4300,0.049454,-7.043776,6.766665,0.101490,0.071906,-0.066424,-46.169498,-0.261690,-1.339142,0.919850,-0.392089,0.002481,-0.011646
4301,0.049120,-7.045760,6.766783,-0.020989,0.075287,-0.063579,-46.168137,-0.261554,-1.342413,0.919855,-0.392078,0.002493,-0.011671
4302,0.048505,-7.041603,6.763751,0.022333,0.091442,-0.072810,-46.168095,-0.261269,-1.345991,0.919854,-0.392078,0.002508,-0.011699
4303,0.047405,-7.042483,6.757586,-0.225320,0.124736,-0.023217,-46.171463,-0.259929,-1.349699,0.919843,-0.392104,0.002532,-0.011724
4304,0.050754,-7.048833,6.755973,-0.456117,0.030403,-0.126581,-46.182804,-0.259940,-1.353293,0.919803,-0.392195,0.002545,-0.011753
4305,0.053819,-7.039327,6.758659,-0.005381,-0.042340,-0.216542,-46.190483,-0.264204,-1.357109,0.919776,-0.392257,0.002525,-0.011798
4306,0.049221,-7.042688,6.756535,-0.127045,0.128791,-0.053640,-46.192665,-0.266456,-1.361266,0.919768,-0.392275,0.002521,-0.011839
4307,0.050072,-7.045452,6.758484,-0.109653,0.117483,-0.066992,-46.196602,-0.265066,-1.365620,0.919755,-0.392306,0.002548,-0.011869
4308,0.052311,-7.044813,6.760572,0.032977,0.047584,-0.151292,-46.197853,-0.265788,-1.370124,0.919750,-0.392316,0.002557,-0.011908
4309,0.053240,-7.041775,6.759618,0.128908,0.010701,-0.201832,-46.195133,-0.269363,-1.374899,0.919758,-0.392295,0.002545,-0.011958
4310,0.053016,-7.048497,6.748180,-0.423636,0.036611,-0.201794,-46.200016,-0.273672,-1.380125,0.919741,-0.392334,0.002529,-0.012015
4311,0.055864,-7.045886,6.747623,-0.386718,-0.025131,-0.263691,-46.213493,-0.279140,-1.385632,0.919694,-0.392443,0.002505,-0.012077
4312,0.055505,-7.045777,6.747496,-0.328173,0.016470,-0.227344,-46.225384,-0.285148,-1.391190,0.919652,-0.392538,0.002477,-0.012142
4313,0.056641,-7.041563,6.747748,-0.087112,-0.004756,-0.239600,-46.232277,-0.290633,-1.396715,0.919628,-0.392594,0.002453,-0.012205
4314,0.053537,-7.039949,6.753715,0.155192,0.126829,-0.097323,-46.231113,-0.293281,-1.402069,0.919631,-0.392585,0.002450,-0.012257
4315,0.050125,-7.034146,6.760388,0.534592,0.224323,0.034458,-46.219582,-0.289988,-1.407019,0.919670,-0.392492,0.002492,-0.012286
4316,0.049760,-7.029236,6.764348,0.808951,0.211628,0.018781,-46.197174,-0.284319,-1.411650,0.919747,-0.392312,0.002551,-0.012304
4317,0.046680,-7.018443,6.768004,1.108008,0.270431,0.096740,-46.165203,-0.277367,-1.416115,0.919856,-0.392054,0.002618,-0.012317
4318,0.043994,-7.030147,6.766174,0.439723,0.318076,0.156625,-46.139381,-0.267527,-1.420263,0.919944,-0.391846,0.002709,-0.012317
4319,0.041999,-7.036855,6.761332,-0.093793,0.317977,0.169493,-46.133602,-0.256262,-1.424140,0.919964,-0.391798,0.002812,-0.012310
4320,0.042195,-7.035789,6.763382,-0.076779,0.264122,0.111333,-46.136433,-0.246165,-1.427892,0.919955,-0.391820,0.002906,-0.012306
4321,0.041071,-7.044576,6.758319,-0.505953,0.250890,0.104325,-46.146126,-0.237626,-1.431591,0.919922,-0.391897,0.002988,-0.012306
4322,0.042316,-7.052032,6.754020,-0.820294,0.178134,0.019288,-46.168217,-0.231188,-1.435321,0.919846,-0.392074,0.003055,-0.012313
4323,0.041687,-7.046945,6.750984,-0.595971,0.164786,0.005548,-46.191799,-0.226932,-1.439159,0.919765,-0.392262,0.003105,-0.012329
4324,0.044522,-7.050860,6.749357,-0.576707,0.059208,-0.105983,-46.211330,-0.225556,-1.443012,0.919698,-0.392419,0.003131,-0.012355
4325,0.041289,-7.048265,6.746521,-0.416913,0.139846,-0.030143,-46.227875,-0.224899,-1.446977,0.919641,-0.392552,0.003152,-0.012384
4326,0.045285,-7.045954,6.749842,-0.126131,0.017816,-0.161947,-46.236916,-0.225393,-1.451090,0.919610,-0.392624,0.003163,-0.012418
4327,0.043879,-7.053453,6.746579,-0.409496,0.055322,-0.121244,-46.245815,-0.227959,-1.455234,0.919579,-0.392696,0.003158,-0.012460
4328,0.045005,-7.055421,6.745158,-0.451377,0.044858,-0.153772,-46.260143,-0.230115,-1.459610,0.919529,-0.392811,0.003157,-0.012502
4329,0.046042,-7.053300,6.746016,-0.204337,0.036952,-0.178929,-46.271061,-0.233179,-1.464428,0.919491,-0.392898,0.003150,-0.012551
4330,0.049653,-7.059887,6.743083,-0.383758,-0.049441,-0.272796,-46.280842,-0.238764,-1.469482,0.919456,-0.392977,0.003124,-0.012610
4331,0.045471,-7.051823,6.742507,-0.034837,0.100918,-0.134302,-46.287796,-0.243075,-1.474791,0.919432,-0.393033,0.003108,-0.012668
4333,0.043917,-7.054744,6.745136,0.123438,0.152825,-0.084254,-46.286297,-0.242785,-1.480365,0.919436,-0.393021,0.003129,-0.012711
4334,0.040769,-7.043108,6.752767,0.763281,0.226852,0.001208,-46.271492,-0.239412,-1.485895,0.919487,-0.392902,0.003174,-0.012745
4335,0.038746,-7.040435,6.757545,0.808824,0.250181,0.053242,-46.245274,-0.233259,-1.491012,0.919576,-0.392691,0.003238,-0.012765
4336,0.035447,-7.031160,6.761200,0.941375,0.317320,0.131322,-46.216080,-0.224495,-1.495714,0.919676,-0.392456,0.003321,-0.012774
4337,0.032953,-7.035671,6.755501,0.369427,0.338216,0.180709,-46.194218,-0.213180,-1.500001,0.919751,-0.392279,0.003424,-0.012770
4338,0.035349,-7.029208,6.757699,0.413864,0.219719,0.079326,-46.181152,-0.203615,-1.503712,0.919796,-0.392173,0.003512,-0.012768
4339,0.036469,-7.035971,6.753035,-0.100163,0.140507,0.014305,-46.175911,-0.198332,-1.506963,0.919814,-0.392130,0.003565,-0.012776
4340,0.037469,-7.029788,6.752437,0.039896,0.099911,-0.053576,-46.176903,-0.196029,-1.510307,0.919811,-0.392138,0.003595,-0.012795
4341,0.043103,-7.037254,6.751350,-0.187388,-0.067210,-0.228244,-46.179352,-0.199041,-1.513953,0.919802,-0.392158,0.003583,-0.012834
4342,0.046855,-7.040784,6.752390,-0.181896,-0.162213,-0.332971,-46.185482,-0.208437,-1.517669,0.919779,-0.392208,0.003521,-0.012896
4343,0.044477,-7.041186,6.751384,-0.119187,-0.044464,-0.227286,-46.190495,-0.217560,-1.521648,0.919761,-0.392249,0.003462,-0.012959
4344,0.043409,-7.038146,6.756058,0.249343,0.037076,-0.162298,-46.188305,-0.222331,-1.526055,0.919768,-0.392231,0.003439,-0.013011
