seq,ax,ay,az,wroll,wpitch,wyaw,roll,pitch,yaw,q0,q1,q2,q3
60,0.254314,-2.315526,9.470533,-7.398030,6.557999,-6.632102,-13.739161,-1.494210,0.365285,0.992737,-0.119558,-0.013327,0.001605
61,-0.424076,-2.447859,9.085090,-15.790676,7.786534,-9.226132,-14.184989,-1.339477,0.162527,0.992281,-0.123446,-0.011775,-0.000036
62,-0.570100,-2.795593,9.154468,-21.241453,8.438459,-8.174677,-14.837875,-1.058351,-0.185725,0.991583,-0.129133,-0.008949,-0.002800
63,-0.726386,-2.996271,9.413952,-22.325092,8.432756,-5.786495,-15.617611,-0.744248,-0.484229,0.990694,-0.135891,-0.005860,-0.005069
64,-0.660456,-3.298846,9.402598,-22.221601,8.601002,-1.553467,-16.425949,-0.403397,-0.680551,0.989717,-0.142870,-0.002636,-0.006381
65,-0.431056,-3.514937,8.837650,-21.715368,7.578932,3.109850,-17.251354,-0.059660,-0.734134,0.988668,-0.149979,0.000446,-0.006412
66,-0.193124,-3.813147,8.712279,-22.103436,6.198137,6.526449,-18.102652,0.251507,-0.651204,0.987531,-0.157304,0.003061,-0.005267
68,-0.106683,-4.032370,8.308990,-20.025715,3.492737,7.335209,-18.950960,0.494845,-0.484186,0.986341,-0.164605,0.004955,-0.003457
69,0.063429,-4.261569,7.813489,-19.297045,1.707387,5.900828,-19.785538,0.644588,-0.306214,0.985115,-0.171787,0.006000,-0.001666
70,0.335749,-4.597709,7.949236,-19.258198,2.212329,3.032030,-20.633060,0.719603,-0.190897,0.983814,-0.179072,0.006476,-0.000514
71,0.276501,-4.785312,8.097419,-18.047449,2.708058,-0.608911,-21.463964,0.757466,-0.184450,0.982488,-0.186200,0.006794,-0.000351
72,0.074292,-4.887943,7.883592,-15.805180,3.023788,-2.740692,-22.239454,0.788080,-0.273959,0.981203,-0.192839,0.007209,-0.001019
73,-0.124989,-5.044184,8.462487,-13.622363,3.649373,-3.644070,-22.927780,0.836916,-0.417303,0.980023,-0.198718,0.007881,-0.002117
74,-0.220323,-5.379333,8.494798,-7.646060,3.219080,-3.303791,-23.470991,0.900506,-0.571446,0.979063,-0.203347,0.008708,-0.003284
75,-0.437930,-5.484023,8.278287,-2.180725,0.877064,-2.397306,-24.150627,0.997318,-0.694366,0.977830,-0.209134,0.009778,-0.004105
76,-0.443595,-5.751525,8.353278,2.500244,-0.335725,-0.482165,-24.670160,1.069509,-0.751401,0.976865,-0.213555,0.010518,-0.004412
77,-0.416345,-5.859216,8.373546,7.527312,-0.724722,1.664846,-24.716959,1.090872,-0.730134,0.976777,-0.213954,0.010662,-0.004186
78,-0.360744,-5.910119,8.212839,10.216635,-1.306008,2.639936,-24.640526,1.113514,-0.654945,0.976920,-0.213308,0.010713,-0.003510
79,-0.399155,-5.720330,8.247488,10.469064,-1.728601,3.341885,-24.512281,1.131402,-0.547384,0.977160,-0.212224,0.010662,-0.002572
80,-0.309631,-5.718213,8.289597,10.542999,-1.641547,4.085028,-24.368509,1.150535,-0.415472,0.977426,-0.211009,0.010579,-0.001425
81,-0.200235,-5.446212,8.309625,10.501433,-2.241193,3.537197,-24.487617,1.151635,-0.282465,0.977207,-0.212037,0.010344,-0.000278
82,-0.150788,-5.300577,8.415019,9.369494,-2.613534,2.345382,-24.842918,1.108506,-0.173398,0.976548,-0.215076,0.009772,0.000603
83,-0.032043,-5.140632,8.479583,8.715580,-2.035370,0.335613,-25.126272,1.007547,-0.111591,0.976021,-0.217498,0.008794,0.000962
84,0.061825,-5.091972,8.643490,8.293996,-1.100305,-2.978889,-25.332237,0.846794,-0.137939,0.975639,-0.219254,0.007474,0.000446
85,0.076729,-4.917746,8.670225,7.827517,-0.659558,-6.860979,-25.333115,0.680260,-0.278058,0.975646,-0.219258,0.006324,-0.001066
86,0.254120,-4.900817,9.081546,6.109023,0.202465,-7.277621,-25.178587,0.537782,-0.489133,0.975942,-0.217937,0.005510,-0.003143
87,0.244488,-4.590360,8.695401,6.706950,0.777587,-9.076761,-25.026098,0.394724,-0.743636,0.976225,-0.216634,0.004769,-0.005589
88,0.021929,-4.447396,8.829848,5.391421,1.125405,-9.130214,-24.871531,0.269617,-1.032627,0.976500,-0.215315,0.004238,-0.008293
89,-0.077679,-4.302599,8.973752,5.441675,0.142696,-6.748251,-24.717506,0.174223,-1.281921,0.976768,-0.214002,0.003879,-0.010602
90,-0.108561,-4.156518,9.079616,5.878078,0.405230,-5.324528,-24.532078,0.119269,-1.468633,0.977094,-0.212421,0.003740,-0.012302
91,-0.295000,-4.014651,8.734519,6.567791,-0.122423,-5.777583,-24.326418,0.134021,-1.638862,0.977454,-0.210659,0.004156,-0.013734
92,-0.382722,-4.088427,9.199444,5.218863,-0.419653,-3.740325,-24.132919,0.150215,-1.779454,0.977791,-0.209001,0.004528,-0.014911
93,-0.112597,-4.025194,9.012960,6.044415,-1.113795,-1.680256,-23.938747,0.132346,-1.851363,0.978134,-0.207343,0.004480,-0.015565
94,-0.087001,-3.960194,8.832158,5.215813,-0.535335,-1.335337,-23.757179,0.123835,-1.886106,0.978457,-0.205793,0.004445,-0.015884
95,-0.184389,-3.699396,8.897626,3.728198,-1.372861,0.338696,-23.567759,0.144495,-1.888331,0.978796,-0.204172,0.004599,-0.015873
96,-0.196505,-3.732626,8.837835,3.076935,-1.276423,2.002088,-23.377024,0.202943,-1.834525,0.979142,-0.202537,0.004977,-0.015318
97,-0.124196,-3.764146,8.910438,2.540002,-1.604258,2.933007,-23.235254,0.256483,-1.739645,0.979405,-0.201322,0.005249,-0.014419
98,-0.195059,-3.826101,9.033775,2.155593,-1.691019,3.070434,-23.124920,0.304363,-1.625803,0.979612,-0.200378,0.005446,-0.013367
99,-0.068048,-3.801754,9.107119,1.559082,-1.672559,2.730217,-23.031231,0.331245,-1.514637,0.979788,-0.199579,0.005471,-0.012374
100,0.156818,-4.070271,9.054225,1.278193,-1.277520,1.805431,-23.012978,0.267831,-1.426000,0.979829,-0.199434,0.004772,-0.011728
101,0.092950,-4.029647,9.131057,0.910116,-0.873461,-0.334051,-23.058643,0.159568,-1.389801,0.979753,-0.199838,0.003788,-0.011605
102,-0.043480,-3.974559,9.008311,0.616880,-0.031259,-1.727268,-23.097784,0.102739,-1.415705,0.979681,-0.200178,0.003352,-0.011924
103,0.235428,-3.967509,9.072281,0.004773,1.259464,-0.770602,-23.140490,0.048093,-1.462130,0.979601,-0.200548,0.002970,-0.012416
104,-0.035420,-4.065157,9.012043,-0.100792,1.923041,-1.176585,-23.211338,0.029605,-1.512846,0.979471,-0.201154,0.002909,-0.012880
105,-0.318767,-3.884574,8.947314,-0.200210,1.982858,-0.427224,-23.274616,0.162162,-1.563170,0.979356,-0.201678,0.004137,-0.013075
106,-0.305770,-3.749453,9.046770,-0.270319,1.740767,0.720500,-23.261518,0.365604,-1.583139,0.979378,-0.201540,0.005910,-0.012888
107,-0.190777,-3.758843,9.087921,0.447125,1.033101,1.694197,-23.193710,0.522786,-1.563977,0.979497,-0.200942,0.007212,-0.012452
108,-0.603770,-3.734655,9.014215,0.912778,0.203572,0.522537,-23.109165,0.713037,-1.537463,0.979644,-0.200198,0.008783,-0.011898
109,-0.372402,-3.613920,9.156590,1.634917,-0.377121,0.966877,-22.972267,0.906346,-1.512026,0.979878,-0.199005,0.010378,-0.011355
110,-0.318479,-3.663565,9.267702,3.437355,-0.430273,1.824561,-22.806927,0.982236,-1.462551,0.980165,-0.197586,0.010925,-0.010816
111,-0.232880,-3.711936,9.273104,5.933869,-1.058905,3.628227,-22.624199,1.007758,-1.368639,0.980486,-0.196029,0.010965,-0.009986
112,-0.214157,-3.694942,9.356791,7.893243,-1.437314,4.508697,-22.369720,1.027110,-1.226997,0.980929,-0.193862,0.010869,-0.008765
113,-0.000878,-3.919359,9.469997,9.474142,-2.203360,4.864226,-22.067255,1.021564,-1.059243,0.981450,-0.191288,0.010519,-0.007366
114,-0.066359,-4.174942,9.447595,11.207515,-3.659156,4.948124,-21.738960,0.974471,-0.871461,0.982008,-0.188497,0.009785,-0.005865
115,0.077403,-4.352664,9.436278,12.569967,-5.357589,3.861630,-21.389561,0.867305,-0.680598,0.982593,-0.185524,0.008539,-0.004431
116,0.162327,-4.400432,9.480588,13.312821,-5.928406,1.192734,-21.024240,0.689544,-0.535235,0.983193,-0.182411,0.006768,-0.003494
117,0.187497,-4.595693,9.617548,14.180737,-5.803413,-2.809825,-20.649143,0.461223,-0.492185,0.983794,-0.179204,0.004729,-0.003504
118,0.082304,-4.392855,9.315598,17.248995,-5.205349,-8.365762,-20.220850,0.196955,-0.603800,0.984458,-0.175534,0.002617,-0.004886
119,0.143199,-4.062345,9.059984,18.115364,-3.499441,-14.239079,-19.720575,-0.088415,-0.909050,0.985196,-0.171247,0.000598,-0.007948
120,-0.086182,-3.825350,8.586998,16.621141,-0.381991,-18.298044,-19.225515,-0.334628,-1.398928,0.985875,-0.167010,-0.000840,-0.012524
121,-0.252390,-3.753850,8.766979,12.503853,3.222341,-18.038603,-18.822010,-0.461855,-1.986490,0.986373,-0.163558,-0.001141,-0.017760
122,-0.189700,-3.316835,8.694675,9.415130,4.629380,-15.117933,-18.514839,-0.478723,-2.551352,0.986707,-0.160921,-0.000541,-0.022645
123,-0.231431,-2.997944,8.929601,5.652109,5.276512,-9.450600,-18.282261,-0.414720,-2.991708,0.986942,-0.158905,0.000575,-0.026348
124,-0.108630,-2.886385,9.257648,5.006803,5.374413,-3.938878,-18.063391,-0.251993,-3.259239,0.987190,-0.156979,0.002293,-0.028431
125,0.128299,-2.701511,9.707615,7.276120,4.330829,0.353598,-17.792110,-0.077329,-3.366058,0.987541,-0.154595,0.003875,-0.029121
126,0.103808,-2.496924,9.384953,11.575238,0.811942,1.748260,-17.331310,-0.012219,-3.358863,0.988159,-0.150607,0.004310,-0.028989
127,0.157659,-2.550595,9.283386,14.719209,-1.628135,3.217686,-16.752134,-0.032836,-3.276074,0.988928,-0.145618,0.003881,-0.028322
128,0.265296,-2.546809,9.348594,16.082006,-3.412040,3.907374,-16.202715,-0.105235,-3.138557,0.989645,-0.140897,0.002950,-0.027242
129,0.127015,-2.456866,9.459027,16.289661,-4.606926,6.426651,-15.630910,-0.209141,-2.936516,0.990378,-0.135984,0.001677,-0.025633
130,-0.069090,-2.321939,9.536012,16.762848,-5.636926,8.489701,-15.043942,-0.308200,-2.651792,0.991118,-0.130933,0.000363,-0.023292
131,-0.209809,-2.218036,9.652392,17.419163,-5.304189,11.669751,-14.434300,-0.376756,-2.280499,0.991867,-0.125670,-0.000761,-0.020155
132,-0.203288,-2.202789,9.718993,17.014952,-5.053813,14.024286,-13.824271,-0.407573,-1.823060,0.992593,-0.120387,-0.001616,-0.016221
133,-0.223724,-2.397007,9.474696,15.299866,-5.549607,15.011594,-13.275992,-0.431875,-1.310993,0.993219,-0.115630,-0.002421,-0.011799
134,-0.217268,-2.681708,9.147832,11.108005,-6.071334,13.685599,-12.875690,-0.476182,-0.800718,0.993658,-0.112150,-0.003346,-0.007409
135,0.107294,-2.839080,9.122516,4.488229,-6.208605,12.133750,-12.697798,-0.564017,-0.334948,0.993849,-0.110595,-0.004569,-0.003449
136,0.292705,-3.022906,9.241630,-3.054830,-5.923312,8.495935,-12.780371,-0.699054,0.046030,0.993769,-0.111294,-0.006107,-0.000280
137,-0.065031,-3.079323,9.292027,-9.978409,-6.063702,6.059037,-13.115504,-0.840049,0.328582,0.993429,-0.114180,-0.007610,0.002011
138,-0.272085,-2.834373,9.320957,-14.503166,-5.274656,6.829667,-13.624750,-0.937415,0.582438,0.992899,-0.118572,-0.008725,0.004076
139,0.190823,-2.799311,9.562085,-17.211954,-3.493810,8.747782,-14.225678,-0.993015,0.870409,0.992247,-0.123750,-0.009539,0.006464
140,0.287962,-2.618141,9.726827,-18.162752,-2.529458,7.041790,-14.856944,-1.032513,1.151082,0.991528,-0.129187,-0.010233,0.008795
141,0.092421,-2.446610,9.675641,-16.783325,-3.379404,4.476708,-15.445049,-1.078795,1.362267,0.990832,-0.134249,-0.010925,0.010514
142,0.440792,-2.318871,9.648406,-13.497898,-1.987799,3.016386,-15.925501,-1.141129,1.506151,0.990242,-0.138381,-0.011682,0.011637
143,0.708758,-2.523415,9.859322,-9.449472,0.146799,-0.064509,-16.272705,-1.201815,1.561471,0.989808,-0.141367,-0.012309,0.012004
144,0.266588,-2.288458,9.833037,-4.824197,0.406082,-4.378340,-16.459719,-1.246626,1.487018,0.989580,-0.142984,-0.012623,0.011285
145,-0.065299,-2.590343,9.775060,-0.551405,0.549572,-2.553322,-16.496948,-1.250460,1.370627,0.989544,-0.143318,-0.012514,0.010271
146,0.207357,-2.823487,9.740664,3.081903,2.519609,1.586532,-16.433840,-1.188293,1.340230,0.989630,-0.142784,-0.011934,0.010093
147,0.184536,-2.888801,9.749802,5.225839,2.614227,3.767082,-16.293892,-1.078662,1.401695,0.989806,-0.141582,-0.011051,0.010774
148,0.045110,-2.916476,9.582249,5.849914,0.685495,4.568204,-16.118773,-0.976972,1.519932,0.990016,-0.140070,-0.010300,0.011937
149,0.162190,-2.952685,9.339717,5.802346,-0.271225,6.860160,-15.993552,-0.907927,1.702280,0.990152,-0.138981,-0.009912,0.013608
150,0.296477,-2.774984,9.201594,4.546141,-0.402588,7.435401,-15.916958,-0.887791,1.935978,0.990216,-0.138302,-0.010011,0.015658
151,0.198912,-2.604042,9.114110,1.753565,-1.252680,5.743110,-15.848540,-0.893287,2.155277,0.990266,-0.137690,-0.010312,0.017553
152,0.162028,-2.603725,9.042826,0.438208,-1.438859,5.340260,-15.817484,-0.890285,2.345284,0.990273,-0.137405,-0.010509,0.019201
153,0.071059,-2.393753,9.112144,0.284126,-0.953600,6.477078,-15.799318,-0.871177,2.545534,0.990261,-0.137233,-0.010581,0.020956
154,-0.012809,-2.651334,9.171835,1.039491,-1.133602,8.633227,-15.772892,-0.821502,2.797241,0.990245,-0.136992,-0.010448,0.023193
155,-0.167738,-2.782547,9.273324,2.221915,-1.873348,9.768609,-15.764731,-0.700935,3.106656,0.990192,-0.136922,-0.009774,0.026012
156,-0.111619,-2.765888,9.238274,4.843262,-2.664959,12.729005,-15.699306,-0.582277,3.488819,0.990179,-0.136356,-0.009189,0.029462
157,-0.065824,-3.008454,9.174839,4.122885,-3.478183,14.138988,-15.589448,-0.535886,3.948125,0.990183,-0.135383,-0.009302,0.033495
158,0.024816,-3.015051,9.368098,2.889742,-3.464395,14.583051,-15.526075,-0.504695,4.440838,0.990105,-0.134805,-0.009594,0.037794
159,0.063998,-2.509924,9.432943,1.871881,-3.308731,11.106998,-15.467508,-0.493619,4.883778,0.990020,-0.134265,-0.009998,0.041639
160,0.156720,-2.735899,9.485402,-0.295010,-3.366778,7.151783,-15.463535,-0.535727,5.206919,0.989904,-0.134185,-0.010739,0.044382
161,0.331700,-2.730363,9.499530,-0.524098,-2.329438,1.380655,-15.528688,-0.664212,5.369829,0.989764,-0.134679,-0.012065,0.045631
162,0.259642,-2.379744,9.693944,0.734768,-0.239176,-5.443355,-15.530338,-0.789924,5.316114,0.989784,-0.134648,-0.013089,0.045018
163,0.157158,-2.524223,9.548542,1.423063,0.702282,-10.820726,-15.465050,-0.864773,5.052461,0.989961,-0.134085,-0.013401,0.042660
164,0.125663,-2.926042,9.592047,1.189563,2.243468,-13.431585,-15.423336,-0.924854,4.649863,0.990152,-0.133749,-0.013435,0.039116
165,0.131979,-2.324493,9.638116,2.294349,4.158517,-13.637582,-15.353980,-0.938543,4.186446,0.990382,-0.133198,-0.012991,0.035104
166,-0.081326,-2.551898,9.571632,0.930267,4.390521,-12.786099,-15.269032,-0.900947,3.723624,0.990616,-0.132526,-0.012105,0.031156
167,-0.048176,-2.818788,9.323537,0.347316,3.859602,-11.069404,-15.253119,-0.846012,3.304012,0.990743,-0.132446,-0.011140,0.027594
168,0.038751,-2.616139,9.306085,-0.810944,3.353068,-8.894939,-15.276633,-0.798949,2.951647,0.990798,-0.132694,-0.010331,0.024600
169,0.058139,-2.495941,9.417862,-3.560663,2.906013,-5.898010,-15.346059,-0.752274,2.686275,0.990773,-0.133328,-0.009634,0.022353
171,0.039985,-2.677059,9.125978,-4.259560,2.342987,-4.591808,-15.479906,-0.704375,2.494518,0.990654,-0.134510,-0.009021,0.020741
172,0.240617,-2.686511,9.360041,-5.567342,2.297200,-2.055720,-15.658183,-0.661730,2.367215,0.990467,-0.136069,-0.008533,0.019677
173,0.050957,-2.638951,9.407341,-6.145691,1.288549,-0.789206,-15.858403,-0.620759,2.305443,0.990239,-0.137811,-0.008139,0.019178
174,0.299758,-2.812101,9.261390,-6.890386,1.352607,-0.191051,-16.086243,-0.591190,2.277742,0.989969,-0.139787,-0.007888,0.018958
175,0.184104,-2.840456,8.878570,-5.475965,1.294553,-1.155455,-16.319975,-0.572738,2.244242,0.989687,-0.141812,-0.007726,0.018676
176,0.349687,-3.096206,8.663820,-8.784381,-0.025458,-1.428619,-16.609203,-0.586985,2.197551,0.989334,-0.144310,-0.007837,0.018235
177,0.373715,-2.989997,7.981483,-10.704297,-0.019497,-4.042568,-17.008717,-0.650847,2.111414,0.988836,-0.147754,-0.008341,0.017382
178,0.471197,-3.285895,7.398420,-16.620758,1.754970,-2.550263,-17.575621,-0.703830,1.999493,0.988108,-0.152644,-0.008735,0.016305
179,0.184089,-3.483863,7.231236,-21.157963,1.608347,-4.384459,-18.360235,-0.720625,1.874723,0.987056,-0.159413,-0.008817,0.015146
180,0.096461,-3.325311,7.378940,-33.018036,1.361122,-4.030445,-19.407145,-0.725179,1.727998,0.985577,-0.168434,-0.008779,0.013796
181,-0.003368,-3.559415,7.714961,-41.055553,1.031550,-3.423111,-20.756990,-0.722379,1.599043,0.983540,-0.180042,-0.008714,0.012590
182,-0.152537,-3.700151,8.158442,-47.815781,1.594710,-0.934286,-22.330511,-0.683027,1.516119,0.980985,-0.193542,-0.008409,0.011826
183,0.051777,-3.588596,8.631607,-50.347454,0.436613,-1.648386,-24.006021,-0.647633,1.463169,0.978056,-0.207872,-0.008183,0.011314
184,0.179169,-3.701151,8.969177,-54.435352,1.410151,-3.346744,-25.737049,-0.655178,1.374185,0.974813,-0.222628,-0.008244,0.010417
185,-0.053682,-4.138540,8.952235,-50.216061,2.553090,-3.201771,-27.453239,-0.638965,1.246749,0.971381,-0.237213,-0.007998,0.009246
186,0.147671,-4.364970,8.704687,-46.648373,4.155341,-1.134130,-29.047857,-0.566945,1.129825,0.967996,-0.250722,-0.007262,0.008304
187,0.275473,-4.781917,8.559760,-42.471889,4.231591,-2.777577,-30.524681,-0.491378,1.004194,0.964695,-0.263190,-0.006443,0.007325
188,-0.234841,-5.125877,8.616254,-38.974480,4.529174,-1.195175,-31.884665,-0.392382,0.872032,0.961512,-0.274635,-0.005383,0.006377
189,-0.208266,-5.580578,8.069269,-30.072361,2.635623,2.410661,-33.066341,-0.245032,0.824718,0.958632,-0.284548,-0.004098,0.006291
190,0.337781,-6.059108,8.062820,-21.400803,2.731754,1.633964,-33.993305,-0.134246,0.831630,0.956299,-0.292300,-0.003242,0.006598
191,0.050672,-5.621935,7.581089,-11.571057,4.256088,-0.889957,-34.609566,-0.050245,0.776766,0.954715,-0.297445,-0.002435,0.006341
192,-0.368996,-5.827843,7.710605,-12.688244,4.897048,-1.471286,-35.066349,0.074143,0.657439,0.953526,-0.301256,-0.001111,0.005666
193,0.121102,-5.936772,7.466576,-13.483498,4.833007,-5.154837,-35.564274,0.157589,0.473356,0.952214,-0.305401,0.000048,0.004353
194,-0.170658,-5.834265,7.985469,-19.581263,5.992712,-7.301813,-36.157825,0.182588,0.199259,0.950626,-0.310328,0.000975,0.002147
195,-0.550529,-5.704921,7.828973,-24.212467,4.645451,-6.975169,-36.894077,0.224077,-0.097812,0.948615,-0.316426,0.002125,-0.000191
196,-0.427414,-6.494495,8.580283,-31.535385,2.434557,-6.775146,-37.825756,0.231965,-0.352390,0.946008,-0.324122,0.002912,-0.002253
197,0.009016,-6.294972,8.322149,-27.503874,1.029239,-5.996880,-38.805187,0.163461,-0.555817,0.943198,-0.332193,0.002957,-0.004101
198,-0.180269,-6.570353,8.590849,-24.499237,0.885818,-4.431266,-39.650089,0.083551,-0.710710,0.940716,-0.339138,0.002789,-0.005587
199,-0.006355,-6.444311,8.192678,-17.849138,1.258168,-3.260861,-40.326233,0.036243,-0.831919,0.938691,-0.344683,0.002799,-0.006706
200,0.219254,-6.881127,8.051380,-15.384713,1.010928,-2.818378,-40.866913,-0.014181,-0.933367,0.937047,-0.349109,0.002728,-0.007676
201,0.290922,-6.459501,7.696697,-11.232643,2.136970,-3.434929,-41.303471,-0.072991,-1.046199,0.935700,-0.352677,0.002624,-0.008768
202,0.082055,-6.871243,7.653378,-10.477300,2.553484,-2.131845,-41.662544,-0.096931,-1.167298,0.934580,-0.355607,0.002832,-0.009821
203,0.057806,-6.566432,7.400378,-9.384760,1.953776,-2.014366,-41.998993,-0.093541,-1.268786,0.933523,-0.358346,0.003206,-0.010629
204,0.246638,-6.986848,7.309106,-10.152369,0.464425,-1.205668,-42.341461,-0.115757,-1.335534,0.932440,-0.361135,0.003267,-0.011233
205,0.214267,-6.706927,7.300997,-8.257248,0.737490,-1.867987,-42.668346,-0.160919,-1.386674,0.931399,-0.363796,0.003094,-0.011782
206,0.132513,-7.120097,7.204557,-6.884010,0.755748,-2.667620,-42.943619,-0.211823,-1.458885,0.930512,-0.366035,0.002940,-0.012524
207,0.285094,-6.980035,7.380763,-5.783919,1.106650,-4.877216,-43.179790,-0.295658,-1.571809,0.929738,-0.367958,0.002648,-0.013703
208,0.147853,-7.056454,7.328563,-4.189377,1.994680,-5.562411,-43.357471,-0.397361,-1.733828,0.929138,-0.369406,0.002367,-0.015340
209,0.191484,-6.754963,7.554594,-3.447744,2.429531,-4.887987,-43.474888,-0.476208,-1.911071,0.928728,-0.370364,0.002317,-0.017029
210,0.293810,-6.844831,7.588593,-3.507131,1.167536,-2.907390,-43.558567,-0.541499,-2.046786,0.928430,-0.371047,0.002239,-0.018339
211,0.146939,-6.629084,7.620852,-3.459662,-0.565958,0.840240,-43.633087,-0.573252,-2.078997,0.928180,-0.371654,0.002099,-0.018701
212,0.101758,-6.634747,7.583052,-2.589676,-2.462692,4.952598,-43.682983,-0.546248,-1.974786,0.928038,-0.372057,0.001987,-0.017768
213,0.530134,-6.809792,7.677753,-1.519813,-4.003947,8.881785,-43.706188,-0.490084,-1.734063,0.928003,-0.372242,0.001663,-0.015636
214,0.256157,-6.790236,7.508974,0.267200,-4.725810,9.737731,-43.691200,-0.416007,-1.409518,0.928097,-0.372117,0.001208,-0.012767
215,0.220403,-6.712811,7.629611,1.694104,-5.043256,11.391784,-43.619869,-0.309344,-1.042656,0.928370,-0.371535,0.000874,-0.009450
216,0.333891,-7.022964,7.602629,3.400223,-6.204556,11.664854,-43.503071,-0.205048,-0.635264,0.928780,-0.370585,0.000392,-0.005812
217,0.347795,-7.200864,7.841409,4.679025,-6.265690,10.578302,-43.350609,-0.134539,-0.223306,0.929289,-0.369347,-0.000371,-0.002245
218,0.037213,-7.592546,7.782221,5.257351,-6.407653,9.574195,-43.185764,-0.076170,0.165963,0.929821,-0.368008,-0.001151,0.001102
219,0.052098,-7.735388,8.444984,-2.592020,-7.288119,8.768500,-43.144257,-0.036078,0.545101,0.929945,-0.367667,-0.002042,0.004308
220,0.177216,-7.929687,9.137584,-10.017053,-9.009393,7.627078,-43.324669,-0.056893,0.930215,0.929346,-0.369120,-0.003458,0.007361
221,-0.101520,-8.073177,9.608243,-12.346911,-8.200661,5.863101,-43.640953,-0.113065,1.290690,0.928298,-0.371666,-0.005102,0.010089
222,-0.060426,-8.242331,10.061628,-13.921350,-5.011449,3.494890,-44.000233,-0.154499,1.555514,0.927104,-0.374557,-0.006335,0.012081
223,-0.161065,-8.339556,10.300551,-9.739926,-0.670154,0.609400,-44.297894,-0.161877,1.670281,0.926115,-0.376956,-0.006803,0.012967
224,-0.406330,-8.637446,9.584868,-4.220351,3.411780,0.429422,-44.454765,-0.087712,1.650433,0.925598,-0.378234,-0.006157,0.013042
225,-0.399729,-8.609974,8.908062,6.572631,10.042043,2.011920,-44.387466,0.141585,1.522504,0.925823,-0.377721,-0.003875,0.012768
226,-0.203101,-8.042263,8.582058,22.379763,12.674348,4.474845,-43.888542,0.517641,1.336744,0.927456,-0.373724,-0.000170,0.012508
227,-0.523669,-7.852934,7.659379,36.183258,9.799596,6.783659,-42.920132,0.950795,1.216239,0.930556,-0.365901,0.003839,0.012913
228,-0.283499,-6.953563,6.938022,45.265404,8.034190,8.324926,-41.604492,1.370804,1.203257,0.934649,-0.355216,0.007453,0.014063
229,0.143895,-6.234900,6.766841,52.553089,6.975150,6.270986,-40.007267,1.703003,1.223622,0.939459,-0.342172,0.010311,0.015116
230,0.039768,-6.101838,6.672578,52.171463,3.784311,3.179343,-38.298309,1.897415,1.230866,0.944425,-0.328133,0.012117,0.015576
231,0.078425,-5.857066,6.669696,47.736893,2.803003,-3.150316,-36.692310,1.939457,1.161877,0.948933,-0.314859,0.012872,0.014949
232,0.461081,-5.024334,6.675661,40.778538,7.180637,-5.799514,-35.258678,1.907968,0.941080,0.952830,-0.302936,0.013380,0.012868
233,0.351099,-4.680905,6.590321,28.706928,7.534333,-7.099836,-34.115509,1.887978,0.622121,0.955839,-0.293377,0.014158,0.010022
234,0.104744,-4.521844,6.576322,23.260881,7.128197,-6.565929,-33.265690,1.891386,0.295285,0.958013,-0.286238,0.015077,0.007193
235,0.167379,-3.891188,6.569118,22.778778,8.096956,-9.604177,-32.487297,1.897885,-0.069093,0.959952,-0.279675,0.016069,0.004054
236,-0.053617,-4.001826,6.258568,16.376102,6.123772,-7.699924,-31.820787,1.896705,-0.439370,0.961570,-0.274033,0.016968,0.000850
237,-0.465306,-4.087977,6.450490,15.430001,2.421882,-8.784858,-31.307669,1.875261,-0.748596,0.962789,-0.269680,0.017519,-0.001874
238,-0.314333,-3.432211,6.802723,21.190536,0.230724,-7.368749,-30.663898,1.796259,-1.000587,0.964291,-0.264236,0.017425,-0.004275
239,-0.701916,-3.677528,7.153914,24.593679,-2.587533,-0.801078,-29.820770,1.732377,-1.095427,0.966212,-0.257127,0.017067,-0.005347
240,-0.534079,-4.060781,7.768921,27.091856,-4.986114,2.847520,-28.897608,1.691040,-1.001212,0.968261,-0.249353,0.016469,-0.004778
241,-0.383205,-4.053934,8.260401,36.293392,-6.037392,7.117115,-27.782644,1.633949,-0.765577,0.970655,-0.239959,0.015445,-0.003062
242,-0.373174,-3.795843,8.310712,43.685223,-7.123802,11.115073,-26.377029,1.591734,-0.393017,0.973536,-0.228086,0.014306,-0.000170
243,-0.332232,-4.565107,8.960467,40.354240,-7.724981,12.084059,-24.936913,1.546746,0.063730,0.976324,-0.215890,0.013059,0.003457
244,0.045492,-4.161635,9.075193,42.609543,-6.301350,8.623233,-23.546970,1.459914,0.474320,0.978863,-0.204076,0.011627,0.006651
245,-0.315877,-3.922562,8.813940,39.646194,-6.878201,10.283415,-22.168562,1.364972,0.849506,0.981232,-0.192320,0.010264,0.009564
246,-0.243136,-3.568276,8.834678,29.103561,-5.581145,8.301245,-21.017204,1.291500,1.213929,0.983088,-0.182479,0.009149,0.012470
247,-0.088612,-3.847482,9.098056,20.900114,-4.795319,7.852612,-20.195076,1.217380,1.526442,0.984343,-0.175438,0.008123,0.014976
248,-0.521758,-3.779514,9.049549,20.141546,-4.223055,7.565749,-19.550543,1.174525,1.818257,0.985278,-0.169914,0.007406,0.017375
249,-0.424376,-3.546115,8.888455,18.442997,-4.024557,6.227554,-18.950712,1.153830,2.079936,0.986114,-0.164768,0.006942,0.019559
250,-0.532042,-3.441448,9.091715,13.742982,-2.727389,5.333405,-18.451340,1.143835,2.298048,0.986785,-0.160481,0.006636,0.021392
251,-0.685102,-3.304790,9.063795,12.911016,-2.403351,6.360526,-18.086893,1.265928,2.508874,0.987235,-0.157375,0.007466,0.023355
252,-0.759899,-3.170389,9.167203,8.747864,-2.782334,8.190423,-17.826435,1.513949,2.765219,0.987501,-0.155195,0.009310,0.025882
253,-0.413542,-2.769286,8.957214,6.030054,-4.315339,7.008007,-17.606972,1.622806,3.042699,0.987714,-0.153348,0.009927,0.028401
254,-0.478787,-2.976159,9.568786,-1.707832,-4.345642,5.372286,-17.507877,1.604307,3.283863,0.987787,-0.152510,0.009471,0.030446
255,-0.205884,-2.901287,9.070345,1.217412,-5.468560,5.003065,-17.498802,1.542983,3.498459,0.987750,-0.152435,0.008659,0.032214
256,-0.083801,-2.960721,9.024137,-2.530298,-4.490497,2.051907,-17.525904,1.405429,3.660333,0.987689,-0.152645,0.007250,0.033429
257,0.139936,-2.815657,9.002552,-6.726613,-3.385858,-2.985215,-17.684929,1.241363,3.685163,0.987492,-0.153974,0.005756,0.033434
258,0.018969,-3.303419,8.999206,-11.956058,-1.843291,-4.877409,-18.022448,1.080711,3.586818,0.987084,-0.156836,0.004408,0.032385
259,0.205142,-3.441459,8.514509,-11.733540,-0.636429,-4.991908,-18.487070,0.951289,3.442549,0.986495,-0.160799,0.003365,0.030979
260,0.004757,-3.671643,8.836766,-20.883324,0.089782,-3.995527,-19.116764,0.859655,3.302601,0.985644,-0.166192,0.002610,0.029661
261,-0.037330,-3.516116,8.638377,-21.545872,-0.538961,-5.078959,-19.899891,0.785225,3.161731,0.984528,-0.172904,0.001980,0.028356
262,-0.187514,-3.299896,8.342810,-24.817654,0.933549,-4.019972,-20.723555,0.736533,3.016577,0.983300,-0.179963,0.001586,0.027047
263,-0.332968,-3.157407,8.177159,-32.853264,1.771355,-1.563207,-21.707605,0.764107,2.913150,0.981740,-0.188405,0.001760,0.026219
264,-0.482464,-3.267977,8.033235,-45.558151,0.753712,-1.170986,-23.023678,0.825662,2.854320,0.979518,-0.199679,0.002088,0.025842
265,-0.359151,-3.419200,7.684560,-47.598370,2.443067,-4.241085,-24.592073,0.879904,2.748867,0.976711,-0.213075,0.002392,0.025070
266,-0.419286,-3.514699,7.402198,-56.988991,2.904037,0.232989,-26.354824,0.970165,2.648883,0.973329,-0.228088,0.002972,0.024434
267,-0.177611,-4.611264,7.540367,-60.782692,1.230183,-0.449064,-28.379150,1.052338,2.612213,0.969146,-0.245260,0.003314,0.024348
268,-0.233413,-4.643396,7.406275,-55.079144,2.913306,-1.579768,-30.402224,1.102693,2.546610,0.964672,-0.262337,0.003457,0.023966
269,-0.063471,-4.960224,7.301163,-47.469666,3.403124,-0.055378,-32.190388,1.176535,2.467218,0.960468,-0.277368,0.003894,0.023530
270,-0.106036,-5.325511,7.711915,-41.697350,3.732683,0.731968,-33.742138,1.269643,2.411186,0.956622,-0.290360,0.004494,0.023348
271,0.180443,-5.636640,8.043435,-28.173227,5.403475,-3.479654,-34.947956,1.339803,2.287239,0.953528,-0.300415,0.005157,0.022546
272,-0.364120,-5.583539,7.902807,-17.909918,6.492934,-1.666890,-35.736752,1.436736,2.102670,0.951458,-0.306975,0.006301,0.021308
274,-0.027787,-5.937285,8.346435,-13.995918,4.878489,-1.183182,-36.272293,1.557373,1.952999,0.950022,-0.311422,0.007609,0.020424
275,-0.089132,-5.790729,8.555256,-8.970942,5.285830,-2.637445,-36.633331,1.631389,1.801918,0.949050,-0.314410,0.008572,0.019399
276,-0.275424,-5.787809,8.228561,-10.092343,3.659154,-1.430462,-36.916756,1.698611,1.659487,0.948282,-0.316751,0.009474,0.018427
277,-0.077786,-6.134039,8.306220,-14.853148,2.384960,-1.801293,-37.314976,1.732538,1.556343,0.947187,-0.320039,0.009979,0.017702
278,-0.082267,-5.862645,8.249834,-16.275209,1.641748,-3.092288,-37.812054,1.709584,1.451618,0.945809,-0.324134,0.010008,0.016816
279,-0.311769,-6.099657,8.151387,-17.099089,1.682906,-3.043485,-38.341240,1.677443,1.337939,0.944323,-0.328486,0.009992,0.015833
280,-0.004329,-6.341448,8.235132,-17.028826,1.200660,-2.774963,-38.894871,1.637710,1.232787,0.942745,-0.333034,0.009894,0.014901
281,-0.021768,-6.332854,8.179365,-14.787161,1.603399,-3.177888,-39.408413,1.578277,1.127134,0.941265,-0.337244,0.009650,0.013903
282,-0.609987,-6.310329,8.147793,-13.850127,1.122740,-0.757760,-39.858757,1.574526,1.048546,0.939943,-0.340933,0.009798,0.013285
283,-0.346468,-6.771862,8.131719,-14.468054,-0.912778,3.685793,-40.311836,1.630549,1.084007,0.938575,-0.344652,0.010098,0.013782
284,0.127957,-6.499425,7.928571,-13.708102,-2.814147,3.311887,-40.766922,1.637706,1.213437,0.937182,-0.348388,0.009708,0.014902
285,-0.561847,-6.590126,7.707437,-13.094628,-3.104100,4.302192,-41.196526,1.637975,1.374460,0.935847,-0.351912,0.009160,0.016255
286,-0.315935,-6.555946,7.763394,-13.581347,-3.267322,4.657779,-41.622780,1.674541,1.557049,0.934498,-0.355408,0.008831,0.017891
287,-0.006273,-7.190098,7.750850,-13.837711,-3.574079,4.543293,-42.076405,1.676315,1.747387,0.933053,-0.359118,0.008178,0.019481
288,0.164426,-6.822980,7.808401,-10.296051,-2.051336,0.912999,-42.478001,1.624143,1.877946,0.931775,-0.362391,0.007273,0.020406
289,-0.285019,-7.215615,7.489061,-8.728947,-0.436988,-0.326127,-42.799614,1.572852,1.913291,0.930756,-0.365002,0.006686,0.020551
290,0.184645,-7.379733,7.534960,-9.218897,0.922533,-2.424352,-43.131676,1.520199,1.873455,0.929710,-0.367690,0.006327,0.020078
291,0.121233,-7.294891,7.372741,-7.372660,1.816582,-4.118267,-43.444046,1.429100,1.762096,0.928737,-0.370209,0.005894,0.018899
292,0.078517,-6.799762,7.159209,-6.055853,2.872401,-3.886443,-43.688648,1.351406,1.611268,0.927980,-0.372177,0.005714,0.017438
293,-0.281165,-6.901352,7.009521,-9.606720,2.861671,-2.580298,-43.962933,1.329104,1.467192,0.927111,-0.374389,0.005962,0.016213
294,-0.128835,-6.971196,7.227063,-11.347838,2.437455,0.364728,-44.323330,1.363493,1.378994,0.925937,-0.377300,0.006480,0.015632
295,-0.380540,-6.863696,7.193445,-9.808153,0.807774,1.748751,-44.669353,1.429132,1.366433,0.924786,-0.380097,0.007004,0.015768
296,-0.359565,-6.936643,7.104945,-8.785740,-0.316790,2.708602,-44.967407,1.502595,1.413569,0.923777,-0.382508,0.007398,0.016411
297,-0.465544,-7.169363,7.134895,-7.709955,-1.339108,1.326165,-45.238628,1.549229,1.480574,0.922852,-0.384700,0.007510,0.017124
298,-0.283166,-7.242098,7.136325,-4.304103,-1.723605,-0.524749,-45.441315,1.535129,1.526085,0.922165,-0.386334,0.007212,0.017456
299,-0.201504,-7.195937,7.241572,-1.667287,-2.674268,-2.145292,-45.535728,1.448282,1.547251,0.921857,-0.387090,0.006428,0.017339
300,-0.106885,-7.158143,7.414194,0.447736,-3.037476,-2.346749,-45.533131,1.315066,1.563303,0.921882,-0.387060,0.005302,0.017019
301,-0.061601,-7.332592,7.813562,2.874120,-3.113829,-2.143854,-45.436752,1.170670,1.584866,0.922223,-0.386275,0.004081,0.016701
302,0.092477,-7.432431,8.047715,4.529960,-3.747170,-1.875365,-45.259949,1.015174,1.620191,0.922832,-0.384840,0.002736,0.016458
303,0.079462,-7.419804,9.123655,-0.039818,-5.550906,-1.716754,-45.091927,0.831707,1.689507,0.923407,-0.383472,0.001050,0.016399
304,-0.024124,-7.278563,9.793368,0.902285,-7.820026,-0.045922,-44.924011,0.631464,1.828724,0.923968,-0.382098,-0.001005,0.016852
305,0.031843,-7.544011,10.266167,1.116624,-9.216298,2.911285,-44.710804,0.448331,2.064919,0.924658,-0.380351,-0.003236,0.018152
306,-0.215422,-7.642404,10.302880,3.163585,-9.048458,5.070466,-44.463406,0.322358,2.374950,0.925437,-0.378324,-0.005237,0.020247
307,-0.533911,-7.875428,10.117855,1.716093,-6.391749,7.397580,-44.227463,0.310454,2.704494,0.926153,-0.376399,-0.006374,0.022883
308,-0.526623,-8.154257,9.120034,9.219443,-2.955241,8.925157,-43.949677,0.431829,3.008928,0.926985,-0.374159,-0.006331,0.025757
309,-0.456004,-8.152465,8.152954,20.660889,0.369870,7.608398,-43.435116,0.632415,3.238263,0.928576,-0.370023,-0.005330,0.028291
310,-0.278975,-7.986112,7.245022,33.763786,3.051003,4.483379,-42.582783,0.839248,3.346625,0.931246,-0.363146,-0.003782,0.029865
311,0.006002,-7.569894,6.712865,45.625904,3.119673,-0.260727,-41.366032,0.962251,3.329110,0.935035,-0.353264,-0.002407,0.030139
312,0.351962,-7.024600,6.249478,59.488403,1.834726,-1.829495,-39.748993,0.960758,3.246534,0.939948,-0.340036,-0.001748,0.029489
313,0.298962,-6.492121,5.894203,62.426716,0.894573,-1.197932,-37.874271,0.902224,3.174573,0.945412,-0.324602,-0.001545,0.028754
314,0.167613,-5.998726,6.334239,57.823963,0.238272,0.030303,-36.012146,0.854866,3.143583,0.950576,-0.309188,-0.001387,0.028391
315,0.179312,-5.776349,6.771115,50.053528,-0.837635,1.633944,-34.318501,0.821247,3.169027,0.955040,-0.295098,-0.001313,0.028534
316,0.178143,-5.608999,6.993151,38.054810,-0.573782,3.306260,-32.941452,0.806299,3.248161,0.958499,-0.283596,-0.001291,0.029172
317,0.173585,-5.220928,8.045234,28.854822,0.095969,0.858585,-31.871901,0.797431,3.309407,0.961090,-0.274635,-0.001239,0.029675
318,0.167522,-5.008534,8.399749,25.807590,0.294212,-1.129776,-30.950367,0.762759,3.301702,0.963274,-0.266889,-0.001274,0.029539
319,0.341243,-5.065248,8.250357,12.548843,2.550894,-5.078969,-30.307713,0.703239,3.188065,0.964791,-0.261471,-0.001351,0.028453
320,0.278432,-4.774870,8.239622,4.969556,4.955566,-6.771330,-30.022518,0.658108,2.954006,0.965500,-0.259061,-0.001131,0.026383
321,0.063480,-4.170225,7.726515,4.670553,5.263679,-10.580112,-29.846054,0.625294,2.618425,0.965974,-0.257571,-0.000612,0.023482
322,0.090205,-4.211814,6.429046,1.447727,6.504171,-12.981967,-29.766541,0.575577,2.179937,0.966240,-0.256893,-0.000032,0.019674
323,0.138936,-3.995628,5.643870,4.074999,8.402315,-15.034405,-29.772329,0.527712,1.650296,0.966311,-0.256934,0.000751,0.015101
324,-0.231451,-3.585114,5.493759,14.872077,6.908428,-12.811137,-29.553814,0.517427,1.119820,0.966859,-0.255084,0.001873,0.010600
325,-0.049687,-3.137155,5.953801,17.533226,4.921724,-15.721050,-29.034716,0.471798,0.608557,0.968044,-0.250689,0.002654,0.006173
326,-0.185764,-3.707724,6.981391,17.843107,4.303751,-11.672753,-28.419094,0.395478,0.134732,0.969397,-0.245471,0.003057,0.001987
327,-0.139669,-3.532030,8.233838,21.945055,2.413179,-8.062384,-27.693113,0.354044,-0.207610,0.970935,-0.239316,0.003433,-0.001020
328,-0.236004,-3.614701,9.645173,23.605772,0.824744,-5.008976,-26.806890,0.317856,-0.424973,0.972754,-0.231794,0.003558,-0.002965
329,-0.160395,-3.841973,10.080883,25.821962,1.267315,-8.781033,-25.848227,0.263023,-0.645348,0.974652,-0.223644,0.003497,-0.004976
330,-0.776725,-4.259612,9.753994,29.069471,1.307155,-2.959543,-24.849085,0.264073,-0.839490,0.976555,-0.215131,0.003827,-0.006658
331,-0.522132,-3.815964,9.334736,31.656118,-0.146804,-0.649174,-23.786833,0.326125,-0.901007,0.978503,-0.206063,0.004405,-0.007107
332,-0.572371,-3.642154,9.143628,27.424921,-2.563653,2.256287,-22.753304,0.354780,-0.857146,0.980324,-0.197229,0.004511,-0.006722
333,-0.364965,-3.556811,8.928119,22.027855,-5.346757,4.835181,-21.895969,0.328204,-0.696553,0.981781,-0.189896,0.003966,-0.005424
334,-0.282329,-3.135786,9.013591,18.484810,-6.979374,10.430799,-21.180216,0.263988,-0.383599,0.982960,-0.183773,0.002880,-0.002867
335,-0.052963,-2.770875,9.027265,16.159584,-7.449305,9.055964,-20.530249,0.170084,0.006119,0.983993,-0.178203,0.001451,0.000317
336,-0.020929,-2.968386,9.224002,13.017987,-7.591217,8.665329,-19.972511,0.037252,0.370349,0.984844,-0.173412,-0.000240,0.003239
337,-0.090570,-2.908345,9.043653,14.670768,-5.229065,6.258952,-19.460794,-0.075059,0.676746,0.985597,-0.169005,-0.001644,0.005710
338,-0.076046,-3.051179,9.015328,13.637836,-3.756506,5.593663,-18.959143,-0.140771,0.912581,0.986314,-0.164681,-0.002523,0.007653
339,-0.050609,-3.282417,8.828105,12.522356,-2.525046,3.916686,-18.530664,-0.178758,1.096397,0.986909,-0.160984,-0.003080,0.009192
340,0.083648,-3.432720,9.056231,9.526534,-1.917761,1.751387,-18.271370,-0.227731,1.209739,0.987262,-0.158743,-0.003638,0.010107
341,0.074687,-3.365971,9.174727,7.455170,-0.291208,-0.169778,-18.159470,-0.276379,1.246855,0.987413,-0.157773,-0.004099,0.010364
342,-0.094612,-3.330834,9.406553,6.859522,0.093421,-0.314707,-18.054794,-0.256654,1.240785,0.987557,-0.156873,-0.003911,0.010342
343,-0.106415,-3.085812,9.377330,5.218903,0.797140,-1.878692,-17.915812,-0.183256,1.201857,0.987750,-0.155683,-0.003213,0.010111
344,-0.199774,-3.279939,9.297882,1.225277,1.067580,-3.271747,-17.877964,-0.087655,1.110974,0.987809,-0.155368,-0.002262,0.009458
345,-0.014534,-3.198204,9.025464,-0.897810,1.591214,-3.297608,-18.003574,-0.016008,0.993378,0.987646,-0.156458,-0.001494,0.008540
346,-0.233720,-2.994913,9.021254,-5.289711,1.786616,-4.104796,-18.178532,0.021288,0.858643,0.987416,-0.157970,-0.001000,0.007428
347,-0.215850,-3.095258,9.002049,-11.112690,1.125997,-4.126123,-18.464058,0.052399,0.713043,0.987027,-0.160433,-0.000547,0.006215
348,-0.175346,-3.019648,8.850173,-13.641196,0.782755,-4.667797,-18.888962,0.059484,0.563820,0.986433,-0.164092,-0.000295,0.004939
349,-0.152583,-2.963608,8.914201,-18.019073,-0.167822,-3.440927,-19.415447,0.044532,0.432607,0.985673,-0.168622,-0.000254,0.003787
350,-0.409866,-3.075459,8.815681,-21.189917,-1.864519,-1.301535,-20.061834,0.020646,0.369362,0.984709,-0.174179,-0.000384,0.003205
351,0.013839,-3.043206,8.351647,-25.511330,-2.538886,1.561135,-20.837816,-0.022180,0.398615,0.983506,-0.180842,-0.000819,0.003386
352,0.064198,-3.457432,7.751979,-32.877102,-2.741854,4.756414,-21.843882,-0.071421,0.528730,0.981876,-0.189467,-0.001486,0.004412
353,0.014577,-4.017323,7.486917,-38.401348,-2.816642,6.288438,-23.131550,-0.091304,0.734539,0.979676,-0.200484,-0.002066,0.006120
354,0.550863,-3.917131,6.774003,-40.233009,-1.721180,5.565084,-24.580132,-0.121835,0.946575,0.977050,-0.212845,-0.002797,0.007845
355,0.175262,-4.274264,6.487129,-43.244312,0.202816,6.073135,-26.134438,-0.114628,1.134538,0.974060,-0.226073,-0.003213,0.009418
356,0.407730,-4.284630,6.094196,-47.815197,0.869488,7.153416,-27.836195,-0.042195,1.324590,0.970577,-0.240514,-0.003138,0.011131
357,0.387251,-4.581310,6.553390,-53.019272,3.562532,6.629915,-29.683113,0.073212,1.492487,0.966553,-0.256133,-0.002719,0.012753
358,0.261360,-4.441825,7.114490,-56.709351,5.082186,5.879069,-31.608788,0.255932,1.600379,0.962092,-0.272357,-0.001655,0.014046
359,-0.123727,-5.219110,7.934155,-56.035057,5.806952,7.205070,-33.528534,0.512182,1.687396,0.957367,-0.288464,0.000032,0.015388
360,0.298168,-5.349022,8.009594,-49.282917,5.985423,3.979221,-35.302975,0.760806,1.730502,0.952758,-0.303281,0.001747,0.016403
361,-0.063494,-5.785029,8.601861,-42.024040,7.505151,0.141457,-36.813282,0.955227,1.654655,0.948670,-0.315829,0.003349,0.016332
362,-0.177346,-5.727177,8.277075,-34.485821,5.768635,-2.444993,-38.054546,1.104338,1.490531,0.945199,-0.326094,0.004869,0.015437
363,-0.285832,-6.110937,7.860871,-32.326542,4.550965,-3.047717,-39.147266,1.188018,1.311848,0.942060,-0.335090,0.005932,0.014259
364,-0.186142,-6.119507,7.505772,-33.588478,1.953854,-5.034461,-40.247757,1.190101,1.138740,0.938818,-0.344112,0.006332,0.012903
365,-0.262552,-6.336204,7.718783,-37.931225,0.623254,-3.262854,-41.433716,1.134522,1.005901,0.935227,-0.353800,0.006155,0.011712
366,-0.355806,-6.692565,7.419558,-39.025303,-0.861433,-4.237886,-42.715305,1.060308,0.915669,0.931229,-0.364230,0.005707,0.010811
367,-0.253943,-6.990672,7.636233,-37.160641,0.009910,-5.048119,-43.990597,0.956728,0.812322,0.927137,-0.374563,0.005086,0.009699
368,-0.082018,-7.113519,7.775084,-32.007515,1.421385,-7.401100,-45.127316,0.826563,0.647951,0.923399,-0.383731,0.004491,0.007989
369,-0.057938,-7.128039,7.526235,-30.086245,4.679204,-6.052211,-46.131710,0.727106,0.419035,0.920021,-0.391800,0.004405,0.005850
370,-0.057034,-7.298742,7.189846,-27.945271,6.910079,-7.681925,-47.077702,0.684111,0.122160,0.916770,-0.399369,0.005047,0.003362
371,0.039412,-7.610421,7.174247,-24.588190,8.731997,-7.152467,-47.946095,0.664483,-0.236741,0.913724,-0.406288,0.006138,0.000468
372,0.044040,-7.809029,6.848353,-20.253050,9.385041,-7.654552,-48.702274,0.662250,-0.626069,0.911020,-0.412286,0.007518,-0.002594
373,0.198802,-7.881479,6.511272,-16.795408,10.454642,-7.421170,-49.350960,0.661560,-1.040504,0.908656,-0.417406,0.009036,-0.005841
374,0.015829,-8.105800,6.842508,-12.649563,10.698722,-9.363753,-49.869919,0.650777,-1.490235,0.906727,-0.421480,0.010632,-0.009398
375,0.124768,-8.189529,7.056644,-9.176550,9.819734,-8.309404,-50.237206,0.623301,-1.941420,0.905327,-0.424343,0.012116,-0.013030
377,-0.009372,-7.857034,7.174540,-5.746134,7.474335,-4.039924,-50.455841,0.629246,-2.294208,0.904471,-0.426029,0.013499,-0.015770
378,-0.013770,-7.820311,7.314157,-4.091774,4.430081,1.679210,-50.557621,0.713384,-2.471578,0.904070,-0.426794,0.014837,-0.016844
379,0.095205,-7.808129,7.378044,-2.022308,1.091307,6.997005,-50.581486,0.865033,-2.449850,0.903988,-0.426956,0.015956,-0.016104
380,0.124533,-8.029602,7.330650,2.148335,-2.326842,11.107762,-50.504017,1.056375,-2.241170,0.904306,-0.426338,0.016678,-0.013755
381,-0.033623,-8.228098,7.388254,7.194794,-4.434211,12.514590,-50.285267,1.262830,-1.902391,0.905151,-0.424623,0.017027,-0.010345
382,-0.066456,-8.726021,7.811421,6.935576,-5.842691,10.483528,-49.993587,1.428255,-1.524214,0.906251,-0.422347,0.016915,-0.006788
383,0.278189,-7.754368,8.813409,8.150659,-8.206458,4.135568,-49.622005,1.424665,-1.185416,0.907632,-0.419455,0.015625,-0.004172
384,-0.319990,-7.790384,9.908249,17.171236,-10.208560,3.027672,-48.984623,1.286593,-0.869763,0.909969,-0.414456,0.013363,-0.002252
385,-0.459006,-7.590155,10.352685,23.819166,-11.165311,6.174172,-48.043633,1.174083,-0.495368,0.913352,-0.407019,0.011118,0.000223
386,-0.253680,-7.321640,10.766577,28.680334,-10.403871,11.086165,-46.885178,1.150922,-0.030076,0.917414,-0.397807,0.009319,0.003755
387,-0.612422,-7.044769,10.561919,36.011993,-7.739574,17.170094,-45.516781,1.298283,0.519700,0.922056,-0.386865,0.008693,0.008565
388,-0.993467,-7.878252,9.563046,47.126102,-7.205369,26.400578,-43.914627,1.683337,1.215676,0.927252,-0.373999,0.009657,0.015330
389,-0.652898,-7.913964,8.028324,47.948799,-8.999718,30.696203,-42.244942,2.187457,2.097634,0.932360,-0.360563,0.011208,0.023949
390,-0.547432,-7.726520,7.525739,50.567112,-11.132885,32.060440,-40.604553,2.652996,3.103549,0.937062,-0.347341,0.012310,0.033420
391,-0.993135,-7.355247,6.905478,52.634338,-14.427230,32.751778,-38.930923,3.055297,4.203929,0.941547,-0.333818,0.012900,0.043447
392,-0.502479,-6.892630,6.456477,51.341301,-18.641722,31.378502,-37.279552,3.312810,5.380589,0.945673,-0.320417,0.012364,0.053685
393,-0.402847,-6.130186,6.251532,46.549267,-19.737335,29.411541,-35.735859,3.395396,6.569026,0.949265,-0.307801,0.010579,0.063582
394,-0.254476,-6.032991,6.907120,37.341312,-17.570583,25.070198,-34.403736,3.383234,7.663219,0.952135,-0.296834,0.008383,0.072518
395,-0.151867,-5.580008,7.014932,35.113068,-14.462404,16.495907,-33.244659,3.282020,8.530623,0.954556,-0.287193,0.006097,0.079407
396,-0.098216,-5.281329,6.923024,32.170742,-12.672658,9.160649,-32.175472,3.079685,9.129892,0.956852,-0.278185,0.003691,0.083868
397,-0.068254,-4.927639,7.736857,31.967609,-8.996882,-0.355148,-31.136709,2.793997,9.441328,0.959219,-0.269331,0.001324,0.085776
398,-0.094171,-5.084682,7.768566,33.371365,-7.286490,-8.093227,-30.072227,2.437352,9.456193,0.961804,-0.260180,-0.000909,0.085086
399,-0.078062,-4.147634,7.394442,37.924671,-5.898044,-14.978293,-28.906504,2.013380,9.228089,0.964712,-0.250111,-0.003117,0.082256
400,-0.146878,-3.956848,7.066548,33.113445,-4.042624,-16.368469,-27.730257,1.589272,8.846105,0.967622,-0.239939,-0.005055,0.078179
401,0.159946,-4.217694,7.460861,32.132187,-2.530564,-19.826292,-26.676592,1.177975,8.358436,0.970213,-0.230803,-0.006836,0.073272
402,0.052404,-4.159367,6.933866,32.739254,-3.249428,-18.855886,-25.667465,0.763110,7.820153,0.972627,-0.222043,-0.008668,0.067962
403,0.127373,-4.010081,7.684884,29.301090,-0.963707,-19.953089,-24.703379,0.391630,7.263010,0.974840,-0.213692,-0.010217,0.062602
404,-0.158379,-4.547420,8.274548,24.428560,-0.547167,-17.766460,-23.872707,0.099157,6.699440,0.976696,-0.206521,-0.011240,0.057346
405,-0.068963,-4.662499,9.517492,17.761528,-1.516098,-19.562460,-23.235031,-0.172309,6.142688,0.978122,-0.201009,-0.012260,0.052179
406,-0.126015,-4.040344,10.213799,14.370898,-0.264797,-18.419523,-22.702425,-0.435440,5.571636,0.979310,-0.196407,-0.013287,0.046904
407,-0.140286,-4.000597,10.549769,7.885864,0.959071,-17.479523,-22.289007,-0.633089,5.014317,0.980235,-0.192859,-0.013870,0.041852
408,-0.262071,-3.745143,9.737550,3.804147,0.567033,-16.228214,-22.054483,-0.788255,4.484338,0.980813,-0.190861,-0.014230,0.037085
409,0.058229,-3.139681,8.753347,6.105392,1.826019,-16.840071,-21.844225,-0.931374,3.957895,0.981321,-0.189080,-0.014518,0.032367
410,0.153527,-2.658725,7.433370,11.997177,3.469451,-13.380796,-21.487230,-1.032645,3.456452,0.982035,-0.186055,-0.014471,0.027950
411,0.166794,-2.724564,6.640497,11.075574,3.536573,-12.301975,-21.080631,-1.083957,3.014811,0.982788,-0.182611,-0.014108,0.024131
412,-0.004141,-2.558301,6.617848,16.556664,2.343332,-12.407253,-20.621119,-1.130491,2.595191,0.983592,-0.178709,-0.013756,0.020513
413,0.033378,-2.597647,7.408514,18.522104,2.378506,-12.909253,-20.014990,-1.182133,2.172047,0.984590,-0.173544,-0.013451,0.016872
414,0.039178,-2.434739,8.521440,19.646935,2.326697,-10.023705,-19.314878,-1.217956,1.784745,0.985681,-0.167564,-0.013089,0.013570
415,-0.274805,-2.659587,9.748405,18.573021,2.076593,-9.546047,-18.586325,-1.215716,1.450912,0.986762,-0.161331,-0.012513,0.010781
416,-0.325665,-2.560477,10.018019,19.774271,1.805208,-9.573442,-17.854088,-1.193603,1.126812,0.987801,-0.155060,-0.011815,0.008097
417,-0.288884,-2.663451,10.037725,16.426691,2.264744,-7.997091,-17.169266,-1.156575,0.826269,0.988731,-0.149187,-0.011056,0.005623
418,-0.557479,-2.485261,9.804205,16.072926,1.747738,-3.852594,-16.561817,-1.076036,0.617259,0.989523,-0.143968,-0.010068,0.003978
419,-0.541803,-2.862652,9.562798,12.749577,0.068033,-2.917101,-16.049870,-0.990108,0.500656,0.990166,-0.139560,-0.009165,0.003120
420,-0.438132,-2.615603,9.017022,11.277050,-0.786171,-3.539587,-15.650136,-0.949359,0.401131,0.990652,-0.136115,-0.008684,0.002340
421,-0.130658,-2.552657,9.141751,7.512588,-1.352074,-1.896104,-15.336491,-0.951705,0.323806,0.991022,-0.133409,-0.008608,0.001692
422,-0.120977,-2.556845,9.250389,6.017163,-1.214401,-1.908218,-15.114442,-0.921775,0.274223,0.991282,-0.131493,-0.008289,0.001314
423,0.362835,-2.671626,9.340292,4.083656,-0.578018,-3.247957,-14.984952,-0.953925,0.199865,0.991428,-0.130377,-0.008481,0.000644
424,0.269935,-2.560563,9.535609,2.699492,1.060531,-4.218523,-14.906936,-1.054505,0.078048,0.991509,-0.129709,-0.009213,-0.000518
425,0.371969,-2.578692,9.526778,2.406468,1.374595,-2.572122,-14.831460,-1.115819,-0.041663,0.991588,-0.129065,-0.009609,-0.001617
426,0.140388,-2.650139,9.478037,1.164194,2.041294,-1.328524,-14.813298,-1.110969,-0.118325,0.991608,-0.128914,-0.009481,-0.002274
427,0.196335,-2.624675,9.437781,-0.326889,1.939098,0.404942,-14.862025,-1.039915,-0.148977,0.991558,-0.129339,-0.008830,-0.002463
428,0.211944,-2.564048,9.511550,-2.457238,1.768156,2.565647,-14.948693,-0.977060,-0.116263,0.991466,-0.130086,-0.008322,-0.002115
429,0.113381,-2.533143,9.422566,-4.502019,1.317989,4.071731,-15.076615,-0.903518,-0.022526,0.991326,-0.131187,-0.007791,-0.001229
430,0.173266,-2.651090,9.502254,-8.835674,1.003657,5.257377,-15.307389,-0.823262,0.117488,0.991066,-0.133174,-0.007257,0.000059
431,0.185198,-2.738107,9.491346,-11.969978,0.544339,4.772130,-15.669792,-0.757417,0.271886,0.990643,-0.136300,-0.006871,0.001449
432,0.283807,-2.709219,9.542475,-15.684121,-0.180521,3.885555,-16.142513,-0.723787,0.409177,0.990071,-0.140379,-0.006755,0.002648
433,0.220395,-2.796769,9.528031,-17.951664,-0.630726,2.649540,-16.708603,-0.720786,0.517627,0.989363,-0.145261,-0.006879,0.003555
434,0.415094,-2.854991,9.405775,-19.025932,-1.024505,1.457765,-17.329912,-0.750448,0.591372,0.988557,-0.150618,-0.007251,0.004115
435,0.119787,-2.902301,9.337866,-22.207489,-1.985904,0.327035,-18.018885,-0.806338,0.635195,0.987629,-0.156552,-0.007818,0.004373
436,0.216151,-2.954620,9.297681,-23.931767,-2.574927,0.684096,-18.783703,-0.877408,0.675143,0.986557,-0.163134,-0.008515,0.004563
437,0.151317,-3.129892,9.088685,-26.864588,-2.806887,1.892623,-19.629604,-0.953082,0.745256,0.985318,-0.170401,-0.009304,0.004990
438,0.124187,-3.287029,8.805740,-28.082321,-3.688866,2.797499,-20.558256,-1.026162,0.856087,0.983895,-0.178366,-0.010144,0.005753
439,0.184715,-3.250466,8.522127,-33.221687,-4.731071,3.676433,-21.594810,-1.117712,1.007396,0.982227,-0.187236,-0.011227,0.006808
440,0.286032,-3.390964,8.439941,-34.637768,-5.564258,5.151991,-22.736198,-1.229643,1.208617,0.980292,-0.196978,-0.012598,0.008224
441,-0.061294,-3.413302,7.663802,-37.393658,-7.384651,7.961237,-23.959280,-1.331226,1.495184,0.978104,-0.207384,-0.014071,0.010352
442,0.406993,-4.185145,7.412005,-37.180309,-8.173547,6.722194,-25.280321,-1.462735,1.827055,0.975605,-0.218583,-0.015942,0.012763
443,0.552203,-4.108361,6.717355,-32.876156,-5.433139,3.734375,-26.575819,-1.631603,2.086478,0.973027,-0.229531,-0.018039,0.014446
444,-0.063679,-5.099540,7.114705,-28.756788,-3.376221,4.219626,-27.766315,-1.706798,2.276467,0.970559,-0.239582,-0.019222,0.015709
445,0.294553,-5.339334,6.806409,-17.780085,-1.418403,1.308214,-28.746466,-1.715155,2.401168,0.968456,-0.247851,-0.019696,0.016580
446,0.695675,-5.093036,6.898428,-9.560673,2.028534,-4.243147,-29.387499,-1.763211,2.359176,0.967056,-0.253262,-0.020101,0.016009
447,-0.255020,-4.458502,7.444253,-11.999483,4.341848,-2.938460,-29.837687,-1.724395,2.205679,0.966078,-0.257094,-0.019492,0.014723
448,-0.179618,-5.068758,8.476254,-21.907425,3.383791,-0.248122,-30.426456,-1.574995,2.095491,0.964769,-0.262101,-0.018058,0.014037
449,0.326816,-4.575245,8.042048,-25.311775,3.290794,-2.193629,-31.213598,-1.476382,2.003060,0.962964,-0.268754,-0.017109,0.013368
450,-0.161713,-4.525982,8.473266,-39.290615,4.159118,0.627846,-32.247478,-1.363720,1.914168,0.960517,-0.277463,-0.016069,0.012741
451,-0.102422,-5.638578,8.648531,-50.162739,3.098756,4.786087,-33.715015,-1.167901,1.922556,0.956894,-0.289773,-0.014617,0.013100
452,0.820886,-6.043115,8.216633,-50.120159,3.710599,1.227595,-35.422531,-1.033684,1.941112,0.952473,-0.304019,-0.013745,0.013391
453,0.109133,-6.082762,7.526829,-48.049732,4.638254,0.223470,-37.121025,-0.938510,1.880422,0.947871,-0.318125,-0.012986,0.012948
454,0.371138,-6.448232,7.521831,-50.403000,5.240964,0.176149,-38.832939,-0.813001,1.785946,0.943026,-0.332279,-0.011871,0.012340
455,0.150198,-6.872321,7.138506,-48.354042,5.817719,-2.158545,-40.565651,-0.705442,1.644647,0.937909,-0.346529,-0.010749,0.011328
456,0.079940,-6.761571,7.360746,-44.924057,7.302448,-3.794327,-42.191067,-0.604689,1.426651,0.932920,-0.359830,-0.009404,0.009716
457,-0.258443,-6.695890,7.139477,-40.991867,7.493259,-2.286646,-43.651432,-0.468180,1.184582,0.928277,-0.371722,-0.007636,0.008077
458,-0.010787,-7.079254,7.499864,-37.798134,7.943489,-0.847625,-44.969944,-0.293081,0.967012,0.923952,-0.382406,-0.005590,0.006819
459,-0.341863,-6.904986,7.664684,-26.818968,6.980712,-0.699531,-46.012169,-0.108823,0.771095,0.920445,-0.390814,-0.003504,0.005823
460,0.135176,-6.797184,7.765393,-14.565461,5.349544,0.811180,-46.620953,0.050687,0.623228,0.918359,-0.395710,-0.001746,0.005170
461,-0.014871,-6.471673,7.572000,-6.216670,4.171512,-1.348024,-46.853996,0.146645,0.501661,0.917556,-0.397581,-0.000566,0.004526
462,0.136311,-6.547985,7.681445,-3.202447,4.949708,-1.847027,-46.881378,0.202599,0.354571,0.917464,-0.397802,0.000391,0.003542
463,0.221860,-6.476645,7.629689,3.302404,5.205866,-3.838563,-46.541283,0.178841,0.167331,0.918646,-0.395076,0.000857,0.001958
464,0.161226,-6.558510,7.266671,6.655170,6.461402,-4.438562,-45.917248,0.105916,-0.067842,0.920786,-0.390066,0.001082,-0.000185
465,0.146804,-6.639464,6.992334,3.996327,7.726235,-5.433629,-45.529095,0.096167,-0.352125,0.922099,-0.386941,0.001963,-0.002509
466,0.244621,-7.147460,7.144958,4.509159,9.230725,-3.411851,-45.357677,0.163474,-0.657049,0.922668,-0.385551,0.003527,-0.004740
467,-0.312732,-7.486210,7.378808,9.292954,7.607143,-0.691125,-45.123909,0.313110,-0.904535,0.923441,-0.383649,0.005552,-0.006241
468,-0.035556,-7.315501,7.316199,11.931283,5.251156,1.954872,-44.770485,0.494631,-1.040906,0.924612,-0.380777,0.007450,-0.006755
469,-0.125669,-7.366730,7.732345,9.204508,4.018210,3.862281,-44.405293,0.673491,-1.080148,0.925817,-0.377809,0.009003,-0.006506
470,-0.184934,-7.642970,8.073297,8.807856,3.821379,4.446725,-44.082809,0.868548,-1.071900,0.926872,-0.375184,0.010535,-0.005826
471,-0.179154,-7.542772,8.073048,8.180783,3.384973,2.128855,-43.778896,1.034633,-1.076009,0.927858,-0.372707,0.011878,-0.005347
472,-0.024083,-7.979877,7.696816,5.971193,4.657570,-1.705821,-43.557461,1.127589,-1.163716,0.928568,-0.370893,0.012905,-0.005779
473,-0.410734,-8.119811,7.935470,0.178599,5.051262,-4.595925,-43.504044,1.172852,-1.352229,0.928728,-0.370433,0.013878,-0.007167
474,-0.335239,-8.031874,8.429129,-5.153077,3.075233,-6.651307,-43.614655,1.156545,-1.581927,0.928354,-0.371303,0.014497,-0.009067
475,-0.555112,-7.754226,9.405984,-11.311545,-0.086429,-5.172626,-43.850868,1.076347,-1.758019,0.927574,-0.373206,0.014440,-0.010724
476,-0.495663,-7.830657,10.260036,-8.788750,-2.538518,0.937259,-44.075932,1.022670,-1.776435,0.926839,-0.375033,0.014088,-0.011020
477,-0.222880,-7.470490,11.036325,-4.661964,-4.589339,6.094926,-44.126133,1.030093,-1.606484,0.926690,-0.375458,0.013596,-0.009615
478,-0.465718,-7.599479,11.147058,6.229387,-4.947914,11.017600,-43.888638,1.123321,-1.287152,0.927486,-0.373562,0.013289,-0.006755
480,-0.210854,-8.068702,9.851833,24.159607,-5.314119,16.665079,-43.222889,1.325311,-0.831986,0.929647,-0.368198,0.013426,-0.002490
481,-0.249429,-8.161660,8.441592,41.790306,-5.974856,20.232687,-42.069851,1.600301,-0.251299,0.933280,-0.358872,0.013821,0.002966
482,-0.121370,-7.833423,7.195951,51.177544,-7.249032,17.917824,-40.566090,1.843284,0.370117,0.937847,-0.346660,0.013968,0.008605
483,-0.473836,-7.409586,6.260096,55.943928,-6.959091,18.137545,-38.911938,2.045398,0.979319,0.942662,-0.333161,0.013983,0.014002
484,0.038499,-6.670467,5.764691,54.639980,-8.480464,16.315535,-37.248768,2.183641,1.583333,0.947286,-0.319524,0.013643,0.019176
485,-0.517001,-5.567503,6.379134,44.673573,-7.865533,16.346012,-35.717243,2.278581,2.177656,0.951340,-0.306913,0.013095,0.024180
486,-0.126340,-5.463180,7.025847,32.623093,-8.086792,14.171556,-34.468678,2.352197,2.744612,0.954480,-0.296603,0.012504,0.028948
487,-0.985653,-5.076021,7.613070,26.119543,-8.156901,14.273846,-33.481583,2.417221,3.289002,0.956836,-0.288439,0.011926,0.033549
488,-0.710510,-4.815147,8.261539,18.543489,-9.998504,11.106163,-32.673237,2.453340,3.811611,0.958675,-0.281743,0.011180,0.037925
489,-0.564295,-5.022054,8.872971,13.645535,-9.435354,6.529980,-32.052536,2.363793,4.237100,0.960063,-0.276563,0.009608,0.041214
490,-0.491624,-4.982608,8.771649,16.931086,-9.694727,1.521927,-31.473412,2.175242,4.521998,0.961393,-0.271678,0.007558,0.043110
491,-0.412466,-4.356265,8.582437,19.961864,-8.844768,-3.498342,-30.780983,1.900899,4.656634,0.963032,-0.265790,0.005199,0.043562
492,0.237915,-4.068759,8.186388,19.325926,-6.871864,-8.039552,-30.034590,1.545077,4.626493,0.964832,-0.259402,0.002554,0.042471
493,0.132432,-3.735591,7.663007,21.259623,-5.671175,-9.242094,-29.274403,1.160053,4.481540,0.966656,-0.252874,-0.000093,0.040384
494,-0.290407,-3.242597,6.419156,16.865229,-4.873165,-8.274679,-28.574230,0.851660,4.312123,0.968289,-0.246871,-0.002087,0.038290
495,-0.123570,-3.288560,6.143086,5.349189,-2.839059,-9.678501,-28.176573,0.610047,4.110658,0.969238,-0.243442,-0.003570,0.036080
496,-0.385276,-3.759745,6.132086,3.748371,-1.720458,-9.730333,-28.057619,0.417622,3.861103,0.969587,-0.242390,-0.004633,0.033566
497,-0.536681,-3.909801,6.411303,3.339147,-2.161225,-11.120333,-28.010340,0.260913,3.584262,0.969780,-0.241959,-0.005360,0.030895
498,-0.357183,-3.949903,6.917751,2.107517,-2.338012,-8.875580,-27.972683,0.100505,3.324903,0.969938,-0.241613,-0.006161,0.028363
499,-0.257146,-4.136950,8.057303,5.253936,-2.279886,-6.862809,-27.859631,-0.050396,3.129147,0.970232,-0.240632,-0.007000,0.026395
500,-0.243024,-4.230309,8.792842,12.715835,-3.166338,-5.738144,-27.528973,-0.197015,2.985438,0.970962,-0.237807,-0.007867,0.024893
501,0.014067,-3.807115,9.368424,17.827999,-2.519287,-3.925314,-26.940571,-0.338253,2.885483,0.972196,-0.232794,-0.008735,0.023798
502,-0.001178,-3.949738,9.436563,20.384327,-0.941462,-0.194420,-26.203169,-0.415642,2.849370,0.973683,-0.226519,-0.009167,0.023394
503,-0.168873,-4.121171,9.326795,27.016272,0.082498,0.469388,-25.344643,-0.408596,2.859282,0.975350,-0.219218,-0.008951,0.023559
504,-0.137410,-3.763152,9.176023,32.547977,0.598358,-0.893219,-24.295576,-0.374529,2.848048,0.977318,-0.210288,-0.008424,0.023607
505,0.064090,-3.520741,9.291182,33.974991,1.314063,-0.409480,-23.118195,-0.341619,2.815276,0.979433,-0.200245,-0.007842,0.023470
506,-0.274529,-3.475013,8.961743,32.217350,1.376703,1.465913,-21.958214,-0.272797,2.814195,0.981409,-0.190336,-0.007013,0.023653
507,-0.237046,-3.184147,9.098516,29.718081,0.850400,2.647036,-20.878454,-0.174973,2.864794,0.983146,-0.181098,-0.006031,0.024307
508,-0.205599,-2.871748,9.421425,23.661955,0.499556,2.227453,-19.920387,-0.093687,2.933437,0.984609,-0.172887,-0.005232,0.025069
509,-0.171165,-2.955592,9.623122,21.016283,0.116644,4.910065,-19.105417,-0.018879,3.042388,0.985787,-0.165892,-0.004568,0.026151
510,-0.302704,-2.901441,9.468897,19.533289,-0.164015,6.028606,-18.378384,0.068679,3.215529,0.986775,-0.159649,-0.003889,0.027793
511,-0.151950,-2.708756,9.534447,17.836651,0.132116,4.868938,-17.707483,0.151371,3.388756,0.987646,-0.153884,-0.003246,0.029419
512,-0.079405,-2.607233,9.524681,15.488457,-0.224906,3.954924,-17.100452,0.205495,3.529828,0.988407,-0.148660,-0.002807,0.030723
513,-0.052501,-2.518512,9.252505,14.472367,0.473984,1.685879,-16.556288,0.241026,3.618832,0.989076,-0.143972,-0.002466,0.031549
514,0.004405,-2.339456,9.424716,10.232335,0.734879,0.080596,-16.015991,0.258545,3.641935,0.989736,-0.139312,-0.002194,0.031781
515,-0.041129,-2.451069,9.330881,8.354572,0.917944,-1.593355,-15.543335,0.266419,3.610767,0.990310,-0.135231,-0.001958,0.031529
516,0.046033,-2.217843,9.274560,4.562953,1.175801,-3.209316,-15.252570,0.272490,3.524640,0.990673,-0.132720,-0.001726,0.030797
517,-0.073173,-2.185330,9.527063,0.977504,1.488618,-4.112661,-15.041841,0.284268,3.395786,0.990949,-0.130903,-0.001420,0.029699
518,-0.059140,-2.189508,9.675788,-1.623715,0.959148,-4.655880,-14.932323,0.293002,3.244663,0.991112,-0.129960,-0.001145,0.028403
519,-0.056536,-2.282620,9.481681,-2.877872,1.151419,-7.367448,-14.969937,0.276216,3.042178,0.991118,-0.130283,-0.001069,0.026633
520,0.067706,-2.134913,9.815817,-6.286618,1.725142,-9.625823,-15.081316,0.242587,2.756427,0.991056,-0.131242,-0.001058,0.024122
521,-0.165897,-2.546479,9.613107,-5.924851,1.572551,-9.461022,-15.255457,0.212894,2.435177,0.990921,-0.132745,-0.000980,0.021308
522,0.005290,-2.478704,9.177546,-6.504687,1.427608,-9.873017,-15.459722,0.180619,2.111205,0.990740,-0.134508,-0.000916,0.018467
523,0.075091,-2.527268,9.249539,-8.462437,1.299394,-8.827767,-15.706678,0.131555,1.798804,0.990496,-0.136639,-0.001008,0.015707
524,0.012080,-2.464624,9.209087,-9.565642,1.291731,-7.462073,-15.998278,0.090192,1.525919,0.990181,-0.139156,-0.001074,0.013296
525,0.055712,-2.566622,9.030207,-11.393666,1.058240,-6.079591,-16.338987,0.058311,1.298314,0.989788,-0.142098,-0.001106,0.011287
526,0.232230,-2.532434,9.127924,-15.182497,1.401497,-7.176754,-16.772015,0.014866,1.074975,0.989264,-0.145836,-0.001240,0.009299
527,0.142991,-2.572752,9.368487,-20.089781,0.937522,-8.115226,-17.336370,-0.046798,0.820128,0.988553,-0.150705,-0.001482,0.007014
528,-0.159841,-2.758130,9.062049,-22.245836,0.913114,-8.273919,-18.022598,-0.098795,0.550606,0.987646,-0.156623,-0.001604,0.004611
529,-0.122267,-3.110669,8.346202,-24.353224,-0.495240,-6.334445,-18.819653,-0.149393,0.317264,0.986540,-0.163491,-0.001739,0.002518
530,-0.127556,-3.096759,7.710303,-27.858505,-1.595357,-5.470746,-19.746258,-0.227515,0.142876,0.985188,-0.171464,-0.002170,0.000888
531,-0.089784,-3.082467,7.703604,-34.255394,-2.155297,-4.375104,-20.834101,-0.323633,0.010440,0.983514,-0.180811,-0.002794,-0.000421
532,-0.183140,-3.687411,7.422792,-35.642780,-2.756418,-2.725542,-22.077919,-0.417885,-0.069755,0.981490,-0.191477,-0.003463,-0.001296
533,0.163025,-3.939856,7.491238,-35.551693,-1.625673,-4.671081,-23.380537,-0.523659,-0.154864,0.979245,-0.202625,-0.004201,-0.002249
534,0.198316,-3.780756,8.104383,-35.176617,0.191648,-6.769250,-24.633362,-0.637764,-0.318503,0.976961,-0.213326,-0.004845,-0.003903
535,0.193252,-4.330035,9.375788,-34.886768,1.535943,-8.028157,-25.816746,-0.728823,-0.553354,0.974691,-0.223415,-0.005121,-0.006128
536,-0.112537,-4.504586,9.635993,-21.983517,2.097517,-6.041386,-26.755091,-0.768813,-0.790411,0.972811,-0.231401,-0.004931,-0.008263
537,0.060099,-4.289996,10.033391,-13.995115,2.642340,-5.659873,-27.306467,-0.768343,-1.000830,0.971669,-0.236088,-0.004454,-0.010069
538,-0.028021,-4.305878,10.067257,-6.162218,1.078320,-2.102921,-27.559784,-0.758559,-1.145396,0.971132,-0.238240,-0.004048,-0.011284
539,0.006166,-4.426212,9.939220,0.015049,0.553464,-1.494048,-27.581181,-0.745129,-1.212230,0.971082,-0.238422,-0.003793,-0.011823
540,-0.283277,-4.077747,8.919249,7.150550,0.005774,2.134660,-27.393457,-0.699378,-1.207901,0.971475,-0.236828,-0.003433,-0.011686
541,0.058781,-4.326715,8.303761,2.858241,-1.024124,2.265940,-27.197508,-0.652264,-1.135205,0.971889,-0.235160,-0.003203,-0.010967
542,0.165585,-4.483590,7.890090,0.894269,0.547577,2.070622,-27.162172,-0.626835,-1.066955,0.971970,-0.234857,-0.003131,-0.010335
543,0.220987,-4.413466,7.254920,-3.309928,1.637039,1.919534,-27.271168,-0.577141,-1.023706,0.971753,-0.235777,-0.002788,-0.009869
544,-0.005017,-4.570217,6.954629,-11.657164,1.637027,3.610259,-27.627136,-0.488885,-0.965954,0.971026,-0.238788,-0.002130,-0.009204
545,0.084609,-4.854938,6.766043,-21.756321,2.264200,3.869680,-28.330820,-0.367651,-0.885108,0.969553,-0.244738,-0.001220,-0.008274
546,0.032333,-5.202796,6.928945,-31.503098,0.645192,5.287271,-29.391371,-0.250899,-0.773660,0.967259,-0.253693,-0.000405,-0.007086
547,0.140260,-4.782294,6.682291,-34.349564,-1.013511,6.005972,-30.642788,-0.168152,-0.606873,0.964442,-0.264237,-0.000016,-0.005495
548,-0.026546,-5.205362,7.615710,-44.968887,-2.536400,7.719580,-32.068172,-0.103879,-0.380314,0.961091,-0.276210,0.000045,-0.003440
549,0.146451,-5.540807,7.840874,-44.084137,-3.236816,6.140238,-33.624180,-0.064074,-0.133977,0.957258,-0.289234,-0.000197,-0.001281
550,0.255962,-5.434475,8.207132,-41.281143,-3.210952,3.163107,-35.078846,-0.088080,0.054957,0.953510,-0.301361,-0.000877,0.000226
551,0.051867,-5.306935,8.433654,-37.655418,0.266576,3.167647,-36.363091,-0.083156,0.169536,0.950072,-0.312027,-0.001151,0.001179
552,0.008973,-5.844427,8.614401,-40.787926,1.368288,4.301406,-37.617168,0.011808,0.252881,0.946599,-0.322407,-0.000614,0.002122
553,-0.089704,-6.326689,8.418281,-34.131721,3.648037,3.694101,-38.835381,0.165235,0.305859,0.943114,-0.332454,0.000473,0.002997
554,-0.003238,-6.389922,8.240328,-28.507088,4.853529,3.990138,-39.861111,0.359557,0.315165,0.940095,-0.340886,0.002012,0.003655
555,-0.012726,-6.474416,8.232760,-24.144356,5.234996,5.381771,-40.710106,0.584286,0.325935,0.937534,-0.347844,0.003791,0.004440
556,0.049469,-6.675571,8.120724,-19.439804,4.934352,4.203727,-41.405464,0.805048,0.335587,0.935393,-0.353528,0.005536,0.005223
557,-0.063754,-6.903020,8.294169,-11.156960,4.917525,3.198107,-41.885189,0.996006,0.319204,0.933891,-0.357440,0.007122,0.005708
558,0.103479,-6.295569,8.023933,-4.886706,3.269460,3.202630,-42.096531,1.147569,0.308308,0.933218,-0.359160,0.008380,0.006108
559,-0.076180,-6.187020,8.450012,-4.304927,2.094420,5.352601,-42.148323,1.285548,0.356150,0.933040,-0.359584,0.009350,0.006934
560,-0.022973,-6.701239,8.447959,-0.822365,0.351750,6.460375,-42.130981,1.428221,0.476944,0.933071,-0.359452,0.010134,0.008363
561,-0.007315,-6.627758,8.360226,3.421543,-1.389415,5.831629,-42.005901,1.526102,0.642494,0.933438,-0.358448,0.010423,0.010007
562,-0.067502,-6.624221,8.246455,3.963536,-2.002920,5.262393,-41.805645,1.580972,0.819763,0.934039,-0.356833,0.010336,0.011604
563,-0.139678,-6.802909,8.085656,4.052246,-1.006556,0.799011,-41.617367,1.590105,0.929921,0.934611,-0.355308,0.010088,0.012514
564,-0.195517,-6.983037,7.906840,4.069110,0.908437,-1.988891,-41.462639,1.561606,0.916682,0.935095,-0.354044,0.009913,0.012304
565,-0.052925,-7.261639,8.020577,3.907340,1.141848,-2.706126,-41.337376,1.516603,0.835178,0.935496,-0.353014,0.009810,0.011490
566,-0.061886,-7.519820,7.987999,3.461660,-0.536746,-1.519027,-41.243481,1.451937,0.774821,0.935799,-0.352241,0.009477,0.010790
567,-0.115214,-6.936218,9.379642,-4.013730,-3.947256,0.557703,-41.222355,1.363585,0.812748,0.935871,-0.352069,0.008641,0.010827
568,-0.070056,-6.790448,10.361975,-5.220207,-8.616656,6.696458,-41.238503,1.265935,1.044998,0.935810,-0.352214,0.007128,0.012425
569,0.171989,-6.969866,11.505412,-0.518084,-10.444820,10.775187,-41.138012,1.187288,1.477681,0.936075,-0.351412,0.005169,0.015712
570,-0.372288,-6.447586,12.587757,8.977218,-8.314693,10.238032,-40.738857,1.163498,1.952356,0.937223,-0.348166,0.003587,0.019504
571,-0.627525,-6.005206,12.588240,19.217381,-5.964726,9.035670,-39.959381,1.208420,2.357546,0.939489,-0.341800,0.002880,0.022935
572,-0.450953,-7.079364,10.887033,31.813282,-3.929083,8.301775,-38.873085,1.287305,2.690585,0.942603,-0.332899,0.002779,0.025875
573,-0.215794,-7.526620,9.760584,41.959496,-1.132050,5.649737,-37.553402,1.369727,2.927491,0.946305,-0.322042,0.003091,0.028029
574,-0.425733,-7.140235,8.060526,49.714138,1.088192,2.375114,-36.051624,1.455156,3.034382,0.950403,-0.309632,0.003878,0.029103
575,-0.087251,-7.005713,6.341000,46.386967,-1.093871,2.152317,-34.612095,1.498328,3.092113,0.954195,-0.297679,0.004453,0.029645
576,0.290644,-6.866278,6.273904,42.078259,-0.842219,-0.115329,-33.392704,1.447689,3.131308,0.957308,-0.287500,0.004247,0.029797
577,-0.369676,-5.665870,6.034388,47.787327,-0.256323,-0.139814,-32.130436,1.407924,3.130853,0.960423,-0.276930,0.004243,0.029648
578,0.055497,-5.096492,6.009323,36.860958,-0.582885,-4.815279,-30.907722,1.345980,3.062974,0.963351,-0.266651,0.004196,0.028887
579,0.014384,-5.183969,6.873627,26.499332,-0.012296,-7.475049,-30.004065,1.199649,2.887604,0.965489,-0.259012,0.003587,0.027045
580,-0.334093,-4.745075,7.302740,31.030951,-1.262040,-9.347378,-29.144773,1.038036,2.651927,0.967479,-0.251728,0.002943,0.024674
581,-0.260886,-4.774100,7.701433,23.248495,-1.091075,-10.467377,-28.303574,0.861793,2.380232,0.969377,-0.244583,0.002213,0.021977
583,0.020164,-4.689856,8.508159,11.967195,-0.885088,-12.353431,-27.754326,0.649955,2.059584,0.970615,-0.239897,0.001195,0.018808
584,-0.567813,-4.775828,9.046458,9.832399,-2.131713,-6.063537,-27.400084,0.479090,1.810856,0.971404,-0.236871,0.000319,0.016342
585,-0.418397,-4.194276,8.867301,8.124972,-6.779516,-2.025851,-27.080252,0.332222,1.759351,0.972077,-0.234141,-0.000776,0.015605
586,-0.132598,-4.282209,8.707001,-1.984160,-7.443204,2.698461,-26.946346,0.151407,1.877448,0.972343,-0.232980,-0.002532,0.016240
587,-0.047882,-4.021587,8.123012,-0.366618,-8.651716,6.244724,-26.969543,-0.013714,2.132128,0.972264,-0.233144,-0.004455,0.018064
588,0.065055,-4.383135,7.461575,2.692745,-7.575946,6.418674,-26.960918,-0.161868,2.442885,0.972235,-0.233031,-0.006343,0.020400
589,0.538500,-3.602656,6.962234,13.583115,-2.920504,2.121589,-26.730648,-0.297251,2.648810,0.972667,-0.231038,-0.007866,0.021888
590,0.517181,-3.405980,6.225481,19.021414,0.221092,-4.819989,-26.211596,-0.437373,2.628075,0.973710,-0.226603,-0.008916,0.021470
591,0.689418,-3.651672,6.320640,19.922998,1.217192,-5.644151,-25.620829,-0.584195,2.460265,0.974896,-0.221565,-0.009730,0.019803
592,0.195871,-3.240483,6.830332,20.527115,2.524690,-8.592345,-24.980936,-0.690228,2.218502,0.976157,-0.216119,-0.010066,0.017598
593,0.273891,-3.028836,8.009768,17.791321,0.984955,-8.351286,-24.291901,-0.776145,1.936489,0.977477,-0.210256,-0.010176,0.015095
594,-0.369479,-3.485743,8.461165,11.329281,-0.656865,-5.876206,-23.739262,-0.847368,1.716879,0.978504,-0.205548,-0.010317,0.013141
595,-0.268607,-3.935580,9.327685,6.190081,-1.816360,3.403038,-23.418209,-0.844842,1.695612,0.979079,-0.202808,-0.010221,0.012992
596,-0.567615,-3.496013,9.818669,6.782334,-0.308504,5.385317,-23.155396,-0.753395,1.843686,0.979527,-0.200563,-0.009669,0.014441
597,-0.058224,-4.031770,9.867963,10.130412,-1.625183,9.000314,-22.826920,-0.637090,2.076586,0.980069,-0.197753,-0.009035,0.016662
598,-0.172913,-4.294385,8.926697,17.347960,0.045808,8.727219,-22.391979,-0.519589,2.359893,0.980769,-0.194031,-0.008445,0.019320
599,0.082792,-4.338786,8.816841,20.979382,-0.105196,7.033471,-21.824602,-0.404369,2.604520,0.981674,-0.189177,-0.007766,0.021648
600,-0.113565,-3.928128,8.779424,26.757811,1.761053,2.037610,-21.093246,-0.311879,2.735827,0.982834,-0.182919,-0.007044,0.022971
601,0.267852,-4.092596,8.613687,29.006750,1.747311,-2.430301,-20.232399,-0.262100,2.709619,0.984185,-0.175542,-0.006404,0.022874
602,0.050014,-3.512253,8.449920,28.574635,3.758428,-4.678008,-19.341419,-0.230181,2.567321,0.985548,-0.167899,-0.005743,0.021746
603,0.236760,-3.050418,8.933879,21.388975,3.527964,-3.905905,-18.527397,-0.175013,2.392468,0.986747,-0.160912,-0.004868,0.020359
604,0.158625,-2.689925,9.243842,14.035657,4.336626,-3.484777,-17.907547,-0.109614,2.234128,0.987629,-0.155589,-0.003979,0.019109
605,0.267485,-2.795383,8.939264,5.191513,4.766846,-2.262541,-17.557341,-0.018244,2.096357,0.988120,-0.152590,-0.002949,0.018055
606,0.181376,-2.411509,8.948496,-7.665810,6.278934,-2.801226,-17.567270,0.104347,1.960157,0.988125,-0.152697,-0.001712,0.017043
607,0.056715,-2.775826,9.254605,-24.885740,6.306340,-1.153247,-18.075369,0.267670,1.833197,0.987450,-0.157100,-0.000206,0.016165
608,-0.335922,-2.892316,9.196057,-33.586506,8.686834,-0.683245,-19.035137,0.507993,1.724462,0.986103,-0.165395,0.001883,0.015574
609,-0.416421,-3.140306,9.202525,-39.539108,9.428578,-1.917670,-20.247028,0.815936,1.581610,0.984295,-0.175846,0.004583,0.014838
610,-0.611651,-3.288715,9.758220,-44.046616,9.349408,-3.763974,-21.624426,1.121552,1.380503,0.982107,-0.187684,0.007353,0.013668
611,-0.726861,-3.870866,9.721578,-38.386890,9.212285,-3.852396,-22.987307,1.416227,1.144417,0.979798,-0.199355,0.010120,0.012248
612,-0.767102,-4.091860,9.463367,-24.363657,10.182994,-7.413816,-24.046228,1.696985,0.841915,0.977907,-0.208384,0.012953,0.010270
613,-0.728106,-4.271050,9.495944,-11.538278,9.203547,-12.421819,-24.664042,1.909104,0.406557,0.976772,-0.213603,0.015517,0.007024
614,-0.902050,-4.124568,9.127204,6.017501,8.500304,-11.892226,-24.771132,2.065960,-0.085402,0.976570,-0.214441,0.017768,0.003139
615,-0.483793,-4.648070,8.927303,11.657223,7.233937,-11.524414,-24.518629,2.183074,-0.550461,0.977027,-0.212206,0.019635,-0.000648
616,-0.509251,-4.490231,8.950934,19.767315,6.158216,-15.105742,-24.064419,2.218851,-1.048866,0.977843,-0.208240,0.020843,-0.004914
617,-0.425158,-4.116704,8.878082,22.089649,3.988389,-15.491789,-23.417810,2.178964,-1.585060,0.978974,-0.202626,0.021423,-0.009683
618,-0.170192,-4.011992,8.892707,15.973670,1.336298,-11.521349,-22.817501,2.074496,-2.034827,0.979989,-0.197428,0.021254,-0.013822
619,0.099118,-4.199176,9.237967,6.009275,-0.824557,-9.748288,-22.488493,1.906151,-2.366517,0.980527,-0.194586,0.020337,-0.017008
620,0.063862,-3.550999,8.953840,7.590100,-2.884745,-8.559673,-22.277887,1.681385,-2.625627,0.980863,-0.192788,0.018818,-0.019643
621,0.024980,-3.390589,8.897933,3.145175,-3.542579,-3.591324,-22.079264,1.462954,-2.772238,0.981187,-0.191113,0.017158,-0.021297
622,0.325594,-3.409713,9.021765,-3.800721,-5.666869,-0.785225,-22.061260,1.238904,-2.781398,0.981229,-0.191009,0.015252,-0.021752
623,0.268252,-4.028642,9.314507,-10.172983,-5.792233,-2.895676,-22.293306,0.974875,-2.765812,0.980854,-0.193056,0.013010,-0.022034
624,0.232826,-4.301735,9.184117,-9.512429,-5.726812,-9.208511,-22.666073,0.667890,-2.879186,0.980204,-0.196303,0.010650,-0.023488
625,-0.060497,-4.592927,9.169111,-11.000488,-5.917652,-12.150540,-23.080458,0.323611,-3.132518,0.979430,-0.199905,0.008234,-0.026216
626,-0.079533,-4.865589,8.869953,-14.901154,-8.650590,-12.030000,-23.612768,-0.061060,-3.407024,0.978409,-0.204530,0.005561,-0.029208
627,-0.377389,-5.070676,8.425435,-15.103118,-9.447032,-9.257353,-24.247854,-0.455945,-3.609303,0.977177,-0.210044,0.002726,-0.031625
628,-0.091921,-4.743816,7.709248,-14.107305,-11.267337,-2.724809,-24.887714,-0.818801,-3.647028,0.975939,-0.215590,-0.000117,-0.032612
629,0.057959,-4.713034,7.453779,-21.917604,-13.135016,5.470968,-25.645111,-1.152034,-3.430545,0.974509,-0.222115,-0.003155,-0.031415
630,0.312724,-4.885154,7.863570,-29.326540,-13.293730,9.394124,-26.649874,-1.442208,-3.011321,0.972589,-0.230697,-0.006187,-0.028466
631,0.729354,-5.146579,8.207098,-33.651493,-11.133161,7.949015,-27.832449,-1.709928,-2.564413,0.970217,-0.240740,-0.009099,-0.025305
632,0.704132,-5.377857,8.340816,-34.890976,-8.946709,4.480497,-29.093855,-1.959377,-2.218435,0.967536,-0.251409,-0.011685,-0.023029
633,0.429771,-5.500334,8.504466,-33.539371,-6.789160,0.178868,-30.332663,-2.177621,-2.017088,0.964759,-0.261857,-0.013733,-0.021956
634,0.317689,-5.682724,8.474539,-29.659248,-3.633554,-2.103907,-31.464447,-2.343547,-1.952482,0.962104,-0.271381,-0.015062,-0.021940
635,0.202445,-5.792531,8.024918,-24.154039,-1.205759,-2.674559,-32.442181,-2.437589,-1.974250,0.959729,-0.279592,-0.015609,-0.022479
636,0.019430,-5.954853,7.810373,-17.379311,1.219051,-1.588009,-33.228016,-2.439488,-2.030431,0.957777,-0.286174,-0.015330,-0.023060
637,0.311280,-6.061070,7.766751,-10.073581,4.237425,0.595670,-33.783024,-2.342109,-2.090503,0.956389,-0.290808,-0.014253,-0.023389
638,0.430557,-6.060834,7.706615,-3.506379,6.514112,1.404433,-34.101627,-2.170179,-2.158902,0.955599,-0.293456,-0.012579,-0.023559
639,0.319579,-5.828995,7.795884,1.502605,6.604163,2.080461,-34.289921,-1.946521,-2.227563,0.955146,-0.295007,-0.010499,-0.023578
640,0.091074,-5.582377,7.788512,4.164675,6.045892,3.145736,-34.361675,-1.652912,-2.268458,0.955006,-0.295573,-0.007931,-0.023169
641,0.105251,-5.513589,7.631714,3.836316,4.028842,5.500401,-34.300354,-1.364043,-2.241697,0.955216,-0.295022,-0.005604,-0.022199
642,-0.109325,-5.427903,7.690644,0.549373,0.850442,6.132208,-34.254826,-1.155972,-2.126511,0.955384,-0.294611,-0.004174,-0.020703
643,-0.271030,-5.165061,7.724573,-0.369253,-1.372665,7.484292,-34.259922,-0.984820,-1.933908,0.955425,-0.294626,-0.003241,-0.018657
644,-0.081102,-5.063563,7.909259,0.134391,-2.323166,9.130866,-34.245998,-0.835032,-1.670708,0.955517,-0.294486,-0.002671,-0.016078
645,0.028803,-5.179570,8.368710,-0.646711,-4.009239,10.498143,-34.216080,-0.715930,-1.341477,0.955646,-0.294218,-0.002527,-0.013026
646,-0.118507,-4.923203,8.672961,2.548873,-4.306721,10.783536,-34.114544,-0.609941,-0.971097,0.955951,-0.293356,-0.002603,-0.009663
647,0.195667,-4.660502,8.802407,7.575723,-3.449118,11.729626,-33.836681,-0.498449,-0.588899,0.956692,-0.291023,-0.002666,-0.006182
648,0.305873,-4.625981,9.217047,7.181065,-3.722315,12.124796,-33.454628,-0.395779,-0.193077,0.957677,-0.287821,-0.002823,-0.002608
649,-0.021684,-4.160430,9.538146,6.797240,-4.145017,10.997116,-33.046955,-0.301361,0.199633,0.958700,-0.284402,-0.003017,0.000922
650,0.118604,-3.616546,9.440852,9.085512,-4.151114,10.579011,-32.556519,-0.221451,0.575478,0.959901,-0.280289,-0.003263,0.004279
651,0.153606,-3.371516,9.604076,7.461447,-5.406984,11.575414,-32.020767,-0.169671,0.971486,0.961180,-0.275789,-0.003761,0.007740
652,-0.046550,-3.411368,10.034225,4.296244,-7.033627,13.484338,-31.552916,-0.128232,1.434728,0.962258,-0.271850,-0.004481,0.011744
653,0.004685,-3.412437,10.108665,3.554198,-7.497488,15.092673,-31.153086,-0.081661,1.966789,0.963134,-0.268474,-0.005295,0.016341
654,0.347637,-3.705424,9.960242,3.419369,-7.384628,16.649076,-30.793015,-0.039624,2.547495,0.963875,-0.265424,-0.006235,0.021340
655,0.295090,-3.926651,10.040663,3.649093,-6.272346,16.444532,-30.466364,0.011026,3.137606,0.964502,-0.262652,-0.007101,0.026441
656,0.161708,-4.009813,10.198463,5.076599,-4.526774,13.937387,-30.129272,0.086247,3.665351,0.965133,-0.259799,-0.007586,0.031077
657,0.033888,-3.959353,10.005030,10.259369,-2.627038,9.797526,-29.690756,0.168340,4.067729,0.965998,-0.256100,-0.007674,0.034682
658,0.112488,-3.894531,9.532851,17.900341,-0.564025,4.511702,-29.054415,0.227650,4.301943,0.967326,-0.250735,-0.007493,0.036831
659,0.180255,-3.952411,9.153187,22.785378,0.783291,-1.616455,-28.239355,0.232201,4.342832,0.969071,-0.243847,-0.007279,0.037238
660,0.189770,-4.017803,8.959744,26.547188,1.395091,-7.105259,-27.315926,0.169118,4.197427,0.971057,-0.236019,-0.007214,0.035934
661,0.324324,-3.980676,8.670965,31.828701,1.454474,-11.954718,-26.273443,0.032024,3.892309,0.973267,-0.227154,-0.007446,0.033135
662,0.424934,-3.939788,8.431087,34.639614,0.740164,-16.090063,-25.124735,-0.187502,3.454664,0.975626,-0.217355,-0.008153,0.029066
663,0.381409,-3.926380,8.606080,34.760242,-0.611985,-18.504164,-23.946123,-0.474806,2.928458,0.977939,-0.207279,-0.009353,0.024137
664,0.300873,-3.938193,8.804318,36.367058,-1.404070,-18.417246,-22.750055,-0.785381,2.376194,0.980151,-0.197044,-0.010807,0.018975
665,0.344958,-3.786736,8.705231,38.913788,-1.671206,-18.838444,-21.495909,-1.093724,1.819836,0.982317,-0.186308,-0.012337,0.013821
666,0.412269,-3.579795,8.757182,38.803860,-1.874259,-19.566349,-20.203789,-1.404735,1.242305,0.984389,-0.175245,-0.013969,0.008522
667,0.429985,-3.374782,8.988029,36.875046,-1.946078,-19.667101,-18.938070,-1.710444,0.647081,0.986263,-0.164410,-0.015651,0.003114
668,0.281485,-3.131224,9.142384,35.350628,-1.483766,-18.550137,-17.719187,-1.976681,0.059945,0.987923,-0.153982,-0.017124,-0.002140
669,0.070061,-2.819337,9.338216,33.931557,-0.415554,-16.662550,-16.534853,-2.162963,-0.492121,0.989411,-0.143847,-0.018061,-0.006963
670,0.191590,-2.531442,9.570873,32.099033,0.500107,-14.169158,-15.387922,-2.275524,-0.987452,0.990742,-0.134020,-0.018523,-0.011196
671,0.157499,-2.269728,9.729070,32.350975,0.738249,-12.165597,-14.255174,-2.342442,-1.418558,0.991958,-0.124295,-0.018745,-0.014817
672,0.216243,-2.181456,9.810545,32.496105,1.034381,-8.778024,-13.118892,-2.370305,-1.766144,0.993087,-0.114513,-0.018785,-0.017670
673,0.265874,-2.040596,9.796657,34.171696,0.898653,-5.488113,-11.966016,-2.369831,-2.006357,0.994150,-0.104555,-0.018739,-0.019564
674,0.575197,-1.825128,9.806949,35.571087,0.559896,-3.777556,-10.768400,-2.376987,-2.163713,0.995160,-0.094187,-0.018875,-0.020739
675,0.469872,-1.637355,9.751458,36.976574,-0.386229,-1.278104,-9.528221,-2.402070,-2.248618,0.996100,-0.083429,-0.019255,-0.021290
676,0.563137,-1.422094,9.739513,36.970573,-0.563285,1.535689,-8.270610,-2.429444,-2.243191,0.996951,-0.072496,-0.019729,-0.021047
677,0.572782,-1.068410,9.729705,39.316051,-1.228662,1.465478,-6.968044,-2.470805,-2.191427,0.997712,-0.061156,-0.020355,-0.020393
678,0.756578,-0.847340,9.735658,39.334530,-1.504972,-0.191699,-5.616942,-2.543697,-2.167602,0.998354,-0.049396,-0.021239,-0.019975
679,0.626782,-0.638580,9.702931,38.928795,-2.498477,-1.322430,-4.271864,-2.644759,-2.189512,0.998840,-0.037694,-0.022346,-0.019948
680,0.571060,-0.413608,9.790930,38.199554,-2.944124,-2.491303,-2.945299,-2.758461,-2.249484,0.999175,-0.026160,-0.023553,-0.020235
681,0.494672,-0.224266,9.764640,36.618843,-3.330216,-2.886527,-1.658047,-2.875282,-2.336876,0.999365,-0.014973,-0.024786,-0.020746
682,0.399778,-0.038893,9.771162,33.718182,-3.058585,-1.848904,-0.450118,-2.979132,-2.415452,0.999430,-0.004474,-0.025906,-0.021172
683,0.262574,0.151859,9.797390,31.672037,-2.573259,0.011194,0.670058,-3.052257,-2.447490,0.999404,0.005275,-0.026751,-0.021193
684,0.283034,0.289239,9.798525,28.482950,-1.646904,1.894182,1.695491,-3.093468,-2.417955,0.999312,0.014217,-0.027295,-0.020690
686,0.273123,0.394676,9.740861,24.085302,-0.772429,4.022841,2.583443,-3.107216,-2.321252,0.999186,0.021981,-0.027556,-0.019632
687,0.264633,0.395607,9.798184,20.407833,0.237861,6.037057,3.319580,-3.092806,-2.153835,0.999055,0.028442,-0.027515,-0.017998
688,0.289552,0.461861,9.852105,18.027353,0.862088,7.277630,3.938715,-3.057443,-1.930064,0.998927,0.033899,-0.027237,-0.015910
689,0.410531,0.544362,9.835550,15.765874,1.055968,7.686576,4.473916,-3.022080,-1.677622,0.998799,0.038629,-0.026918,-0.013594
690,0.417140,0.632962,9.822088,14.729705,0.886643,7.492783,4.952520,-2.997366,-1.421496,0.998662,0.042863,-0.026663,-0.011259
691,0.460247,0.684548,9.841909,14.073484,0.634903,6.575703,5.401891,-2.983672,-1.184317,0.998510,0.046836,-0.026491,-0.009093
692,0.517220,0.786233,9.831137,13.311869,0.221390,5.400748,5.803162,-2.986369,-0.981627,0.998354,0.050379,-0.026457,-0.007233
693,0.567603,0.844153,9.770339,11.538463,-0.256281,4.682057,6.137965,-3.018831,-0.810680,0.998204,0.053332,-0.026681,-0.005652
694,0.511362,0.878007,9.822984,9.461362,-0.790399,4.904863,6.400644,-3.065150,-0.649473,0.998076,0.055655,-0.027019,-0.004164
695,0.547682,0.899738,9.886615,7.063763,-1.196300,5.037640,6.574421,-3.118551,-0.483390,0.997983,0.057205,-0.027408,-0.002650
696,0.553198,0.963822,9.915848,5.340750,-1.153591,4.770618,6.711789,-3.180852,-0.322051,0.997901,0.058437,-0.027871,-0.001180
697,0.509768,1.055479,9.809165,3.553754,-0.985704,4.946103,6.816844,-3.226691,-0.163289,0.997837,0.059389,-0.028189,0.000252
698,0.442083,1.008060,9.904932,0.796145,-0.587286,5.226869,6.814329,-3.235041,0.005911,0.997835,0.059409,-0.028174,0.001729
699,0.405053,1.005731,9.872332,0.138138,-0.155185,5.666324,6.736350,-3.202828,0.189681,0.997879,0.058775,-0.027801,0.003294
700,0.431174,0.999062,9.811606,0.009641,0.582103,6.464369,6.647597,-3.152801,0.396016,0.997929,0.058051,-0.027263,0.005044
701,0.495334,1.003795,9.847585,-0.045583,1.169749,7.401285,6.561334,-3.109260,0.633251,0.997970,0.057355,-0.026769,0.007068
702,0.562713,0.969647,9.940951,-0.349544,1.381884,7.300586,6.465563,-3.087638,0.885995,0.998005,0.056579,-0.026462,0.009236
703,0.626837,1.046806,9.881082,1.322636,1.349736,6.276714,6.410679,-3.094333,1.119485,0.998009,0.056155,-0.026410,0.011260
704,0.702652,1.126935,9.881908,1.798671,1.195374,4.242687,6.439497,-3.133050,1.299443,0.997967,0.056451,-0.026656,0.012853
705,0.689706,1.187258,9.889486,2.181761,0.564873,2.036226,6.520774,-3.189687,1.405685,0.997900,0.057188,-0.027087,0.013825
706,0.714789,1.243086,9.882461,3.099018,-0.173965,0.035762,6.650722,-3.259830,1.438230,0.997813,0.058334,-0.027666,0.014174
707,0.682447,1.291354,9.866337,4.750311,-0.792228,-1.549658,6.843659,-3.338668,1.407628,0.997697,0.060014,-0.028344,0.013995
708,0.663360,1.347063,9.829227,5.296885,-1.041147,-2.193593,7.088521,-3.409394,1.337434,0.997556,0.062135,-0.028968,0.013482
709,0.645531,1.345614,9.871083,5.539778,-1.030597,-2.184437,7.341803,-3.467195,1.256403,0.997410,0.064323,-0.029487,0.012873
710,0.597928,1.401873,9.841047,6.147335,-0.871948,-2.158506,7.601189,-3.500610,1.176685,0.997262,0.066563,-0.029795,0.012265
711,0.521777,1.348942,9.751341,5.712620,-0.584994,-2.295860,7.846893,-3.494210,1.097113,0.997127,0.068680,-0.029760,0.011633
712,0.535003,1.298372,9.739649,4.165335,-0.099611,-2.514085,8.017311,-3.459285,1.016046,0.997041,0.070140,-0.029489,0.010951
713,0.553691,1.250417,9.754680,2.154005,0.085129,-3.440327,8.088264,-3.420052,0.920062,0.997017,0.070730,-0.029200,0.010110
714,0.508802,1.258896,9.741554,1.685307,0.111186,-4.596981,8.100189,-3.369182,0.791270,0.997033,0.070799,-0.028836,0.008961
715,0.505189,1.148740,9.776812,-0.442011,0.416466,-6.803472,8.087029,-3.310307,0.606734,0.997070,0.070636,-0.028438,0.007316
716,0.556781,1.235699,9.839603,-1.330196,1.040591,-10.789186,8.049670,-3.239634,0.320773,0.997126,0.070239,-0.028001,0.004775
717,0.498158,1.373878,9.922811,-4.215767,0.749161,-14.033304,7.968448,-3.147356,-0.084717,0.997208,0.069435,-0.027447,0.001171
718,0.397426,1.333143,9.864079,-7.865799,0.891123,-14.410214,7.787724,-3.042288,-0.551013,0.997337,0.067756,-0.026811,-0.002993
719,0.308473,1.310352,9.691164,-12.716731,1.753358,-15.196075,7.466068,-2.911399,-1.034782,0.997531,0.064855,-0.025937,-0.007354
720,0.276215,1.318302,9.752257,-17.294500,2.600351,-14.607082,6.991296,-2.750619,-1.519266,0.997784,0.060632,-0.024763,-0.011766
721,0.201306,1.175742,9.775331,-20.740034,2.466189,-11.517099,6.378121,-2.586230,-1.942665,0.998075,0.055227,-0.023472,-0.015666
722,0.177982,1.140597,9.755831,-18.393156,2.414436,-7.281145,5.740860,-2.439960,-2.246390,0.998348,0.049640,-0.022242,-0.018507
723,0.209767,1.355615,9.845439,-9.472497,1.671426,-2.321905,5.307685,-2.327996,-2.400619,0.998522,0.045857,-0.021258,-0.019981
724,0.415837,1.462120,10.036551,4.988909,-0.365636,6.438418,5.283003,-2.300144,-2.332492,0.998548,0.045660,-0.020984,-0.019403
725,0.453794,1.245661,9.898927,22.071846,-3.292375,15.151445,5.770231,-2.398980,-1.981953,0.998382,0.049953,-0.021774,-0.016216
726,0.333361,1.135740,9.853015,30.017450,-4.226234,19.126474,6.642248,-2.583649,-1.428194,0.998006,0.057632,-0.023227,-0.011133
727,0.373898,1.190132,9.848081,31.366413,-4.026301,19.727684,7.646849,-2.791309,-0.802499,0.997465,0.066490,-0.024768,-0.005361
728,0.387584,1.113401,9.855618,27.426434,-3.330439,17.451000,8.586598,-2.989970,-0.205062,0.996856,0.074790,-0.026150,0.000169
729,0.339851,1.081524,9.786862,17.828220,-1.917366,11.650956,9.279586,-3.135349,0.263160,0.996342,0.080923,-0.027082,0.004501
730,0.303131,1.424146,9.820463,6.517923,0.106110,5.351929,9.635702,-3.186691,0.540140,0.996059,0.084086,-0.027311,0.007030
731,0.423967,1.592366,9.813226,2.318516,0.602124,3.575740,9.759664,-3.177889,0.689919,0.995960,0.085198,-0.027116,0.008355
732,0.409083,1.517649,9.753240,2.136875,0.733417,3.569629,9.813313,-3.160038,0.812033,0.995915,0.085693,-0.026865,0.009416
733,0.449856,1.491364,9.693188,1.886409,0.844933,3.108790,9.820108,-3.122498,0.929355,0.995909,0.085777,-0.026451,0.010409
734,0.413386,1.498315,9.705283,1.292473,0.956533,2.826477,9.779585,-3.057865,1.036891,0.995944,0.085446,-0.025813,0.011287
735,0.465407,1.511039,9.735479,0.840467,1.106251,3.140805,9.726241,-2.996475,1.145333,0.995988,0.085003,-0.025204,0.012172
736,0.505532,1.594579,9.756136,0.463330,1.341316,3.374272,9.683666,-2.956994,1.262464,0.996015,0.084655,-0.024779,0.013152
737,0.540135,1.617045,9.779125,-0.380628,1.435909,3.687096,9.647920,-2.935018,1.388017,0.996032,0.084370,-0.024499,0.014219
738,0.551114,1.629299,9.787369,-0.811022,1.330554,3.909896,9.600813,-2.927657,1.521795,0.996051,0.083988,-0.024343,0.015366
739,0.539196,1.618061,9.827909,-0.563897,0.933746,3.783259,9.552436,-2.929075,1.655648,0.996067,0.083596,-0.024264,0.016521
740,0.527462,1.621589,9.831906,0.008254,0.352324,3.471982,9.518614,-2.939301,1.779552,0.996071,0.083330,-0.024268,0.017598
741,0.511400,1.643187,9.818670,0.339344,-0.255011,2.767009,9.510571,-2.959160,1.882947,0.996056,0.083284,-0.024367,0.018509
742,0.497102,1.642006,9.822149,0.647575,-0.555601,2.089496,9.521406,-2.981702,1.960727,0.996030,0.083398,-0.024504,0.019204
743,0.419831,1.633003,9.810766,1.016834,-0.647047,1.846857,9.542147,-2.984585,2.022393,0.996004,0.083592,-0.024481,0.019746
744,0.414115,1.601954,9.779525,1.457776,-0.765879,2.156590,9.567235,-2.970710,2.085057,0.995978,0.083821,-0.024310,0.020286
745,0.402726,1.571683,9.741792,2.126024,-1.064758,2.910369,9.596157,-2.963802,2.164768,0.995944,0.084088,-0.024186,0.020980
746,0.412940,1.569379,9.733788,2.550091,-1.226308,4.268416,9.633301,-2.971478,2.278348,0.995893,0.084436,-0.024163,0.021981
747,0.442827,1.587153,9.764415,3.752381,-1.413835,5.646307,9.695289,-3.002023,2.435920,0.995809,0.085013,-0.024299,0.023386
748,0.538358,1.644689,9.843739,5.221745,-1.776952,6.455043,9.809313,-3.075164,2.627310,0.995665,0.086058,-0.024768,0.025127
749,0.584470,1.721525,9.837527,6.244101,-1.764803,6.906728,9.985062,-3.186607,2.837030,0.995456,0.087651,-0.025537,0.027071
750,0.576437,1.772289,9.829189,6.039685,-1.404750,7.269907,10.191835,-3.296303,3.059877,0.995212,0.089520,-0.026267,0.029137
751,0.600460,1.731800,9.781158,5.171448,-1.401744,7.047129,10.368990,-3.396551,3.286469,0.994985,0.091133,-0.026913,0.031223
752,0.610853,1.653295,9.709107,2.906832,-1.363646,6.394051,10.455173,-3.495501,3.500940,0.994828,0.091955,-0.027576,0.033183
753,0.659455,1.549754,9.664439,1.867337,-1.249282,5.893582,10.437350,-3.596771,3.699988,0.994753,0.091874,-0.028301,0.034986
754,0.728540,1.637266,9.505462,2.033330,-1.376108,4.349400,10.408446,-3.715766,3.865483,0.994689,0.091696,-0.029211,0.036509
755,0.845066,1.701378,9.602503,-1.738928,-1.472560,2.167396,10.364138,-3.863721,3.966711,0.994645,0.091377,-0.030429,0.037491
756,0.846119,1.686280,9.773189,-3.066637,-1.694186,1.059651,10.242073,-4.018970,4.013046,0.994676,0.090373,-0.031780,0.037980
757,0.796912,1.789348,9.818689,-2.973649,-2.536685,0.101411,10.117891,-4.139664,4.021363,0.994730,0.089331,-0.032863,0.038109
