seq,ax,ay,az,wroll,wpitch,wyaw,roll,pitch,yaw,q0,q1,q2,q3
60,0.177568,-3.473113,8.886163,-21.281111,2.276920,1.835644,-21.347799,-1.066235,0.416701,0.982655,-0.185176,-0.009817,0.001850
61,-0.197714,-7.405849,6.645282,-90.535255,4.006037,6.839531,-23.212870,-0.914539,0.510793,0.979519,-0.201145,-0.008714,0.002761
62,-0.229108,-7.263363,6.466880,-107.347931,6.823062,8.137795,-26.511166,-0.646093,0.661020,0.973333,-0.229256,-0.006811,0.004322
63,-0.397380,-7.135208,6.429547,-91.191048,9.985470,10.557991,-29.818069,-0.252254,0.803750,0.966313,-0.257263,-0.003932,0.006211
64,-0.381881,-7.215138,6.592813,-77.301254,7.638153,9.926938,-32.624046,0.175267,0.944762,0.959709,-0.280870,-0.000848,0.008342
65,-0.341556,-7.149079,6.744862,-60.822094,5.156291,8.390188,-34.923965,0.521741,1.079869,0.953851,-0.300097,0.001515,0.010355
66,-0.301635,-6.967135,6.775047,-47.997974,2.412522,6.885663,-36.735474,0.772761,1.212333,0.948956,-0.315158,0.003066,0.012165
67,-0.138866,-6.921373,6.935269,-38.664898,-2.475238,2.787674,-38.177711,0.869768,1.340760,0.944892,-0.327086,0.003346,0.013538
68,-0.106398,-6.865548,7.042494,-24.129580,-3.732303,0.179741,-39.222675,0.819883,1.443439,0.941862,-0.335688,0.002512,0.014266
69,-0.115927,-6.804668,7.070737,-18.899023,-2.658241,-1.494865,-39.939106,0.723814,1.494159,0.939747,-0.341562,0.001483,0.014411
70,-0.114095,-6.789394,7.035910,-16.660763,-1.508259,-3.038480,-40.531918,0.622086,1.481284,0.937978,-0.346410,0.000615,0.014006
71,-0.063521,-6.780109,6.976314,-15.668921,-0.964407,-4.478851,-41.071419,0.509109,1.413349,0.936354,-0.350812,-0.000166,0.013108
72,-0.140673,-6.762995,6.853287,-16.325172,1.764037,-4.004869,-41.605579,0.425786,1.298353,0.934727,-0.355167,-0.000551,0.011911
73,-0.137296,-6.764040,6.827322,-15.795457,3.058837,-3.724208,-42.142021,0.399707,1.148875,0.933070,-0.359537,-0.000350,0.010609
74,-0.135810,-6.778946,6.821840,-15.933146,2.917485,-3.020041,-42.671883,0.397481,0.998749,0.931411,-0.363848,0.000060,0.009380
75,-0.078114,-6.888373,6.792776,-18.562708,1.422717,-3.303631,-43.247650,0.378570,0.872337,0.929582,-0.368522,0.000266,0.008294
76,-0.087309,-7.120493,6.793391,-21.140676,1.318849,-2.803232,-43.910004,0.341451,0.767058,0.927445,-0.373887,0.000261,0.007322
77,-0.025871,-7.192531,6.707792,-20.127733,0.008339,-2.529469,-44.598232,0.295232,0.687986,0.925190,-0.379448,0.000106,0.006532
78,-0.002088,-7.147319,6.599184,-18.241508,-0.644419,-1.697328,-45.237877,0.237936,0.645549,0.923062,-0.384604,-0.000250,0.005999
79,0.018969,-7.211631,6.581400,-16.990946,-0.680525,-0.896256,-45.825111,0.191577,0.631026,0.921081,-0.389328,-0.000604,0.005723
80,-0.011409,-7.266104,6.597123,-13.456122,-0.175683,0.605815,-46.332527,0.178169,0.637966,0.919348,-0.393402,-0.000761,0.005730
81,-0.000022,-7.275829,6.589881,-9.250511,-0.527011,1.140055,-46.710873,0.191198,0.666535,0.918043,-0.396436,-0.000774,0.006001
82,0.010545,-7.277894,6.548023,-8.102019,-1.422255,1.077654,-46.999916,0.195924,0.715523,0.917037,-0.398750,-0.000922,0.006408
83,0.042477,-7.354466,6.527934,-7.479902,-2.466886,0.112551,-47.259415,0.166347,0.776511,0.916129,-0.400823,-0.001386,0.006790
84,0.068089,-7.345348,6.547296,-4.291321,-3.171709,-0.968287,-47.455475,0.092189,0.835950,0.915441,-0.402386,-0.002199,0.007002
85,0.115457,-7.264237,6.566885,-0.906874,-3.752679,-2.820534,-47.542099,-0.032347,0.878337,0.915137,-0.403069,-0.003348,0.006901
86,0.110459,-7.177137,6.587559,1.406812,-3.184801,-2.970409,-47.533813,-0.181612,0.898436,0.915168,-0.402992,-0.004610,0.006537
87,0.125363,-7.204955,6.681042,2.906096,-2.560501,-3.165313,-47.461945,-0.321702,0.899917,0.915422,-0.402409,-0.005730,0.006059
88,0.093941,-7.192647,6.814804,7.077649,-1.171200,-2.546523,-47.295433,-0.433871,0.881203,0.916007,-0.401071,-0.006553,0.005525
89,0.061541,-7.136376,6.811795,8.498631,-0.292132,-1.878764,-47.035564,-0.504540,0.848891,0.916915,-0.398989,-0.006993,0.005036
90,0.001737,-7.121741,6.804651,7.504055,0.677033,-0.232075,-46.768600,-0.525845,0.820141,0.917843,-0.396852,-0.007052,0.004748
91,-0.020898,-7.123452,6.804847,6.152760,0.929467,0.893817,-46.540882,-0.499440,0.808205,0.918631,-0.395030,-0.006790,0.004757
92,-0.007579,-7.103325,6.783712,5.098454,0.278819,1.773832,-46.353500,-0.453333,0.824226,0.919275,-0.393529,-0.006467,0.005055
93,0.016467,-7.036331,6.677107,3.471083,-0.741045,2.864409,-46.211117,-0.402770,0.883214,0.919761,-0.392387,-0.006257,0.005710
94,-0.012660,-7.015559,6.681591,3.538338,-0.757937,5.149576,-46.095009,-0.323727,0.993753,0.920152,-0.391455,-0.005994,0.006874
95,-0.065157,-7.033026,6.741292,4.901433,-0.822556,7.876790,-45.955090,-0.185766,1.163443,0.920616,-0.390335,-0.005456,0.008714
96,-0.011527,-6.981461,6.745880,6.480777,-3.291204,7.684679,-45.765854,-0.047384,1.393259,0.921235,-0.388816,-0.005109,0.011041
98,-0.066862,-6.915308,6.923427,8.717340,-3.220566,8.313332,-45.512562,0.067360,1.657315,0.922059,-0.386779,-0.005052,0.013564
99,-0.075507,-6.867891,7.055953,9.432246,-3.590425,7.368939,-45.209511,0.173540,1.921742,0.923038,-0.384341,-0.005048,0.016063
100,-0.012576,-6.766241,7.175793,10.820985,-4.748719,4.909316,-44.871132,0.220110,2.164711,0.924129,-0.381609,-0.005434,0.018193
101,0.091942,-6.664495,7.227943,10.807560,-6.065105,1.187871,-44.510033,0.163402,2.363771,0.925298,-0.378676,-0.006492,0.019630
102,0.088668,-6.546865,7.300032,11.226218,-4.767659,-1.069665,-44.142651,0.035577,2.491426,0.926495,-0.375678,-0.007881,0.020264
103,0.134925,-6.520895,7.343227,10.816602,-4.517984,-3.848293,-43.775345,-0.132790,2.539862,0.927697,-0.372672,-0.009337,0.020133
104,0.168964,-6.553934,7.436588,10.310971,-4.012814,-6.194638,-43.423157,-0.351236,2.516747,0.928854,-0.369781,-0.010971,0.019269
105,0.171519,-6.675504,7.436677,6.093732,-2.420163,-6.692043,-43.149113,-0.576595,2.433952,0.929758,-0.367525,-0.012488,0.017901
106,0.211534,-6.689938,7.358990,5.577754,-1.322110,-8.212701,-42.952957,-0.791803,2.295048,0.930410,-0.365908,-0.013761,0.016107
107,0.201936,-6.785129,7.370003,4.914940,0.701714,-7.492811,-42.775253,-0.977476,2.110211,0.931000,-0.364454,-0.014656,0.014035
108,0.288287,-6.752081,7.197247,4.148664,0.571986,-7.517105,-42.620586,-1.131539,1.911911,0.931511,-0.363197,-0.015261,0.011954
109,0.283540,-6.570907,6.985979,3.666739,2.641478,-6.067206,-42.486115,-1.245208,1.708878,0.931952,-0.362112,-0.015530,0.009961
110,0.228229,-6.432590,6.995378,3.263828,6.322428,-3.271440,-42.365967,-1.239943,1.493130,0.932348,-0.361164,-0.014796,0.008239
111,0.134589,-6.378058,7.129599,2.247847,9.809722,-0.234649,-42.269642,-1.080487,1.268825,0.932674,-0.360428,-0.012786,0.006928
112,0.145724,-6.291423,7.359155,7.384214,11.277066,-1.099686,-42.104961,-0.835035,1.016255,0.933214,-0.359139,-0.009986,0.005659
113,0.022870,-6.230588,7.458850,16.360741,14.169101,-1.357328,-41.705414,-0.546676,0.702590,0.934481,-0.355929,-0.006641,0.004031
114,-0.202551,-6.396074,7.629393,23.268421,17.665262,0.208196,-41.042698,-0.161062,0.337667,0.936538,-0.350551,-0.002349,0.002267
115,-0.252699,-6.422960,7.565403,26.745951,17.368425,-0.976249,-40.209618,0.273859,-0.052183,0.939063,-0.343736,0.002401,0.000394
116,-0.264302,-6.412555,7.621442,29.816896,16.413422,-2.863270,-39.270283,0.665908,-0.461137,0.941836,-0.335999,0.006825,-0.001837
117,-0.376335,-6.376747,7.419774,25.622177,16.383677,-0.084412,-38.352039,1.061038,-0.841793,0.944470,-0.328384,0.011158,-0.003897
118,-0.464837,-6.263115,7.333552,16.775555,15.757288,3.004943,-37.652130,1.513113,-1.133533,0.946416,-0.322529,0.015689,-0.005101
119,-0.320334,-6.014310,7.335473,9.853429,11.225510,3.198740,-37.214222,1.932999,-1.325221,0.947593,-0.318825,0.019674,-0.005577
120,-0.359986,-5.812952,7.600353,11.095061,10.008457,5.253485,-36.868855,2.300329,-1.426130,0.948501,-0.315894,0.022976,-0.005457
121,-0.490056,-5.662026,7.670907,11.457987,8.415470,9.294897,-36.492561,2.691490,-1.415062,0.949476,-0.312717,0.026168,-0.004372
122,-0.413249,-5.626794,7.774283,11.785254,3.267031,7.575994,-36.099754,3.014973,-1.303583,0.950489,-0.309433,0.028535,-0.002661
123,-0.410640,-5.568239,7.836855,11.434982,0.389044,3.920046,-35.706367,3.176728,-1.183791,0.951517,-0.306172,0.029548,-0.001332
124,-0.488372,-5.587947,7.911648,8.941518,1.007954,1.386044,-35.363506,3.247038,-1.125146,0.952414,-0.303328,0.029973,-0.000746
125,-0.355364,-5.600892,7.826005,4.945174,-3.131034,-4.466009,-35.133263,3.188467,-1.146669,0.953034,-0.301417,0.029541,-0.001140
126,-0.181383,-5.671422,7.697617,0.157492,-4.046494,-10.419360,-35.055401,2.947910,-1.280943,0.953283,-0.300774,0.027892,-0.002909
127,-0.335774,-5.525656,7.610244,-0.747165,0.994011,-11.694431,-35.078678,2.694445,-1.553593,0.953255,-0.300946,0.026501,-0.005839
128,-0.315147,-5.525036,7.643153,-0.873333,2.403862,-10.857751,-35.121330,2.524638,-1.894004,0.953146,-0.301254,0.025986,-0.009108
129,-0.199713,-5.569890,7.603296,-0.172735,1.278683,-10.639607,-35.152832,2.368620,-2.222620,0.953053,-0.301474,0.025556,-0.012245
130,-0.356943,-5.633184,7.467436,-0.683281,4.340509,-7.337765,-35.179188,2.272630,-2.521748,0.952959,-0.301648,0.025548,-0.014980
131,-0.584281,-5.692611,7.411755,-0.283153,8.064086,-1.903627,-35.205276,2.352807,-2.766960,0.952848,-0.301789,0.026864,-0.016802
132,-0.447142,-6.022321,7.504304,-6.606206,4.530891,-0.751006,-35.326889,2.498658,-2.924415,0.952487,-0.302724,0.028509,-0.017695
133,-0.481974,-6.344397,7.577086,-8.493819,3.483438,1.178165,-35.581760,2.611494,-2.996251,0.951787,-0.304793,0.029677,-0.017927
134,-0.603690,-6.316981,7.552641,0.643463,3.199095,4.242215,-35.712219,2.754599,-2.987748,0.951423,-0.305838,0.030862,-0.017439
135,-0.591153,-6.443930,7.470500,-0.354021,1.489411,5.042406,-35.703453,2.908336,-2.907495,0.951438,-0.305745,0.031922,-0.016364
136,-0.369541,-6.532000,7.536062,0.393776,-2.691104,1.070150,-35.697979,2.951527,-2.812964,0.951459,-0.305714,0.032028,-0.015465
137,-0.504983,-6.290578,7.428566,3.952289,-0.481097,0.828938,-35.622681,2.927018,-2.756348,0.951671,-0.305111,0.031664,-0.015081
138,-0.612012,-6.082705,7.491210,6.568143,0.595788,0.316586,-35.446602,2.939648,-2.741920,0.952139,-0.303649,0.031707,-0.014976
139,-0.654431,-6.217938,7.643192,3.974765,0.234067,-0.592473,-35.271488,2.948251,-2.753694,0.952599,-0.302188,0.031787,-0.015100
140,-0.594596,-6.087568,7.869192,6.749075,-1.846174,-2.075741,-35.093822,2.900658,-2.774577,0.953070,-0.300717,0.031422,-0.015448
141,-0.710804,-5.762971,8.007073,11.482015,-1.081603,0.182831,-34.789856,2.842594,-2.772465,0.953873,-0.298204,0.030893,-0.015665
142,-0.640785,-5.708988,8.165233,11.601954,-3.285481,0.645373,-34.402531,2.790548,-2.719774,0.954891,-0.295006,0.030270,-0.015465
143,-0.525872,-5.658120,8.185636,10.743120,-4.497096,-0.632218,-34.026615,2.683456,-2.646532,0.955878,-0.291919,0.029140,-0.015227
144,-0.449942,-5.429741,8.233958,14.059477,-3.751206,-1.013128,-33.610794,2.553977,-2.592694,0.956955,-0.288494,0.027868,-0.015210
145,-0.473399,-4.969522,8.288856,22.209667,-2.095724,0.383424,-33.004372,2.466741,-2.547955,0.958486,-0.283457,0.026947,-0.015200
146,-0.302522,-4.984674,8.453705,23.015085,-4.413145,-0.465784,-32.248219,2.374628,-2.490720,0.960354,-0.277161,0.025936,-0.015121
147,-0.273722,-4.753188,8.560092,28.541731,-3.961511,-0.876306,-31.386793,2.244265,-2.435972,0.962433,-0.269976,0.024598,-0.015164
148,-0.236272,-4.528767,8.748955,33.718765,-5.353754,0.670009,-30.346285,2.109189,-2.359286,0.964870,-0.261271,0.023147,-0.015050
149,-0.127757,-4.382867,8.813485,35.499180,-8.188983,-0.042751,-29.188490,1.918598,-2.238107,0.967497,-0.251572,0.021119,-0.014679
150,0.173522,-4.689658,8.855095,27.345840,-12.519780,-4.204356,-28.138037,1.581881,-2.134417,0.969805,-0.242776,0.017915,-0.014710
151,-0.030609,-4.501774,8.903974,27.614342,-7.559334,-3.813698,-27.221272,1.223418,-2.096656,0.971745,-0.235080,0.014680,-0.015269
152,-0.150726,-4.573453,9.070183,23.113592,-4.486742,-1.629062,-26.375732,1.003206,-2.087422,0.973465,-0.227943,0.012678,-0.015737
153,-0.130563,-4.808303,9.099896,14.917199,-3.227392,-1.866095,-25.741844,0.862166,-2.083431,0.974716,-0.222579,0.011383,-0.016047
154,-0.228286,-4.789852,9.228223,11.505605,-0.541640,-1.450665,-25.301805,0.781630,-2.106216,0.975563,-0.218846,0.010679,-0.016439
155,-0.459247,-4.640389,9.467822,11.542646,3.559052,-0.320020,-24.918356,0.814614,-2.154347,0.976282,-0.215570,0.010996,-0.016823
156,-0.444782,-4.585478,9.492178,9.418547,2.677591,-1.781045,-24.570137,0.894337,-2.229781,0.976919,-0.212581,0.011764,-0.017351
157,-0.378860,-4.504760,9.420161,7.570607,1.091335,-5.378512,-24.289091,0.902142,-2.364396,0.977416,-0.210169,0.012035,-0.018514
158,-0.326503,-4.078107,9.274549,13.620845,0.500840,-10.356419,-23.939629,0.819147,-2.614566,0.978011,-0.207178,0.011723,-0.020836
159,-0.413107,-3.936414,8.965245,13.810101,3.500462,-13.823437,-23.487745,0.718134,-3.010354,0.978744,-0.203302,0.011480,-0.024442
160,-0.529660,-3.860772,8.780754,12.197261,7.639570,-13.336670,-23.060472,0.709690,-3.499618,0.979382,-0.199603,0.012169,-0.028681
161,-0.495275,-3.817228,8.755369,9.570717,7.476714,-10.159218,-22.703831,0.789438,-3.958511,0.979875,-0.196479,0.013548,-0.032506
162,-0.231234,-3.503917,8.818716,13.391724,2.376604,-8.234392,-22.326054,0.823745,-4.304658,0.980415,-0.193195,0.014318,-0.035454
163,-0.153889,-3.326119,9.004917,19.465164,1.479944,-3.681976,-21.781328,0.808945,-4.512760,0.981256,-0.188511,0.014365,-0.037328
164,-0.075857,-3.187592,9.198813,23.507408,-0.864374,-0.161297,-21.066036,0.795373,-4.576177,0.982393,-0.182380,0.014117,-0.037983
165,0.053076,-3.257240,9.323746,21.540760,-3.795775,0.732122,-20.314777,0.726312,-4.539786,0.983579,-0.175964,0.013219,-0.037868
166,0.297742,-2.947520,9.020543,26.910690,-7.394984,-3.997859,-19.507149,0.532527,-4.527299,0.984797,-0.169096,0.011268,-0.038140
167,0.232905,-3.102381,8.936340,20.591558,-3.853323,-5.100965,-18.716139,0.305556,-4.608990,0.985907,-0.162366,0.009167,-0.039242
168,0.050588,-3.182705,9.067459,12.359422,-0.227615,-5.539620,-18.167665,0.184775,-4.755774,0.986617,-0.157677,0.008141,-0.040715
169,0.027023,-3.199821,9.064059,2.704148,-0.606055,-4.847972,-17.917082,0.117794,-4.916142,0.986899,-0.155533,0.007693,-0.042205
170,-0.366051,-3.080193,9.003868,-1.725958,6.321858,-0.815075,-17.901083,0.179319,-5.035199,0.986879,-0.155364,0.008378,-0.043148
171,-0.721517,-3.309982,9.391395,-9.592670,10.066877,6.701458,-18.089752,0.469374,-5.026306,0.986636,-0.156878,0.010935,-0.042660
172,-0.508212,-3.379985,9.500989,-12.778893,1.909596,9.965496,-18.460600,0.745939,-4.825205,0.986200,-0.159987,0.013172,-0.040506
173,-0.342987,-3.339183,9.542572,-12.146201,-4.689935,10.176509,-18.871710,0.809369,-4.492555,0.985733,-0.163540,0.013388,-0.037507
174,-0.204027,-3.311061,9.691680,-9.275064,-8.819141,10.145978,-19.223675,0.706999,-4.099071,0.985349,-0.166645,0.012051,-0.034231
175,0.114815,-3.290772,9.826596,-5.108337,-13.166544,8.233141,-19.459309,0.462591,-3.688792,0.985119,-0.168783,0.009416,-0.031040
176,0.793175,-3.103230,9.962826,3.137150,-22.083502,-0.482862,-19.491163,-0.048339,-3.371302,0.985141,-0.169212,0.004564,-0.029063
177,-0.082313,-2.877225,9.619249,8.891745,-2.828748,-3.234352,-19.291489,-0.460723,-3.292222,0.985428,-0.167599,0.000851,-0.028993
178,0.048986,-3.292852,9.352074,-0.804494,1.121360,-4.767325,-19.155863,-0.531665,-3.409207,0.985590,-0.166450,0.000377,-0.030103
179,-0.111078,-3.285880,9.287576,-3.738849,7.196465,-4.761907,-19.229948,-0.453061,-3.604763,0.985436,-0.167065,0.001357,-0.031670
180,0.029183,-3.410771,9.335840,-10.636655,4.119108,-6.419832,-19.467964,-0.336897,-3.843072,0.985028,-0.169075,0.002773,-0.033545
181,-0.350551,-3.713802,9.041295,-24.249603,10.386082,-1.419906,-20.048450,-0.153662,-4.047882,0.984111,-0.174002,0.004828,-0.035011
182,0.260302,-3.740606,9.402983,-26.737167,-1.562181,-1.511547,-20.898180,-0.033294,-4.144943,0.982771,-0.181253,0.006273,-0.035617
183,0.112517,-3.359615,9.282887,-19.477858,-1.637210,0.417478,-21.668341,-0.089876,-4.143289,0.981528,-0.187872,0.006025,-0.035652
184,0.300435,-3.325579,9.140891,-17.081148,-5.871300,0.297298,-22.277775,-0.201571,-4.085412,0.980525,-0.193126,0.005161,-0.035312
185,0.413533,-3.121898,8.744208,-10.612444,-8.237055,1.681763,-22.739967,-0.406241,-3.965119,0.979757,-0.197145,0.003347,-0.034615
186,0.360086,-3.059063,8.671272,-3.396694,-7.034112,2.611298,-22.974897,-0.613109,-3.800469,0.979380,-0.199215,0.001363,-0.033560
187,0.390098,-3.233982,8.605226,-1.408762,-7.445405,4.335950,-23.057419,-0.790043,-3.599612,0.979275,-0.199968,-0.000475,-0.032150
188,0.457457,-3.350877,8.783256,2.290786,-8.423888,5.146025,-23.046518,-0.971570,-3.350629,0.979340,-0.199916,-0.002464,-0.030338
189,0.423937,-3.580907,8.985869,4.815835,-8.766878,4.865707,-22.933035,-1.170220,-3.085123,0.979580,-0.198982,-0.004653,-0.028410
190,0.204728,-3.790476,9.193742,4.142486,-2.198625,6.603852,-22.788992,-1.264406,-2.837957,0.979876,-0.197758,-0.005921,-0.026453
191,0.252071,-3.869550,9.359150,4.498754,-2.992587,6.332020,-22.649973,-1.260943,-2.605685,0.980167,-0.196556,-0.006322,-0.024453
192,0.207027,-3.920991,9.332064,4.285769,-2.857579,6.459076,-22.508755,-1.269122,-2.371340,0.980456,-0.195336,-0.006821,-0.022454
193,0.012709,-3.902257,9.279208,3.990060,0.583923,6.821720,-22.375580,-1.219643,-2.152242,0.980729,-0.194176,-0.006795,-0.020487
194,0.079218,-3.982430,9.079724,-1.051209,-0.625266,7.000598,-22.330923,-1.132672,-1.938910,0.980851,-0.193770,-0.006420,-0.018512
195,-0.050281,-3.895694,9.071750,0.606382,1.650300,8.333408,-22.342672,-1.019661,-1.709000,0.980879,-0.193845,-0.005839,-0.016354
196,-0.015212,-3.784101,8.988979,3.235922,0.329160,6.391538,-22.282187,-0.895995,-1.494441,0.981021,-0.193303,-0.005151,-0.014306
197,-0.009580,-3.733135,8.971972,4.702579,0.570855,5.867728,-22.152618,-0.804898,-1.310910,0.981268,-0.192178,-0.004695,-0.012576
198,0.169786,-3.736043,9.032231,4.814767,-3.343055,3.485160,-21.996243,-0.789158,-1.149067,0.981548,-0.190830,-0.004847,-0.011157
199,0.000619,-3.614342,9.141910,8.787006,2.165873,2.038701,-21.770868,-0.773059,-1.056264,0.981931,-0.188895,-0.004884,-0.010325
201,0.194523,-3.644621,9.107902,6.610010,-1.092876,-2.725379,-21.513985,-0.760740,-1.073570,0.982351,-0.186693,-0.004773,-0.010443
202,0.075028,-3.688049,9.098966,3.773813,2.929972,-2.559476,-21.339672,-0.764478,-1.166669,0.982625,-0.185202,-0.004671,-0.011240
203,0.090750,-3.677010,9.103563,2.512322,2.737783,-4.064188,-21.233160,-0.716573,-1.303883,0.982786,-0.184290,-0.004050,-0.012335
204,0.005659,-3.746599,9.120980,-0.192569,4.036225,-3.865921,-21.192513,-0.659168,-1.467957,0.982837,-0.183941,-0.003298,-0.013649
205,0.117041,-3.604977,9.147856,2.628772,0.537819,-3.913263,-21.150248,-0.634938,-1.616416,0.982888,-0.183580,-0.002858,-0.014882
206,0.085093,-3.584106,9.242184,3.073668,0.610694,-1.931014,-21.054075,-0.652114,-1.714172,0.983027,-0.182760,-0.002861,-0.015746
207,0.174333,-3.541233,9.203816,2.538916,-1.904985,-1.014090,-20.960091,-0.689833,-1.752270,0.983169,-0.181959,-0.003138,-0.016130
208,0.191032,-3.514572,9.310943,2.597399,-2.742595,-0.871206,-20.874453,-0.773395,-1.753951,0.983298,-0.181234,-0.003864,-0.016274
209,0.262265,-3.429841,9.232265,3.379680,-4.524091,0.126560,-20.775291,-0.891004,-1.722487,0.983449,-0.180396,-0.004937,-0.016186
210,0.238224,-3.617641,9.135745,-3.548566,-3.922530,1.168793,-20.779263,-1.014958,-1.652351,0.983440,-0.180441,-0.006111,-0.015779
211,0.269444,-3.424798,9.031868,-0.779497,-4.425956,0.931911,-20.852924,-1.132539,-1.570101,0.983323,-0.181081,-0.007240,-0.015263
212,0.151774,-3.504375,9.159821,-2.601499,-1.073996,2.325171,-20.910971,-1.198851,-1.486717,0.983235,-0.181580,-0.007933,-0.014656
213,-0.026345,-3.444542,9.047394,-2.105189,4.117082,3.203329,-20.990770,-1.118528,-1.418765,0.983125,-0.182252,-0.007342,-0.013951
214,0.031491,-3.337299,9.114711,-0.866892,1.751503,1.908856,-21.041092,-0.996666,-1.374267,0.983063,-0.182671,-0.006361,-0.013378
215,-0.078618,-3.128864,9.216823,3.064188,3.405522,2.693133,-21.005150,-0.888924,-1.333501,0.983134,-0.182351,-0.005506,-0.012855
216,-0.124775,-3.313936,9.104712,-0.714621,3.260667,2.619267,-20.966600,-0.753492,-1.290593,0.983211,-0.182006,-0.004416,-0.012270
217,-0.034744,-3.241844,8.980614,-2.137686,0.842632,1.422771,-21.014616,-0.665498,-1.252228,0.983145,-0.182409,-0.003717,-0.011803
218,0.116829,-3.301924,9.080026,-4.693063,-2.262368,0.754148,-21.128960,-0.674529,-1.209880,0.982966,-0.183390,-0.003851,-0.011458
219,-0.105269,-3.392390,8.964140,-9.744020,1.971715,1.419827,-21.370005,-0.665908,-1.174377,0.982582,-0.185455,-0.003810,-0.011148
220,0.290125,-3.582119,8.724847,-16.736391,-4.754074,-1.728488,-21.811480,-0.710890,-1.162026,0.981859,-0.189242,-0.004173,-0.011131
221,0.256001,-3.538746,8.729548,-19.231457,-2.739398,-3.114451,-22.410557,-0.856955,-1.190014,0.980842,-0.194385,-0.005317,-0.011640
222,0.303210,-3.839334,8.111844,-31.271517,-4.113240,-1.956870,-23.251719,-0.994922,-1.223516,0.979373,-0.201592,-0.006352,-0.012207
223,0.634038,-3.939830,7.489300,-42.775200,-12.209840,-7.841398,-24.484919,-1.309880,-1.262704,0.977109,-0.212145,-0.008834,-0.013191
224,0.511486,-3.853913,7.038848,-48.370972,-8.742832,-6.069192,-26.002169,-1.724391,-1.324107,0.974151,-0.225098,-0.012062,-0.014642
225,0.388252,-4.177554,6.656338,-62.167606,-5.986230,-4.215708,-27.842731,-2.020824,-1.365204,0.970356,-0.240739,-0.014249,-0.015804
226,0.371538,-4.404067,6.444118,-69.637177,-4.674425,-1.761228,-30.038734,-2.224499,-1.365658,0.965528,-0.259302,-0.015659,-0.016538
227,0.438984,-4.258720,6.795905,-59.535400,-3.039579,-5.171297,-32.189415,-2.394413,-1.397666,0.960453,-0.277390,-0.016693,-0.017508
228,-0.067513,-4.677126,7.287053,-57.411263,10.591235,4.323543,-34.134575,-2.296184,-1.478577,0.955613,-0.293658,-0.015367,-0.018212
229,0.105935,-5.074278,7.422714,-55.494663,8.002944,1.108907,-36.012054,-1.990620,-1.580228,0.950716,-0.309269,-0.012256,-0.018481
230,0.310416,-5.435410,7.480529,-55.029411,5.057822,-0.496458,-37.849449,-1.810373,-1.703393,0.945647,-0.324471,-0.010122,-0.019182
231,0.387307,-6.035324,7.525620,-57.079262,3.750639,-2.475427,-39.713337,-1.727064,-1.834415,0.940236,-0.339813,-0.008736,-0.020173
232,0.197250,-6.503581,7.369141,-57.473476,5.025560,2.180082,-41.619045,-1.619290,-1.933792,0.934455,-0.355399,-0.007212,-0.020792
233,0.623239,-6.674199,6.997807,-54.035351,-3.653718,-3.000114,-43.476322,-1.612064,-1.958757,0.928569,-0.370498,-0.006735,-0.021085
234,0.536061,-6.996489,6.897441,-51.984375,-2.903337,-1.942059,-45.243294,-1.748052,-1.942562,0.922725,-0.384783,-0.007559,-0.021512
235,-0.160396,-6.937473,6.854180,-42.899284,6.524395,8.535756,-46.825268,-1.627115,-1.909555,0.917353,-0.397472,-0.006407,-0.020931
236,0.165057,-6.839138,6.439905,-40.329319,0.387633,5.116902,-48.213966,-1.381589,-1.839134,0.912521,-0.408536,-0.004449,-0.019572
237,-0.118429,-6.893184,6.510201,-37.475437,4.091074,7.822770,-49.512482,-1.170335,-1.754094,0.907878,-0.418830,-0.002864,-0.018176
238,-0.523685,-7.065393,6.253931,-40.937008,8.793697,15.026040,-50.820457,-0.740330,-1.674602,0.903103,-0.429127,0.000435,-0.015971
239,-0.214114,-7.507276,6.293355,-43.261387,1.366580,11.041029,-52.224770,-0.295002,-1.536166,0.897834,-0.440123,0.003589,-0.013170
240,0.236549,-7.853894,6.322343,-38.989292,-5.369502,1.290492,-53.596275,-0.171655,-1.359894,0.892529,-0.450832,0.004013,-0.011268
241,-0.134801,-7.880940,6.450511,-29.062309,-0.847420,4.597031,-54.730854,-0.152804,-1.219606,0.888035,-0.459650,0.003708,-0.010065
242,0.007011,-8.521221,6.317927,-29.081984,-2.801667,3.728310,-55.700035,-0.073505,-1.090057,0.884130,-0.467143,0.003877,-0.008710
243,0.327481,-8.467187,6.379770,-17.795282,-6.270548,-3.734946,-56.481544,-0.158024,-0.964769,0.880929,-0.473171,0.002769,-0.008069
244,-0.093488,-8.570326,6.293684,-10.077841,0.660204,1.182704,-56.946342,-0.244931,-0.910482,0.879003,-0.476746,0.001909,-0.008003
245,0.042297,-8.546407,6.297538,-5.648855,0.533543,-0.940568,-57.208374,-0.230656,-0.924771,0.877910,-0.478754,0.002096,-0.008049
246,-0.040330,-9.030317,6.189318,-8.714806,1.774662,0.990387,-57.447651,-0.209165,-0.956737,0.876907,-0.480584,0.002412,-0.008199
247,0.196278,-8.691019,6.080149,-1.706972,0.668754,-5.172297,-57.621078,-0.246118,-1.028475,0.876172,-0.481911,0.002443,-0.008899
248,-0.089761,-8.976505,6.163833,-0.079114,4.666581,-0.020518,-57.650265,-0.271554,-1.150006,0.876037,-0.482133,0.002762,-0.009935
249,0.265804,-8.785700,6.013307,1.593807,0.765016,-5.215545,-57.624462,-0.296794,-1.273174,0.876133,-0.481935,0.003085,-0.010983
250,0.029652,-8.874977,5.838598,-0.010377,3.123278,-1.902970,-57.597340,-0.362249,-1.391443,0.876230,-0.481729,0.003079,-0.012163
251,0.154639,-8.583265,5.855369,5.658689,2.472451,-3.983077,-57.502369,-0.395005,-1.522783,0.876612,-0.481002,0.003370,-0.013308
252,0.268401,-8.822571,5.874139,3.417379,1.488741,-4.563930,-57.350079,-0.479453,-1.655114,0.877227,-0.479840,0.003260,-0.014679
253,0.694296,-9.501727,5.628467,-9.545273,-1.992640,-9.743792,-57.450966,-0.684887,-1.776494,0.876767,-0.480628,0.002210,-0.016466
254,0.428409,-9.385698,6.433751,-8.785410,2.420861,-5.465418,-57.754456,-0.895208,-1.918199,0.875444,-0.482967,0.001244,-0.018429
255,0.438226,-9.723000,6.842255,-25.035454,1.441350,0.786150,-58.316696,-0.927253,-2.013984,0.873044,-0.487258,0.001497,-0.019289
256,0.863432,-10.237862,7.692157,-38.884975,-4.128485,-0.183905,-59.382721,-0.942108,-1.970223,0.868478,-0.495360,0.001375,-0.019006
257,0.286983,-10.545649,7.675547,-50.861626,-2.172548,8.191182,-60.880802,-0.878978,-1.812962,0.861962,-0.506668,0.001403,-0.017525
258,-0.034076,-10.462922,7.244998,-54.798962,-3.454884,15.802842,-62.644798,-0.571227,-1.540332,0.854133,-0.519857,0.002730,-0.014074
259,0.271288,-11.504199,6.497176,-53.387741,-9.855989,15.544662,-64.450310,-0.202911,-1.108395,0.845909,-0.533236,0.003660,-0.009127
260,-0.095166,-11.479911,6.139809,-19.612793,-8.474449,17.243219,-65.667084,0.162883,-0.601421,0.840241,-0.542186,0.004040,-0.003639
261,-0.510884,-11.428800,4.270264,-6.953089,-6.251493,25.031593,-66.105827,0.704478,-0.088483,0.838154,-0.545399,0.005574,0.002706
262,-0.076968,-11.210762,4.189542,19.904285,-5.713815,21.359415,-65.880898,1.329106,0.409057,0.839152,-0.543762,0.007793,0.009302
263,-0.413841,-10.888268,4.583830,55.165146,-3.330290,26.877373,-64.616081,1.994993,0.883941,0.844962,-0.534488,0.010591,0.015823
264,-0.595645,-9.864571,3.499648,66.582932,-0.248382,27.250952,-62.568264,2.774967,1.339951,0.854147,-0.519337,0.014622,0.022563
265,-0.269790,-9.406220,2.600723,51.684532,-0.186812,20.081421,-60.576912,3.464158,1.722609,0.862776,-0.504459,0.018519,0.028217
266,-0.371369,-7.819282,3.806710,87.197281,1.687427,13.719678,-58.245815,3.961523,1.988325,0.872632,-0.486845,0.021751,0.031967
267,-0.363678,-7.429633,3.464558,86.682838,0.379124,7.645723,-55.337318,4.276497,2.156821,0.884548,-0.464574,0.024305,0.033979
268,-0.377782,-6.414616,3.038008,75.704910,3.016877,0.612716,-52.629963,4.420443,2.193200,0.895213,-0.443556,0.026085,0.034235
269,-0.384583,-5.510468,3.679379,80.016647,2.146755,-5.852716,-50.045353,4.404762,2.071787,0.905029,-0.423225,0.027175,0.032622
270,-0.462433,-4.722642,4.290090,92.060829,1.951639,-10.626037,-47.196568,4.243289,1.839485,0.915391,-0.400540,0.027499,0.029518
271,-0.413997,-5.136480,3.954888,55.782475,1.558762,-12.302246,-44.756306,4.008871,1.531875,0.923865,-0.380883,0.027254,0.025669
272,-0.494207,-4.131349,4.608912,68.147919,2.353427,-12.959027,-42.715271,3.764024,1.182792,0.930650,-0.364288,0.026827,0.021567
273,-0.299190,-4.102014,5.860786,71.593590,-3.087200,-21.764181,-40.413700,3.371249,0.757039,0.937958,-0.345436,0.025323,0.016357
274,-0.492968,-4.565685,7.073979,67.453506,0.776815,-18.081753,-38.123955,2.920888,0.268376,0.944837,-0.326540,0.023325,0.010537
275,-0.443331,-4.634579,7.731537,68.674622,0.052156,-20.572638,-35.881340,2.544313,-0.255523,0.951154,-0.307908,0.021809,0.004718
276,-0.643908,-4.457995,8.648125,70.322411,3.639247,-19.842598,-33.590157,2.211036,-0.844018,0.957181,-0.288752,0.020598,-0.001475
277,-0.656302,-5.018279,8.882257,50.593750,3.444657,-18.618303,-31.598005,1.965171,-1.448390,0.962063,-0.271993,0.019940,-0.007491
278,-0.706228,-4.880853,8.645811,41.586327,5.107989,-13.476805,-30.079668,1.812701,-1.980601,0.965551,-0.259155,0.019758,-0.012585
279,-0.565039,-4.481891,8.254604,31.935032,3.940313,-12.591820,-28.868666,1.730284,-2.433528,0.968185,-0.248875,0.019912,-0.016799
280,-0.640035,-4.659487,8.361749,13.925426,5.430152,-5.333925,-28.114550,1.724831,-2.770612,0.969748,-0.242440,0.020468,-0.019794
281,-0.522163,-4.816562,8.158797,2.932578,2.887966,-5.290351,-27.840458,1.764070,-2.992381,0.970282,-0.240070,0.021217,-0.021639
282,-0.286791,-4.488082,7.952266,5.240917,-1.245032,-6.701604,-27.709925,1.695007,-3.182050,0.970523,-0.238948,0.021003,-0.023414
283,-0.318088,-4.647769,8.122099,0.212982,-0.247165,-5.581824,-27.623819,1.577961,-3.351857,0.970673,-0.238219,0.020347,-0.025112
284,-0.250484,-4.659240,8.381468,0.704398,-1.720911,-3.919056,-27.611876,1.475433,-3.476967,0.970675,-0.238125,0.019736,-0.026388
285,-0.297134,-4.621398,8.310642,1.122588,-0.551418,-3.615743,-27.583744,1.383700,-3.570746,0.970716,-0.237897,0.019148,-0.027378
286,-0.220285,-4.682941,8.286513,-6.085104,-2.197753,-1.793252,-27.667835,1.301305,-3.629394,0.970529,-0.238624,0.018592,-0.028033
287,-0.493841,-4.837740,8.621607,-10.981091,2.189502,2.594631,-27.951981,1.307369,-3.617472,0.969937,-0.241030,0.018688,-0.027873
288,-0.174804,-4.632044,8.402540,-11.429531,-3.873060,0.519104,-28.324137,1.307067,-3.558342,0.969164,-0.244188,0.018650,-0.027313
289,-0.543133,-5.126000,8.000196,-27.669352,2.167002,5.486951,-28.973467,1.330078,-3.457011,0.967787,-0.249686,0.018778,-0.026300
290,-0.302317,-4.919676,7.802001,-27.785295,-2.148250,2.934250,-29.894695,1.399372,-3.334565,0.965774,-0.257460,0.019297,-0.024960
291,-0.139345,-4.762032,7.510926,-27.547523,-4.357285,-0.564739,-30.814777,1.325776,-3.246014,0.963697,-0.265240,0.018673,-0.024231
292,-0.097284,-4.622899,7.013569,-31.279819,-3.900223,-3.087790,-31.794783,1.176690,-3.226766,0.961401,-0.273514,0.017583,-0.024265
293,-0.367598,-4.758558,6.586620,-41.608070,1.799770,0.033359,-33.009972,1.120037,-3.251020,0.958442,-0.283705,0.017426,-0.024421
294,0.433459,-4.562859,6.163877,-46.108372,-14.168399,-13.558924,-34.472946,0.823481,-3.323357,0.954725,-0.295985,0.015453,-0.025566
295,-0.097608,-4.572747,6.269344,-48.373470,-1.845304,-5.037072,-36.048378,0.426914,-3.424455,0.950529,-0.309172,0.012786,-0.027261
296,-0.027133,-4.818774,6.108036,-58.233486,-4.240376,-3.783899,-37.825199,0.257579,-3.479218,0.945598,-0.323911,0.011965,-0.027990
297,0.318889,-5.175681,6.522203,-60.975239,-8.492339,-8.951983,-39.811462,-0.041067,-3.511584,0.939809,-0.340324,0.010095,-0.028931
298,0.189216,-5.412142,6.902877,-57.496605,-3.553030,-6.686726,-41.785114,-0.363057,-3.578589,0.933755,-0.356533,0.008176,-0.030300
299,-0.055200,-5.955816,7.150596,-56.804649,1.894910,-1.220137,-43.689018,-0.472487,-3.655940,0.927668,-0.372019,0.008044,-0.031141
300,0.515417,-6.513975,7.224551,-50.783848,-5.052896,-10.091501,-45.480751,-0.642270,-3.752178,0.921686,-0.386512,0.007489,-0.032358
301,0.415148,-6.585262,7.240371,-35.940517,1.082685,-10.823251,-46.923050,-0.939389,-3.947186,0.916640,-0.398143,0.006195,-0.034852
302,-0.168171,-6.835964,6.912968,-30.375298,8.808777,1.078166,-48.024513,-0.946923,-4.178404,0.912698,-0.406923,0.007291,-0.036660
304,0.225800,-6.982155,6.611731,-28.433853,3.798795,-5.951921,-49.001461,-0.868660,-4.388504,0.909142,-0.414653,0.008985,-0.037980
305,-0.122550,-6.977102,6.486824,-26.833538,8.500738,-2.243316,-49.918732,-0.839132,-4.633676,0.905717,-0.421888,0.010425,-0.039736
306,-0.128526,-7.263022,6.423275,-32.759609,7.269577,-1.039461,-50.908764,-0.713707,-4.870707,0.901981,-0.429635,0.012644,-0.041041
307,-0.145554,-7.688830,6.322978,-40.702511,5.500356,0.061604,-52.131016,-0.594272,-5.047488,0.897309,-0.439171,0.014694,-0.041831
308,-0.073164,-8.089192,6.103742,-47.486267,3.974603,-1.474838,-53.599255,-0.518019,-5.187664,0.891573,-0.450588,0.016373,-0.042430
309,-0.145358,-8.463324,6.072577,-46.794292,2.227926,4.716123,-55.169842,-0.414031,-5.240492,0.885316,-0.462722,0.017970,-0.042190
310,0.296086,-8.853355,6.059082,-41.874859,-4.209740,1.866864,-56.648014,-0.342265,-5.151177,0.879322,-0.474094,0.018694,-0.040973
311,0.209361,-8.865401,5.682653,-35.987656,-4.228128,4.286759,-57.946590,-0.332388,-4.978057,0.873956,-0.484053,0.018501,-0.039396
312,-0.131103,-9.285948,5.723127,-29.838722,-2.190356,12.388814,-59.044529,-0.151548,-4.741444,0.869392,-0.492387,0.019233,-0.036646
313,0.332368,-9.386128,5.454374,-25.259277,-8.023169,6.564680,-59.962959,0.033944,-4.433766,0.865544,-0.499336,0.019587,-0.033358
314,0.220611,-9.491509,5.485971,-18.053932,-6.054488,4.182738,-60.684711,0.073162,-4.141717,0.862470,-0.504816,0.018805,-0.030863
315,-0.202767,-9.407660,5.485685,-9.806889,-0.195958,8.849616,-61.148571,0.212337,-3.945143,0.860491,-0.508298,0.019103,-0.028693
316,-0.242274,-9.620255,5.448349,-8.443775,0.408401,8.159113,-61.451828,0.462666,-3.811799,0.859207,-0.510530,0.020461,-0.026527
317,-0.054212,-9.631651,5.333334,-6.471011,-0.439511,3.338729,-61.699528,0.630952,-3.720108,0.858141,-0.512357,0.021369,-0.025044
318,-0.155074,-9.701550,5.603280,-1.142767,0.557071,3.331070,-61.825817,0.729827,-3.669295,0.857597,-0.513286,0.021908,-0.024197
319,-0.009827,-10.197881,5.678771,-14.228024,-2.547625,0.118630,-62.081264,0.764960,-3.612935,0.856466,-0.515198,0.021971,-0.023568
320,0.141360,-10.359941,7.026217,-26.212236,-6.064786,-7.905932,-62.754486,0.583495,-3.545913,0.853420,-0.520280,0.020454,-0.023764
321,-0.302642,-10.357586,6.724250,-49.154312,-0.299534,-3.329101,-64.010475,0.368670,-3.535251,0.847644,-0.529658,0.019075,-0.024453
322,0.271037,-11.109550,6.954402,-50.875729,-0.208867,-10.995841,-65.677788,0.149332,-3.628091,0.839799,-0.541972,0.018261,-0.025891
323,0.214147,-11.392891,5.614406,-52.161354,1.619803,-9.911963,-67.394669,-0.160491,-3.789189,0.831499,-0.554540,0.017178,-0.028283
324,0.091116,-11.584130,4.802602,-29.985662,4.871097,-2.977517,-68.762749,-0.319208,-3.969470,0.824744,-0.564437,0.017260,-0.030155
325,0.051464,-12.008052,3.213204,-11.396195,6.260296,7.348506,-69.451828,-0.184651,-4.116301,0.821322,-0.569331,0.019135,-0.030434
326,0.637546,-12.272773,3.469798,32.355164,3.563226,2.453919,-69.102509,0.026162,-4.210931,0.823068,-0.566753,0.021024,-0.030130
327,0.400231,-11.371882,2.637829,40.773293,4.094678,5.321950,-67.883888,0.193824,-4.281344,0.829059,-0.557910,0.022258,-0.030044
328,0.286601,-10.714222,3.289646,53.612877,4.836396,7.961744,-66.311333,0.455737,-4.332441,0.836665,-0.546395,0.024000,-0.029471
329,0.510843,-9.530579,4.414760,77.916954,3.301858,1.506394,-64.120338,0.655881,-4.389481,0.846972,-0.530226,0.025175,-0.029419
330,0.276748,-8.327625,3.885932,86.027092,4.154247,3.014464,-61.390163,0.779520,-4.464046,0.859359,-0.509842,0.025725,-0.030019
331,0.223230,-7.483054,3.424238,74.817657,1.433410,4.785759,-58.711369,0.938570,-4.480090,0.871055,-0.489560,0.026294,-0.030054
332,-0.252185,-6.455796,3.909446,87.082085,2.924546,15.756624,-56.012234,1.266485,-4.356785,0.882403,-0.468827,0.027598,-0.028372
333,-0.181934,-5.794548,4.233812,94.718361,2.169576,10.459113,-52.979588,1.672037,-4.173869,0.894562,-0.445220,0.029291,-0.026085
334,-0.447090,-5.353284,3.490859,68.154968,6.097651,16.264460,-50.261509,2.105709,-4.004151,0.904908,-0.423773,0.031459,-0.023825
335,-0.537800,-4.884155,3.758888,58.521072,5.971079,17.441637,-48.142414,2.662601,-3.791506,0.912607,-0.406837,0.034691,-0.020725
336,-0.857603,-4.429045,4.519866,69.298012,7.581258,23.704628,-45.997177,3.318593,-3.490022,0.920046,-0.389552,0.038535,-0.016711
337,-0.736839,-4.435134,4.889362,61.807869,-0.209874,20.065182,-43.785885,3.920432,-3.059630,0.927349,-0.371675,0.041676,-0.012008
338,-1.033303,-4.798403,5.520360,49.802261,-2.578994,25.987877,-41.883476,4.408654,-2.462861,0.933333,-0.356299,0.043590,-0.006312
339,-0.822057,-5.425414,6.294219,37.336494,-13.750782,18.121796,-40.373466,4.688437,-1.728703,0.937894,-0.344174,0.043587,-0.000034
340,-0.308813,-5.592378,7.242876,43.334747,-25.894121,6.053764,-38.971447,4.437908,-0.993375,0.942094,-0.332993,0.039389,0.004749
341,-0.278347,-6.098540,7.392344,30.268097,-23.560677,0.469930,-37.702545,3.858436,-0.393842,0.945856,-0.322818,0.032969,0.007627
342,-0.132149,-6.600909,7.602468,17.072010,-21.880774,-3.331508,-36.887863,3.227159,0.028547,0.948255,-0.316258,0.026633,0.009145
343,0.038849,-6.257142,7.986521,20.075197,-19.520433,-7.482563,-36.255497,2.565825,0.295909,0.950106,-0.311113,0.020475,0.009420
344,-0.219133,-5.882201,8.088093,23.154005,-10.185929,-4.003991,-35.529858,2.052266,0.431059,0.952136,-0.305125,0.015907,0.009046
345,-0.394520,-5.694795,8.224617,20.077400,-2.338735,-2.503359,-34.808334,1.819013,0.462030,0.954072,-0.299131,0.013941,0.008595
346,-0.292194,-5.350379,8.538615,23.489866,-1.832212,-1.612196,-34.082825,1.722733,0.444445,0.955961,-0.293083,0.013236,0.008113
347,-0.547161,-4.893607,8.684636,31.139757,3.689800,-1.745675,-33.174290,1.717549,0.380603,0.958260,-0.285487,0.013416,0.007461
348,-0.350432,-4.907070,8.296002,31.082785,2.395612,-6.139907,-32.142345,1.731846,0.214858,0.960799,-0.276826,0.014003,0.005985
349,-0.535464,-4.682554,8.254043,31.554745,6.382396,-3.211329,-31.104837,1.774469,0.005616,0.963270,-0.268088,0.014904,0.004199
350,-0.511775,-4.915507,8.346598,26.036854,4.491580,0.163488,-30.149517,1.904571,-0.130852,0.965458,-0.260025,0.016345,0.003220
351,-0.695879,-4.819430,8.393403,27.799152,4.703107,2.261446,-29.253763,2.057913,-0.171752,0.967440,-0.252456,0.017754,0.003085
352,-0.385684,-4.713474,8.503018,27.663973,-1.793447,1.699841,-28.328211,2.132321,-0.137284,0.969436,-0.244636,0.018334,0.003392
353,-0.477937,-4.671485,8.721766,21.212328,-1.874159,5.167025,-27.508841,2.132066,-0.007052,0.971156,-0.237719,0.018086,0.004364
354,0.167301,-4.743073,8.788468,14.364945,-12.858090,-3.545532,-26.911077,1.926310,0.129245,0.972408,-0.232676,0.016086,0.005008
355,-0.137132,-4.591105,8.632204,8.178563,-5.131097,-5.756948,-26.535629,1.588750,0.126281,0.973210,-0.229496,0.013241,0.004254
356,0.013419,-4.546404,8.553854,0.768037,-3.076663,-10.792019,-26.391417,1.343229,-0.059743,0.973530,-0.228256,0.011531,0.002168
357,-0.257961,-4.454640,8.571370,-1.998272,4.782796,-10.607343,-26.419409,1.209928,-0.391778,0.973489,-0.228467,0.011060,-0.000916
358,-0.509550,-4.207495,8.687816,0.767332,9.276883,-7.030191,-26.448143,1.288835,-0.759363,0.973417,-0.228668,0.012464,-0.003878
359,-0.842806,-4.194858,8.726687,-0.374445,14.980255,-3.629059,-26.450218,1.571746,-1.098569,0.973373,-0.228617,0.015544,-0.006194
360,-0.729430,-3.987163,8.946249,6.486574,10.580729,-0.256023,-26.356075,1.924497,-1.346146,0.973507,-0.227738,0.019028,-0.007608
361,-0.646306,-3.959489,8.931787,12.317990,7.341673,3.827861,-26.045580,2.218951,-1.424471,0.974077,-0.225044,0.021664,-0.007746
362,-0.477622,-4.141065,8.950815,7.385956,1.213906,2.883151,-25.715734,2.396210,-1.385898,0.974697,-0.222222,0.023074,-0.007135
363,-0.400999,-4.134829,8.883143,5.918055,-1.135749,1.664631,-25.491186,2.430196,-1.317970,0.975129,-0.220320,0.023219,-0.006537
364,-0.368782,-4.029302,8.958313,8.209416,-2.493714,2.983318,-25.251686,2.408738,-1.221932,0.975596,-0.218304,0.022839,-0.005809
365,-0.149056,-4.119346,8.776093,1.861921,-6.986936,-1.640436,-25.080252,2.275257,-1.134401,0.975947,-0.216878,0.021528,-0.005351
366,-0.313900,-4.151241,8.894642,-2.139520,-1.242168,-1.377176,-25.084457,2.129732,-1.121666,0.975960,-0.216934,0.020265,-0.005517
367,-0.237025,-4.061373,8.904142,-2.856861,-1.678652,-2.082198,-25.168900,2.061181,-1.153173,0.975808,-0.217655,0.019745,-0.005901
368,-0.326027,-4.140018,8.901867,-6.803106,0.858943,-2.585140,-25.332195,2.015642,-1.217743,0.975499,-0.219040,0.019490,-0.006510
369,-0.354978,-4.285800,8.515230,-13.978806,1.863191,-2.255157,-25.681828,2.021850,-1.310107,0.974820,-0.221999,0.019741,-0.007224
370,-0.337708,-4.535151,8.458284,-20.459347,0.527947,-2.005296,-26.258669,2.026539,-1.391422,0.973685,-0.226889,0.019978,-0.007806
371,-0.262605,-4.530010,8.286593,-19.790083,-1.003370,-2.971340,-26.931936,1.982250,-1.462129,0.972335,-0.232599,0.019791,-0.008379
372,-0.282613,-4.852444,7.995728,-26.865141,-0.606415,-0.138434,-27.710640,1.934638,-1.495971,0.970735,-0.239202,0.019515,-0.008630
373,0.025552,-4.702405,7.650790,-29.205044,-6.681272,-3.772539,-28.645086,1.796652,-1.495954,0.968768,-0.247130,0.018418,-0.008769
374,0.194997,-4.784426,7.353402,-38.492916,-9.753406,-8.989248,-29.774784,1.453823,-1.548404,0.966311,-0.256710,0.015731,-0.009798
375,-0.215342,-4.707999,7.422177,-38.279911,0.009113,-3.169041,-31.056372,1.211430,-1.641147,0.963387,-0.267524,0.014018,-0.010968
376,0.038885,-4.415950,7.010858,-39.310261,-5.143533,-6.414827,-32.351215,1.054721,-1.731022,0.960301,-0.278405,0.013047,-0.011943
377,-0.396075,-4.602314,6.792642,-52.046474,4.275159,-3.177065,-33.875778,0.955279,-1.857574,0.956502,-0.291157,0.012696,-0.013078
378,-0.280520,-5.514428,6.771680,-66.998276,-0.026881,-1.710157,-35.861263,0.966983,-1.963707,0.951301,-0.307672,0.013303,-0.013705
379,-0.512387,-5.021795,6.568460,-53.580719,3.602801,4.479438,-37.870163,1.041686,-1.962914,0.945759,-0.324288,0.014155,-0.013252
380,-0.077456,-5.748189,6.401147,-63.097961,-7.212652,0.799888,-39.812279,1.049619,-1.855605,0.940139,-0.340282,0.014124,-0.012106
381,-0.219319,-6.381048,6.375829,-63.494240,-5.325156,2.577768,-41.918449,0.927951,-1.677858,0.933747,-0.357543,0.012798,-0.010776
382,0.067654,-6.322547,6.300404,-47.799019,-10.249008,-0.304362,-43.769611,0.763442,-1.473217,0.927870,-0.372623,0.010973,-0.009446
383,0.197264,-6.000716,6.486855,-32.490551,-9.287528,-3.908665,-45.105614,0.481438,-1.296349,0.923478,-0.383463,0.008219,-0.008836
384,-0.009300,-6.856267,6.768645,-36.653042,-3.347102,-2.511045,-46.257450,0.257907,-1.220944,0.919580,-0.392753,0.006255,-0.008914
385,-0.278832,-6.437376,6.777840,-27.801996,4.071932,-2.147260,-47.331860,0.209899,-1.282404,0.915851,-0.401359,0.006170,-0.009514
386,-0.002881,-6.741062,6.596897,-38.156227,0.586408,-5.585293,-48.431580,0.166828,-1.426035,0.911943,-0.410126,0.006432,-0.010752
387,0.100263,-7.156327,6.917019,-42.699928,0.815046,-10.018481,-49.779217,-0.014577,-1.614278,0.907030,-0.420831,0.005813,-0.012832
388,-0.323610,-7.375462,6.539897,-47.859966,6.030727,-2.982905,-51.288048,-0.109084,-1.840307,0.901377,-0.432736,0.006092,-0.014889
389,-0.288234,-7.709946,6.559635,-49.134701,4.172770,-0.613157,-52.904190,-0.052022,-2.010270,0.895166,-0.445388,0.007408,-0.015908
390,0.294378,-8.071813,6.171103,-49.597813,-3.514397,-9.034794,-54.549179,-0.175495,-2.114132,0.888655,-0.458202,0.007093,-0.017099
391,-0.258520,-8.529199,6.386393,-41.301086,3.868116,0.736411,-56.063385,-0.286003,-2.199027,0.882500,-0.469914,0.006815,-0.018111
392,-0.250463,-8.279013,5.902501,-34.352379,1.889841,4.760817,-57.324039,-0.156628,-2.227633,0.877285,-0.479574,0.008124,-0.017712
393,-0.394858,-8.920584,5.852815,-34.803970,1.440677,7.438143,-58.476604,0.044749,-2.166343,0.872443,-0.488349,0.009574,-0.016305
394,0.011893,-8.627610,5.676348,-23.164413,-2.716780,-0.154792,-59.442528,0.137630,-2.085368,0.868314,-0.495680,0.010065,-0.015208
395,-0.372749,-8.996329,5.455976,-23.661016,1.212941,5.425626,-60.222763,0.200930,-2.020085,0.864932,-0.501577,0.010360,-0.014369
396,-0.273841,-8.630831,5.223987,-17.070585,0.641995,3.623270,-60.901329,0.347498,-1.972506,0.861961,-0.506674,0.011337,-0.013302
397,-0.106212,-9.089922,5.034090,-19.521181,0.102140,-0.367795,-61.511063,0.401016,-1.957262,0.859257,-0.511247,0.011741,-0.012888
398,0.365455,-8.868259,5.172273,-7.213211,-1.855314,-10.252706,-61.956947,0.231347,-2.015528,0.857245,-0.514605,0.010783,-0.014040
399,-0.030114,-9.107764,5.138903,-4.337655,3.223893,-2.435982,-62.149754,0.055368,-2.135251,0.856349,-0.516060,0.010031,-0.015709
400,0.115394,-9.536235,5.451871,-0.560477,2.087259,-3.311775,-62.231544,0.011969,-2.258145,0.855960,-0.516667,0.010272,-0.016816
401,0.791605,-9.704792,5.851828,4.399077,-3.277648,-14.129448,-62.167297,-0.254388,-2.376189,0.856204,-0.516216,0.008804,-0.018903
402,0.289809,-9.998816,7.069400,16.203682,1.872143,-8.093528,-61.822689,-0.592354,-2.529462,0.857684,-0.513677,0.006905,-0.021591
403,0.215300,-10.114985,7.848090,18.128630,1.905458,-8.036410,-61.248402,-0.798582,-2.713431,0.860181,-0.509392,0.006066,-0.023923
404,0.486974,-10.511771,8.423680,10.571349,-0.197709,-10.531776,-60.767250,-1.055439,-2.888371,0.862230,-0.505805,0.004804,-0.026398
405,0.361068,-10.555032,7.983470,1.957039,2.243872,-5.229143,-60.555191,-1.267791,-3.046584,0.863087,-0.504235,0.003851,-0.028532
407,0.308930,-10.682669,7.727357,11.286328,3.877939,5.183723,-60.332596,-1.218212,-3.135686,0.864052,-0.502546,0.004561,-0.028994
408,0.190422,-10.733319,6.750823,15.555965,2.315020,17.138720,-59.887028,-0.844108,-3.039880,0.866092,-0.499126,0.006859,-0.026659
409,-0.186311,-10.984274,4.748089,11.724789,-0.596369,31.716087,-59.435760,-0.126721,-2.653517,0.868231,-0.495619,0.010518,-0.020657
410,0.158585,-10.344145,3.710388,26.301846,-5.395977,29.706184,-58.799171,0.700947,-2.042978,0.871116,-0.490715,0.014080,-0.012529
411,-0.411594,-9.447716,4.101274,58.835514,-3.409640,40.674442,-57.365681,1.618329,-1.297176,0.877223,-0.479742,0.017821,-0.003152
412,-0.911117,-8.762485,3.506297,55.192318,-3.617973,44.877880,-55.431786,2.739306,-0.409212,0.885046,-0.464876,0.022820,0.007956
413,0.096377,-7.751308,3.354599,53.996159,-15.613663,17.784496,-53.566208,3.403640,0.458274,0.892264,-0.450518,0.024710,0.016951
414,0.307762,-6.040907,4.771193,92.134727,-16.699478,6.131628,-51.093170,3.389173,1.132763,0.901670,-0.431299,0.022418,0.021667
415,-0.173677,-5.738054,4.843693,83.411697,-8.682066,12.061810,-48.139198,3.343022,1.653509,0.912396,-0.408014,0.020748,0.025064
416,0.003077,-5.176393,4.590245,62.039177,-11.638742,0.885520,-45.693584,3.269234,2.046542,0.920827,-0.388518,0.019352,0.027525
417,0.214091,-4.728603,4.555433,48.892117,-13.277125,-11.453840,-43.836761,2.850123,2.215960,0.927077,-0.373546,0.015852,0.027215
418,-0.563391,-4.417001,4.624349,41.285027,3.175047,2.382365,-42.334240,2.623043,2.222247,0.931951,-0.361341,0.014340,0.026342
419,-0.786984,-4.801642,4.501168,14.529311,6.658594,4.891872,-41.405190,2.825895,2.200890,0.934804,-0.353788,0.016274,0.026675
420,-0.897633,-4.756410,5.343536,19.448563,4.035013,3.255046,-40.839725,3.049388,2.185257,0.936482,-0.349185,0.018281,0.027146
421,-0.644808,-4.846980,6.210529,31.528049,-2.282983,-4.756399,-39.992165,3.055421,2.147428,0.939046,-0.342244,0.018643,0.026718
422,-1.033034,-5.206267,7.319572,38.266560,1.591109,0.437770,-38.831505,3.000719,2.099699,0.942490,-0.332703,0.018601,0.025977
423,-0.941389,-5.380200,8.138767,43.136024,-0.114074,-2.315616,-37.477100,3.000904,2.059275,0.946366,-0.321534,0.019022,0.025422
424,-1.035705,-5.627439,8.394182,39.634342,1.290652,-0.244228,-36.100193,2.990962,2.013609,0.950173,-0.310131,0.019367,0.024786
425,-0.916814,-5.780251,8.114479,32.581932,1.327825,-1.989004,-34.899696,3.004948,1.957662,0.953378,-0.300151,0.019889,0.024153
426,-1.151004,-5.747844,8.112805,26.843143,3.180882,3.673459,-33.910400,3.082649,1.938418,0.955917,-0.291912,0.020794,0.024017
427,-1.002275,-5.547480,7.845473,20.874708,2.072732,2.339454,-33.113270,3.211232,1.973312,0.957883,-0.285271,0.021949,0.024482
428,-1.038396,-5.511747,7.675790,13.472651,3.128262,4.433458,-32.538094,3.345247,2.021298,0.959254,-0.280479,0.023076,0.025101
429,-1.011469,-5.271926,7.983844,15.030488,2.579985,3.941190,-32.059048,3.500316,2.088406,0.960358,-0.276493,0.024319,0.025939
430,-0.952272,-4.899035,8.361220,21.571438,1.722589,3.123972,-31.445145,3.623245,2.150960,0.961774,-0.271368,0.025342,0.026623
431,-0.652357,-4.899985,8.354374,21.076200,-1.754387,-0.828708,-30.732275,3.642501,2.184168,0.963430,-0.265388,0.025592,0.026789
432,-0.735546,-4.885144,8.475741,23.947748,0.104725,0.038557,-29.981743,3.612038,2.186963,0.965156,-0.259071,0.025504,0.026576
433,-0.556851,-4.570973,8.495242,27.478724,-2.317968,-2.712673,-29.125971,3.557959,2.166229,0.967085,-0.251846,0.025291,0.026091
434,-0.370640,-4.607635,8.383747,20.062197,-4.594662,-5.733053,-28.337790,3.389206,2.098261,0.968859,-0.245158,0.024188,0.024982
435,-0.285397,-4.556717,8.510859,14.355947,-5.113653,-6.233693,-27.769878,3.152494,1.998477,0.970150,-0.240311,0.022516,0.023523
436,-0.185302,-4.356184,8.403033,9.648704,-4.771697,-8.820432,-27.377520,2.890268,1.852264,0.971063,-0.236937,0.020676,0.021667
437,-0.129545,-4.274907,8.524961,1.880514,-3.326164,-10.479548,-27.196186,2.622738,1.628126,0.971540,-0.235340,0.018902,0.019186
438,-0.314610,-4.470836,8.387699,-10.159780,1.467564,-8.874278,-27.346283,2.447250,1.355489,0.971311,-0.236558,0.017953,0.016538
439,-0.385506,-4.415989,8.267831,-14.192154,4.349775,-9.855727,-27.765821,2.388565,1.033805,0.970493,-0.240059,0.018069,0.013757
440,-0.395457,-4.489480,7.949334,-22.912098,5.437177,-10.669050,-28.400003,2.371416,0.654980,0.969193,-0.245366,0.018659,0.010616
441,-0.281671,-4.770411,7.940003,-30.636768,3.913507,-12.826378,-29.309572,2.318752,0.236515,0.967257,-0.252983,0.019053,0.007115
442,-0.530494,-4.624186,8.029260,-27.469339,8.127954,-8.586987,-30.294428,2.315366,-0.173334,0.965067,-0.261217,0.019897,0.003820
443,-0.541552,-4.849417,8.275048,-28.439911,7.191545,-8.315109,-31.241644,2.390627,-0.545872,0.962871,-0.269112,0.021372,0.001030
444,-0.297891,-4.946482,8.392847,-26.823904,2.120377,-11.337802,-32.177525,2.350422,-0.906423,0.960646,-0.276903,0.021898,-0.001915
445,-0.096630,-5.003684,8.485081,-22.254232,-0.871646,-12.554206,-33.008930,2.153502,-1.253763,0.958629,-0.283826,0.021124,-0.005150
446,-0.570140,-4.964650,8.335290,-19.507563,7.069038,-4.042780,-33.715500,2.087734,-1.542032,0.956853,-0.289688,0.021335,-0.007593
447,-0.173711,-5.421356,7.975172,-30.228804,0.030192,-8.837859,-34.553459,2.065132,-1.785705,0.954694,-0.296635,0.021833,-0.009526
448,0.085868,-5.456481,7.443607,-34.013390,-3.708552,-12.612643,-35.632637,1.809265,-2.043595,0.951858,-0.305612,0.020484,-0.012146
449,-0.163761,-5.683627,6.822395,-41.906696,1.385184,-7.548951,-36.905098,1.579287,-2.292017,0.948394,-0.316164,0.019400,-0.014609
450,-0.516778,-5.734460,6.352054,-49.426655,5.591835,-2.293413,-38.432693,1.570870,-2.492170,0.944069,-0.328746,0.020098,-0.016022
451,-0.045994,-5.764696,5.944571,-55.425194,-3.799695,-11.867331,-40.185226,1.444230,-2.692985,0.938906,-0.343138,0.019905,-0.017738
452,-0.322664,-5.783312,5.715822,-56.770042,1.340753,-5.961635,-42.059059,1.218064,-2.891505,0.933142,-0.358464,0.018972,-0.019736
453,-0.154539,-5.716061,5.652318,-54.688801,-1.609838,-7.132119,-43.919353,1.065886,-3.046974,0.927172,-0.373576,0.018565,-0.021180
454,0.027804,-5.998054,5.653393,-57.473320,-4.227201,-10.004565,-45.790321,0.795425,-3.181217,0.920916,-0.388709,0.017191,-0.022871
455,0.017490,-6.207553,6.052195,-49.044819,-2.072747,-9.664977,-47.566734,0.484972,-3.330179,0.914732,-0.402993,0.015589,-0.024883
456,0.132711,-6.517971,6.303124,-42.074368,-2.670975,-9.136129,-49.085957,0.198686,-3.479404,0.909251,-0.415136,0.014187,-0.026896
457,0.004158,-6.837260,6.533865,-35.484562,-0.208974,-7.536077,-50.378555,-0.044329,-3.622503,0.904449,-0.425408,0.013102,-0.028766
458,-0.073524,-7.223922,6.692661,-29.511942,1.407180,-4.996071,-51.461437,-0.193705,-3.769512,0.900332,-0.433957,0.012757,-0.030362
459,0.010242,-6.983284,6.640238,-16.583729,1.545206,-6.014505,-52.228989,-0.307558,-3.921394,0.897347,-0.439990,0.012651,-0.031902
460,0.044727,-7.232304,6.313196,-17.575573,1.931950,-4.420394,-52.797344,-0.410102,-4.073367,0.895094,-0.444445,0.012598,-0.033423
461,-0.144905,-7.461205,6.081936,-19.450003,3.410368,0.225731,-53.413612,-0.412597,-4.186474,0.892657,-0.449240,0.013201,-0.034246
462,0.440069,-7.639965,5.861602,-20.616076,-5.082519,-7.299314,-54.081013,-0.524230,-4.233507,0.889991,-0.454456,0.012720,-0.034976
463,0.255226,-7.718745,5.513916,-24.012442,-2.586240,-4.711228,-54.824589,-0.761521,-4.246418,0.886974,-0.460283,0.011161,-0.035945
464,0.184442,-8.246042,5.596164,-29.793102,-3.084778,2.623123,-55.722126,-0.843933,-4.188308,0.883343,-0.467242,0.010570,-0.035744
465,0.415618,-8.420319,5.690539,-27.441753,-7.229184,-0.330201,-56.678440,-0.908066,-4.023784,0.879451,-0.474628,0.009694,-0.034658
466,0.127172,-8.545009,5.707046,-22.447155,-5.163778,5.975738,-57.513523,-0.941424,-3.799581,0.876028,-0.481050,0.008750,-0.033012
467,-0.009195,-8.683959,5.681157,-16.782942,-3.164139,7.441679,-58.170868,-0.826169,-3.562658,0.873342,-0.486062,0.008813,-0.030667
468,-0.116656,-8.753857,6.071003,-5.850443,-1.228896,10.859468,-58.550812,-0.604951,-3.340153,0.871821,-0.488928,0.009649,-0.028002
469,-0.088613,-9.025127,6.079857,-1.637308,-0.547813,7.704428,-58.677105,-0.356429,-3.153450,0.871364,-0.489856,0.010771,-0.025510
470,-0.217007,-9.262799,5.841656,-1.706129,2.531824,8.060298,-58.733269,-0.114774,-3.045170,0.871178,-0.490246,0.012158,-0.023648
471,-0.040604,-9.216900,5.662671,-0.571789,2.114389,4.327831,-58.771175,0.101922,-3.004263,0.871049,-0.490495,0.013638,-0.022405
472,0.087652,-9.119103,5.616207,0.261918,0.714017,2.933558,-58.776260,0.229851,-2.981825,0.871044,-0.490511,0.014515,-0.021686
473,0.253870,-9.189400,5.340423,-2.858302,-3.923981,0.569961,-58.819233,0.252078,-2.905807,0.870877,-0.490842,0.014366,-0.021008
474,0.111191,-8.822050,5.135015,-0.428282,-4.699917,1.828404,-58.873440,0.211938,-2.762141,0.870666,-0.491280,0.013455,-0.020082
475,0.146453,-8.618287,5.338347,5.736210,-6.462810,3.105237,-58.784275,0.185967,-2.560400,0.871080,-0.490629,0.012379,-0.018670
476,0.248348,-8.783137,5.521093,8.504439,-7.701828,2.148314,-58.546227,0.137909,-2.313236,0.872132,-0.488852,0.010920,-0.017019
477,-0.083782,-9.725091,5.586673,0.341257,-4.658502,8.091050,-58.398098,0.175611,-2.048388,0.872803,-0.487743,0.010058,-0.014856
478,0.019717,-9.808142,5.948444,-8.939433,-7.317550,4.995444,-58.540199,0.257297,-1.764289,0.872236,-0.488838,0.009486,-0.012332
479,0.025874,-10.052015,7.445162,-19.919376,-9.406649,4.195179,-59.019871,0.244000,-1.446623,0.870212,-0.492511,0.008071,-0.009937
480,0.057815,-10.566735,8.274793,-36.797451,-10.252580,3.488304,-59.963840,0.188200,-1.099393,0.866150,-0.499689,0.006217,-0.007489
481,-0.171058,-11.267114,8.657399,-50.731445,-7.036419,7.657888,-61.421322,0.209543,-0.757253,0.859743,-0.510680,0.004947,-0.004748
482,0.078662,-10.934161,8.807323,-41.517342,-7.883834,5.835960,-62.956917,0.292865,-0.431935,0.852833,-0.522164,0.004148,-0.001880
483,-0.472928,-11.372890,8.381641,-20.246706,-2.767354,16.526207,-63.983803,0.546791,-0.106851,0.848115,-0.529789,0.004541,0.001737
484,-0.451987,-11.736973,6.762113,1.096656,-3.165451,19.737318,-64.297760,1.047000,0.247036,0.846621,-0.532114,0.006589,0.006687
485,-0.658008,-11.370103,5.732888,34.284348,-3.527293,23.998241,-63.698162,1.652623,0.667785,0.849294,-0.527691,0.009175,0.012559
486,-0.739529,-10.794422,4.428882,59.977322,-5.445561,25.403740,-62.109673,2.316443,1.177448,0.856347,-0.515903,0.012016,0.019227
487,-0.762345,-10.356169,2.727880,51.670143,-2.919982,24.677452,-60.225216,2.979458,1.703655,0.864459,-0.501810,0.015031,0.025898
488,-0.414122,-9.160181,3.087373,61.682991,-3.471999,12.565919,-58.313480,3.458365,2.112418,0.872473,-0.487382,0.017371,0.030789
489,-0.581313,-8.836316,3.006704,65.436440,2.901300,10.661603,-56.181816,3.777529,2.331973,0.881224,-0.471110,0.019494,0.033458
490,-0.123672,-8.042429,1.912246,34.473602,3.413095,-4.121503,-54.518757,3.925907,2.307069,0.887925,-0.458271,0.021228,0.033571
491,0.023981,-6.571246,3.447056,52.938259,0.963913,-14.685707,-53.078247,3.714938,2.063639,0.893754,-0.447024,0.020951,0.030582
492,-0.098993,-5.706668,4.427916,77.561646,-0.579635,-15.877232,-50.923222,3.317451,1.745259,0.902201,-0.430074,0.019587,0.026187
493,0.073891,-6.120122,4.022790,51.826485,-3.844690,-23.724072,-48.787308,2.766296,1.375370,0.910279,-0.413117,0.017026,0.020896
494,-0.161895,-4.438284,4.796771,79.301094,-0.629824,-19.636078,-46.621037,2.180662,0.946268,0.918114,-0.395773,0.014208,0.015112
495,-0.451956,-3.856536,5.139247,82.607719,5.520892,-9.141374,-43.938259,1.898397,0.548895,0.927218,-0.374125,0.013571,0.010639
496,-0.426440,-4.670406,4.525479,39.490166,6.114468,-8.723438,-41.916260,1.838449,0.196489,0.933711,-0.357665,0.014368,0.007339
497,-0.458902,-4.514497,5.894518,51.122192,5.411067,-7.686868,-40.416977,1.801931,-0.135869,0.938332,-0.345377,0.015166,0.004319
498,-0.659303,-4.147722,6.120910,57.654293,9.267984,2.118429,-38.611862,1.932010,-0.363229,0.943646,-0.330513,0.016959,0.002583
499,-0.135975,-4.786396,6.109360,33.828094,-1.846324,-7.553733,-37.092838,1.974877,-0.511830,0.947940,-0.317949,0.017759,0.001247
500,-0.259515,-5.519196,8.421630,48.497437,-2.365050,-9.794220,-35.726948,1.746434,-0.701374,0.951690,-0.306620,0.016382,-0.001150
501,-0.581491,-4.883144,8.609158,66.763603,2.014443,-3.765274,-33.811687,1.612842,-0.883781,0.956692,-0.290658,0.015708,-0.003286
502,-0.498812,-5.189684,8.245768,51.322483,1.056493,-4.775987,-31.848459,1.579308,-1.032288,0.961529,-0.274209,0.015724,-0.004881
503,-0.667561,-4.827603,8.851965,52.794586,3.693864,-6.243595,-30.119057,1.552436,-1.230284,0.965550,-0.259643,0.015870,-0.006847
504,-0.733147,-4.753113,9.119442,51.220844,3.430375,-3.678469,-28.391460,1.574903,-1.432804,0.969338,-0.245026,0.016388,-0.008750
505,-0.848248,-4.222707,8.297303,47.150265,6.974976,1.274159,-26.755684,1.710327,-1.548738,0.972715,-0.231129,0.017645,-0.009694
506,-0.483488,-4.261755,8.696248,36.301208,0.513637,-4.282380,-25.368265,1.800704,-1.649316,0.975424,-0.219306,0.018488,-0.010590
507,-0.465159,-3.796327,8.732368,39.699055,1.439521,-2.117953,-24.105133,1.785326,-1.759099,0.977772,-0.208525,0.018439,-0.011758
508,-0.357701,-3.673529,8.622327,32.651596,-0.232059,-1.091494,-22.901247,1.782621,-1.816359,0.979903,-0.198233,0.018390,-0.012445
510,-0.369587,-3.354140,8.660770,33.710892,0.858399,1.102693,-21.795431,1.792456,-1.820053,0.981769,-0.188765,0.018360,-0.012637
511,-0.315975,-3.424280,8.686609,23.068457,-0.235699,1.976233,-20.847820,1.820912,-1.776150,0.983298,-0.180643,0.018430,-0.012367
512,-0.351463,-3.282830,8.758058,19.948313,0.533278,4.675076,-20.127636,1.864473,-1.673967,0.984420,-0.174469,0.018570,-0.011538
513,-0.485789,-3.209624,8.962232,13.005340,2.176250,5.900040,-19.573397,1.966936,-1.523539,0.985254,-0.169716,0.019172,-0.010182
514,-0.420600,-3.379617,9.006830,2.829138,0.928991,6.667417,-19.303102,2.085544,-1.343264,0.985650,-0.167406,0.019905,-0.008503
515,-0.533414,-3.342325,9.192078,0.133265,3.015450,5.834321,-19.247183,2.216536,-1.168230,0.985725,-0.166940,0.020772,-0.006816
516,-0.445784,-3.301710,9.185259,0.272820,0.817996,3.798363,-19.235203,2.329793,-1.037638,0.985731,-0.166849,0.021556,-0.005529
517,-0.450126,-3.141511,9.256385,1.734769,-0.629933,3.879872,-19.196838,2.374870,-0.917725,0.985785,-0.166537,0.021767,-0.004439
518,-0.500704,-3.180158,9.243386,0.123012,0.119519,4.485085,-19.160263,2.412623,-0.783127,0.985836,-0.166244,0.021896,-0.003234
519,-0.490156,-3.127253,9.173202,-0.391670,-1.001222,5.156204,-19.158083,2.451496,-0.626382,0.985836,-0.166252,0.022003,-0.001829
520,-0.388678,-3.196628,9.025059,-5.018959,-4.321612,5.056512,-19.240189,2.423696,-0.436294,0.985723,-0.166997,0.021488,-0.000219
521,-0.383730,-3.117658,9.071237,-5.332747,-4.569690,5.271976,-19.403961,2.340870,-0.224646,0.985497,-0.168448,0.020465,0.001510
522,-0.267501,-3.339618,8.982282,-10.964442,-5.550656,3.383254,-19.667902,2.230148,-0.032142,0.985121,-0.170756,0.019222,0.003047
523,-0.202948,-3.325535,8.972333,-11.553708,-4.974940,-1.125263,-20.039661,2.078039,0.062913,0.984584,-0.173970,0.017761,0.003696
524,-0.122762,-3.246158,8.987099,-9.906525,-4.832112,-4.888185,-20.398684,1.890149,0.025312,0.984063,-0.177053,0.016194,0.003138
525,-0.178378,-3.397155,8.677715,-14.635511,-1.656819,-6.404007,-20.812115,1.722785,-0.112911,0.983443,-0.180588,0.014964,0.001746
526,-0.093125,-3.456889,8.335126,-21.616491,-2.099536,-9.105937,-21.422642,1.571285,-0.331449,0.982487,-0.185804,0.014010,-0.000293
527,-0.031820,-3.633662,7.997436,-32.157310,-2.769563,-9.190059,-22.325350,1.382372,-0.584247,0.981009,-0.193518,0.012822,-0.002666
528,-0.043602,-3.740050,7.791171,-40.895325,-2.627775,-6.623086,-23.547438,1.196639,-0.791827,0.978899,-0.203960,0.011632,-0.004633
529,-0.208464,-3.958059,7.535030,-51.905708,1.040901,-2.527390,-25.096443,1.109414,-0.919680,0.976053,-0.217168,0.011193,-0.005730
530,-0.180671,-4.117966,7.441193,-61.968151,-0.835835,-0.753386,-26.994884,1.088150,-0.969652,0.972320,-0.233305,0.011208,-0.006011
531,-0.117204,-4.520232,7.731042,-68.221657,-3.113508,-0.139458,-29.163658,1.022726,-0.951896,0.967736,-0.251672,0.010728,-0.005792
532,-0.285129,-4.746107,7.777687,-65.638733,-0.069376,1.915415,-31.392843,0.991602,-0.899832,0.962661,-0.270456,0.010455,-0.005218
533,-0.294547,-5.067169,8.028668,-58.503437,-0.045188,1.706956,-33.460125,1.022321,-0.847271,0.957626,-0.287781,0.010672,-0.004512
534,-0.130111,-5.468009,8.126941,-53.566307,-1.836441,-1.463703,-35.326965,0.998744,-0.826216,0.952813,-0.303347,0.010492,-0.004225
535,-0.169676,-6.194461,8.440018,-41.399567,0.646824,-1.986142,-36.909920,0.949048,-0.861430,0.948533,-0.316480,0.010235,-0.004509
536,-0.048203,-6.194218,8.138194,-23.452169,0.554384,-6.307940,-37.992554,0.881141,-0.983197,0.945499,-0.325423,0.010063,-0.005610
537,-0.383879,-6.093663,8.021971,-10.863129,6.855872,-3.689775,-38.567604,0.875287,-1.190830,0.943842,-0.330145,0.010641,-0.007286
538,-0.438489,-6.023302,7.845003,-10.096169,7.312030,-3.833910,-38.920998,0.981245,-1.436175,0.942799,-0.333017,0.012248,-0.008964
539,-0.216870,-5.991762,7.584929,-10.510075,3.729532,-8.420762,-39.269165,0.995293,-1.710762,0.941758,-0.335848,0.013196,-0.011142
540,-0.279633,-5.474411,7.223005,-15.565235,3.742064,-8.274396,-39.708534,0.914473,-2.004870,0.940433,-0.339435,0.013446,-0.013745
541,-0.487663,-5.526309,7.176212,-26.340363,6.387526,-3.426055,-40.411076,0.918073,-2.262767,0.938301,-0.345162,0.014337,-0.015763
542,-0.201851,-5.878298,7.203789,-37.296509,0.970820,-5.074141,-41.474716,0.917572,-2.449891,0.935030,-0.353832,0.015056,-0.017157
543,-0.011110,-6.059778,6.702165,-43.299049,-1.168354,-6.406834,-42.819832,0.786412,-2.589938,0.930790,-0.364792,0.014637,-0.018535
544,-0.233953,-6.330614,6.709839,-43.748100,2.362970,-0.087771,-44.271564,0.726175,-2.682282,0.926077,-0.376555,0.014687,-0.019292
545,0.052685,-6.432633,6.546575,-35.847641,-0.937890,-3.339248,-45.598682,0.702435,-2.738748,0.921644,-0.387252,0.014910,-0.019656
546,0.074095,-6.783791,6.177840,-38.337250,-0.620603,-3.078035,-46.835548,0.607283,-2.794455,0.917397,-0.397190,0.014552,-0.020269
547,0.191944,-6.638760,6.022505,-33.483673,-1.378743,-7.180308,-48.033253,0.458833,-2.885502,0.913171,-0.406777,0.013904,-0.021369
548,0.156287,-6.875604,6.221962,-29.812050,0.319001,-6.634917,-49.088966,0.274773,-3.024998,0.909346,-0.415196,0.013145,-0.023014
549,-0.072725,-6.801974,6.006516,-28.302557,4.195425,-3.281211,-50.058167,0.197872,-3.189366,0.905761,-0.422870,0.013338,-0.024485
550,-0.151030,-7.336061,6.306753,-30.731884,5.104958,-0.258298,-51.042675,0.250885,-3.346183,0.902066,-0.430605,0.014554,-0.025405
551,0.061870,-7.486040,6.363504,-28.029387,1.357623,-3.308706,-52.022533,0.271227,-3.467286,0.898325,-0.438282,0.015394,-0.026151
552,-0.068130,-8.149441,6.889770,-25.063437,2.136654,1.108509,-52.907627,0.277576,-3.536134,0.894898,-0.445196,0.015912,-0.026544
553,0.122964,-8.314001,6.917721,-17.744600,0.073278,-0.855166,-53.621212,0.302871,-3.562865,0.892105,-0.450750,0.016379,-0.026553
554,0.248572,-9.131395,7.323299,-13.006769,0.619905,-3.101622,-54.133965,0.256403,-3.611205,0.890063,-0.454742,0.016329,-0.027040
555,0.198393,-9.191270,7.217933,-4.500282,3.828650,-6.277346,-54.426300,0.172862,-3.762731,0.888854,-0.457011,0.016354,-0.028507
556,-0.023063,-9.279651,7.301726,2.152267,10.208164,-4.765799,-54.466320,0.159343,-4.060150,0.888615,-0.457281,0.017446,-0.030861
557,-0.156832,-8.875575,6.962758,10.238475,14.164674,-4.018687,-54.261501,0.277182,-4.475587,0.889330,-0.455589,0.019957,-0.033648
558,-0.310096,-8.831470,6.880342,15.474096,16.352600,-1.196020,-53.836189,0.505632,-4.938321,0.890904,-0.452122,0.023434,-0.036418
559,-0.252779,-8.373137,6.639911,20.816587,13.563601,-0.711880,-53.236172,0.776547,-5.358239,0.893157,-0.447258,0.026994,-0.038754
560,-0.227496,-8.110060,6.256558,17.928289,10.128437,1.692308,-52.595284,1.027943,-5.663247,0.895570,-0.442078,0.029918,-0.040317
561,-0.275976,-8.171515,6.390303,16.516878,6.522477,4.663701,-52.024410,1.281563,-5.818152,0.897735,-0.437460,0.032294,-0.040709
562,-0.079024,-8.888271,5.916671,-5.501002,0.448562,2.578085,-51.841316,1.448398,-5.835238,0.898444,-0.435946,0.033601,-0.040258
563,-0.058335,-8.500542,6.426229,-18.780575,-4.805174,-1.154667,-52.244251,1.422462,-5.763569,0.896928,-0.439135,0.033265,-0.039678
564,0.096049,-8.787194,7.620142,-35.516045,-9.959652,-5.318304,-53.146225,1.187534,-5.633342,0.893464,-0.446320,0.031238,-0.039317
565,-0.075539,-9.335838,8.465561,-47.338608,-9.316967,-1.214914,-54.523449,0.910127,-5.438356,0.888067,-0.457191,0.028782,-0.038536
566,-0.151329,-9.730548,8.548976,-52.367435,-7.790903,3.897003,-56.180943,0.784820,-5.177797,0.881430,-0.470101,0.027304,-0.036626
567,-0.229746,-9.692451,9.245896,-29.409039,-6.555231,11.282748,-57.538578,0.865852,-4.838662,0.875912,-0.480562,0.026933,-0.033368
568,-0.901294,-11.021930,9.107754,-3.695663,-3.683255,27.408815,-58.080780,1.319793,-4.349849,0.873802,-0.484662,0.028483,-0.027590
569,-0.636904,-11.161210,7.109644,32.079025,-7.564622,27.877396,-57.588547,1.998804,-3.698933,0.876036,-0.480849,0.030820,-0.019882
570,-0.194396,-10.936878,5.890435,56.552444,-11.045592,23.637476,-56.082767,2.546153,-2.967372,0.882365,-0.469328,0.031772,-0.012406
571,-0.486339,-10.268798,5.051150,67.098969,-11.780758,26.416649,-53.984428,3.010308,-2.175367,0.890826,-0.453187,0.032014,-0.004989
572,-0.312378,-9.647386,4.322010,60.694572,-15.520225,17.882797,-51.810699,3.324219,-1.366191,0.899226,-0.436360,0.031295,0.001952
573,0.344115,-8.472579,3.656489,49.670879,-19.126865,-0.678837,-49.936661,3.182292,-0.735306,0.906248,-0.421784,0.027879,0.005906
574,-0.614261,-7.274757,4.071561,43.143745,-2.261106,15.939736,-48.366817,3.140815,-0.296445,0.911922,-0.409439,0.026060,0.008868
575,-0.663054,-6.663492,4.566323,37.726727,-0.997253,14.438592,-46.996605,3.478598,0.082489,0.916640,-0.398558,0.027548,0.012762
576,-0.404316,-6.087614,5.203879,54.084972,-3.568331,2.781319,-45.450878,3.633119,0.336314,0.921863,-0.386206,0.028105,0.014952
577,-0.639527,-5.279175,5.458613,66.841843,1.059295,3.971511,-43.428970,3.681020,0.447426,0.928506,-0.369904,0.028394,0.015508
578,-0.547352,-4.808871,5.643197,62.796947,-0.981142,1.673179,-41.264668,3.744881,0.515607,0.935300,-0.352316,0.028994,0.015722
579,-0.160951,-4.736277,6.155787,58.488674,-7.287566,-8.803265,-39.244064,3.562933,0.514414,0.941417,-0.335780,0.027775,0.014666
580,-0.406964,-4.421728,6.225542,56.788086,-2.622927,-7.498248,-37.329971,3.264421,0.405083,0.946983,-0.319998,0.025854,0.012463
581,-0.419410,-4.409935,6.502323,43.773708,-0.715209,-7.657657,-35.663948,3.069250,0.234304,0.951598,-0.306168,0.024868,0.010147
582,-0.319104,-4.806471,7.116617,32.033085,-2.132470,-13.759340,-34.414429,2.825189,-0.031001,0.954953,-0.295732,0.023629,0.007034
583,-0.612559,-4.718279,7.386556,37.315014,5.088405,-13.322087,-33.277832,2.614126,-0.433082,0.957897,-0.286180,0.022937,0.002911
584,-0.500411,-4.492161,7.563997,38.620899,2.113821,-17.300905,-32.034489,2.439669,-0.928573,0.960977,-0.275689,0.022697,-0.001913
585,-0.887934,-4.727476,8.387415,38.950863,9.216036,-13.268775,-30.763891,2.335306,-1.461796,0.963969,-0.264925,0.023029,-0.006892
586,-0.598755,-4.609939,8.479510,39.172947,2.750167,-16.228485,-29.483456,2.261090,-1.988208,0.966836,-0.254043,0.023492,-0.011755
587,-0.790818,-4.504982,8.384199,35.539490,7.581632,-8.703853,-28.255592,2.211334,-2.434832,0.969454,-0.243587,0.023893,-0.015891
588,-0.592972,-4.393041,8.711558,34.115211,1.613252,-8.524357,-27.107677,2.213925,-2.761183,0.971796,-0.233795,0.024421,-0.018892
589,-0.759102,-4.468616,8.743787,31.946224,4.831560,-2.407515,-26.014816,2.228740,-2.971866,0.973943,-0.224467,0.024778,-0.020885
590,-0.530489,-3.921725,8.499990,36.857853,0.551428,-2.591532,-24.872784,2.274249,-3.086166,0.976104,-0.214713,0.025171,-0.022019
591,-0.677947,-3.844109,8.755611,33.447777,3.289291,2.177453,-23.702423,2.329927,-3.118456,0.978233,-0.204711,0.025477,-0.022451
592,-0.588719,-3.400180,8.954662,38.589371,0.910092,2.041136,-22.500433,2.422150,-3.081605,0.980322,-0.194423,0.025967,-0.022244
593,-0.799655,-3.343518,8.996976,31.395639,4.909143,7.246065,-21.329479,2.569936,-2.973880,0.982257,-0.184381,0.026831,-0.021346
594,-0.650870,-3.263591,9.239409,27.374775,0.940024,5.481137,-20.342512,2.736825,-2.810701,0.983811,-0.175911,0.027828,-0.019917
595,-0.665394,-3.264546,9.310003,21.478073,0.031169,5.263162,-19.520502,2.813110,-2.647434,0.985062,-0.168871,0.028100,-0.018600
596,-0.829629,-3.257948,9.355088,16.134754,2.789503,6.052568,-18.885519,2.919607,-2.484575,0.985989,-0.163426,0.028680,-0.017201
597,-0.565850,-3.347004,9.295613,7.650980,-2.505537,2.654729,-18.482080,2.970634,-2.348614,0.986568,-0.159976,0.028869,-0.016060
598,-0.421747,-3.363578,9.294291,3.257467,-6.525609,-0.133442,-18.295885,2.841098,-2.260998,0.986863,-0.158422,0.027606,-0.015532
599,-0.358588,-3.507501,9.192622,-3.464209,-7.525571,-0.537196,-18.296377,2.615253,-2.197918,0.986911,-0.158486,0.025574,-0.015303
600,-0.106006,-3.406416,9.329401,-2.667077,-12.317780,-5.034036,-18.397881,2.272146,-2.181824,0.986827,-0.159430,0.022611,-0.015621
601,-0.086245,-3.542082,9.296456,-3.015936,-9.191422,-6.932629,-18.495413,1.868996,-2.257701,0.986732,-0.160333,0.019260,-0.016822
602,-0.140244,-3.460611,9.244073,-2.376786,-6.552469,-7.657606,-18.589766,1.542910,-2.404839,0.986609,-0.161187,0.016673,-0.018533
603,-0.326084,-3.501040,9.432274,-2.460773,-1.466712,-6.710911,-18.675087,1.339770,-2.589118,0.986473,-0.161937,0.015199,-0.020395
604,-0.328933,-3.225929,9.742356,3.488405,-2.062544,-5.907853,-18.662064,1.216728,-2.769551,0.986466,-0.161829,0.014392,-0.022124
605,-0.414174,-3.322627,9.524612,2.043311,-0.976663,-2.739927,-18.572315,1.122792,-2.890045,0.986573,-0.161062,0.013736,-0.023305
606,-0.253111,-2.764870,9.914252,13.588977,-4.769784,-0.506216,-18.312170,1.014827,-2.911078,0.986937,-0.158845,0.012782,-0.023668
607,-0.160103,-2.994376,10.146152,13.139651,-7.181532,3.159086,-17.864988,0.839294,-2.807227,0.987577,-0.155043,0.011036,-0.023061
608,0.270095,-2.699198,10.005052,23.146883,-14.969139,2.305206,-17.257839,0.514951,-2.608956,0.988430,-0.149893,0.007857,-0.021834
609,0.127819,-2.764053,9.719320,23.354725,-9.964569,1.714344,-16.481873,0.136659,-2.424159,0.989456,-0.143279,0.004212,-0.020764
610,0.275067,-2.587452,9.419239,23.523958,-9.787178,1.759651,-15.700635,-0.163684,-2.277563,0.990428,-0.136587,0.001300,-0.019883
611,0.198556,-2.795473,9.016220,11.813220,-5.851554,3.787341,-15.112474,-0.390390,-2.119212,0.991133,-0.131538,-0.000945,-0.018780
613,0.166319,-2.639601,8.705218,3.536989,-3.024009,3.862701,-14.857834,-0.500141,-1.957788,0.991442,-0.129350,-0.002118,-0.017505
614,-0.067009,-2.460684,8.648391,-3.659879,3.297990,4.005137,-14.860909,-0.462015,-1.832195,0.991459,-0.129369,-0.001930,-0.016375
615,0.012479,-2.354624,8.754303,-8.571232,1.662054,6.129112,-15.065696,-0.338474,-1.690379,0.991252,-0.131123,-0.000994,-0.015011
616,-0.124202,-2.398558,9.209834,-10.386388,3.910493,6.771428,-15.382531,-0.192384,-1.507364,0.990914,-0.133845,0.000097,-0.013260
617,-0.089880,-2.474547,9.420068,-9.692459,2.668988,5.651349,-15.717480,-0.031214,-1.337261,0.990540,-0.136725,0.001326,-0.011597
618,-0.235763,-2.459445,9.635013,-4.837679,4.879907,5.603498,-15.959516,0.141027,-1.191170,0.990265,-0.138803,0.002662,-0.010123
619,-0.124798,-2.762238,9.720517,-8.201429,1.978976,7.194188,-16.176117,0.309870,-1.017749,0.990014,-0.140665,0.003927,-0.008413
620,0.041944,-2.893388,9.699024,-8.930997,-1.397379,4.488346,-16.460619,0.373886,-0.833685,0.989673,-0.143124,0.004271,-0.006733
621,0.026191,-2.888291,9.654743,-9.182384,-1.510789,4.324756,-16.761549,0.369473,-0.679159,0.989302,-0.145729,0.004054,-0.005393
622,0.255247,-2.854762,9.409381,-10.431735,-5.376070,0.707687,-17.087799,0.284086,-0.565506,0.988889,-0.148553,0.003185,-0.004512
623,0.317433,-2.844044,9.221416,-10.333214,-4.227474,-3.299624,-17.433912,0.118485,-0.559372,0.988438,-0.151546,0.001762,-0.004668
624,0.435760,-2.835799,9.127022,-7.518370,-3.560397,-7.766252,-17.731554,-0.060856,-0.695980,0.988033,-0.154121,0.000411,-0.006083
625,0.143036,-2.857156,8.832072,-6.724021,5.294522,-7.645088,-17.968590,-0.111953,-0.949381,0.987696,-0.156166,0.000329,-0.008336
626,0.215261,-3.154400,8.512335,-11.455901,5.429636,-11.801299,-18.271265,-0.042821,-1.312855,0.987250,-0.158766,0.001450,-0.011371
627,-0.031493,-3.407068,8.283831,-17.463772,10.820481,-14.078965,-18.753344,0.077007,-1.807900,0.986517,-0.162893,0.003233,-0.015456
628,-0.070820,-3.597829,8.425152,-23.244652,10.770849,-16.243645,-19.433620,0.251663,-2.403052,0.985443,-0.168696,0.005703,-0.020298
629,-0.366864,-3.902389,8.335657,-33.441284,16.297256,-16.831665,-20.382597,0.487959,-3.075037,0.983879,-0.176758,0.008937,-0.025655
630,-0.171916,-3.893540,8.657300,-34.870785,10.844708,-20.702320,-21.528837,0.686314,-3.820765,0.981877,-0.186468,0.012107,-0.031631
631,-0.387285,-3.862664,8.972893,-38.377506,13.570201,-20.041620,-22.759296,0.807282,-4.603604,0.979582,-0.196868,0.014825,-0.037984
632,-0.159284,-4.200956,9.646005,-42.748943,9.070608,-19.814140,-24.122572,0.889060,-5.362861,0.976900,-0.208368,0.017354,-0.044129
633,-0.248254,-4.337708,9.503601,-41.747856,10.467177,-18.434887,-25.541647,0.916414,-6.078492,0.973953,-0.220320,0.019508,-0.049941
634,-0.103017,-4.323302,9.637792,-34.730915,7.092862,-18.730516,-26.827040,0.905705,-6.763237,0.971105,-0.231113,0.021358,-0.055545
635,-0.130037,-4.678185,9.656927,-34.195312,5.775471,-17.094215,-27.984966,0.821520,-7.392287,0.968396,-0.240837,0.022529,-0.060821
636,0.010061,-4.965136,9.359243,-32.918678,3.744136,-16.166162,-29.110807,0.695842,-7.955050,0.965662,-0.250298,0.023296,-0.065615
637,-0.107852,-5.064002,8.849658,-30.265413,5.745153,-16.224836,-30.169708,0.566239,-8.502552,0.962968,-0.259176,0.024050,-0.070293
638,-0.025059,-4.960289,8.842121,-22.843149,4.292628,-16.247940,-31.059656,0.434798,-9.053378,0.960559,-0.266614,0.024775,-0.075029
639,-0.342151,-5.302785,8.676296,-23.748985,9.507092,-11.432198,-31.839773,0.390560,-9.567067,0.958369,-0.273063,0.026140,-0.079261
640,-0.280341,-5.265193,8.471029,-15.970894,9.233279,-10.638002,-32.505516,0.458964,-10.044314,0.956441,-0.278462,0.028331,-0.082925
641,-0.365760,-5.222859,8.433351,-5.785774,9.770250,-8.780727,-32.872032,0.550961,-10.487707,0.955235,-0.281336,0.030452,-0.086304
642,-0.351506,-4.931710,8.354604,7.399311,8.403595,-6.486085,-32.849209,0.667624,-10.865699,0.955024,-0.280949,0.032334,-0.089174
643,-0.256376,-5.247937,8.121606,3.591996,6.428745,-3.821715,-32.669571,0.782917,-11.143846,0.955265,-0.279277,0.033833,-0.091261
644,0.146447,-5.345728,8.165534,3.161806,-3.949883,-8.797482,-32.559616,0.704324,-11.343310,0.955357,-0.278368,0.033575,-0.093149
645,0.022120,-5.552160,8.041571,-3.431301,-1.174493,-6.607410,-32.565723,0.494162,-11.513646,0.955161,-0.278548,0.032242,-0.095079
646,0.250465,-5.719640,8.048996,-6.762113,-5.193436,-9.368976,-32.736744,0.261061,-11.680480,0.954552,-0.280126,0.030850,-0.096992
647,0.302123,-5.927703,7.977274,-13.405792,-4.398978,-10.379579,-33.073162,-0.052004,-11.869968,0.953486,-0.283147,0.028998,-0.099252
648,0.247925,-6.066616,8.066871,-9.474320,-0.145603,-8.555185,-33.453865,-0.288483,-12.092140,0.952281,-0.286463,0.027917,-0.101592
649,0.008979,-5.986246,7.877617,-10.615181,4.330646,-5.055501,-33.787498,-0.355914,-12.319601,0.951220,-0.289237,0.028227,-0.103568
650,0.042079,-5.919788,8.006037,-10.847175,2.872647,-2.592111,-34.144249,-0.327585,-12.492240,0.950166,-0.292129,0.029224,-0.104839
651,-0.174757,-5.685500,8.170259,2.179291,5.702661,3.230685,-34.288391,-0.203493,-12.563804,0.949770,-0.293193,0.030568,-0.105079
652,-0.221127,-5.328658,7.929269,15.656864,3.481792,3.635234,-33.991199,-0.012545,-12.554821,0.950590,-0.290557,0.031857,-0.104599
653,0.061583,-5.318828,7.591787,13.363142,-2.364424,0.098875,-33.507557,0.037538,-12.513202,0.951859,-0.286508,0.031727,-0.104262
654,0.044688,-5.635335,7.747546,5.335301,-1.642506,-0.213228,-33.195934,-0.019277,-12.477846,0.952652,-0.283980,0.030883,-0.104194
655,-0.033230,-5.643754,7.687708,-0.871816,0.983397,-2.210470,-33.121521,-0.050563,-12.505630,0.952802,-0.283382,0.030624,-0.104523
656,-0.015159,-5.764887,7.572757,-15.290648,1.421743,-4.950860,-33.390770,-0.082524,-12.627414,0.952013,-0.285617,0.030908,-0.105542
657,0.049392,-6.022066,7.938204,-28.555813,-0.047910,-3.912377,-34.121254,-0.145645,-12.762936,0.950029,-0.291700,0.031401,-0.106627
658,-0.267264,-5.761178,8.388916,-25.816927,3.942594,2.165704,-35.027264,-0.108938,-12.823707,0.947648,-0.299151,0.032706,-0.106782
659,-0.261221,-5.350292,8.262263,-20.680088,1.538232,5.683830,-35.802231,0.041148,-12.769570,0.945698,-0.305431,0.034521,-0.105712
660,-0.058011,-5.364017,8.240315,-21.614439,-4.454809,8.001086,-36.506832,0.136196,-12.556679,0.944025,-0.311218,0.035375,-0.103486
661,0.057513,-5.325742,8.272568,-19.687599,-8.661581,9.861927,-37.194366,0.139551,-12.187538,0.942469,-0.316988,0.035002,-0.100227
662,-0.126607,-5.335538,8.290459,-19.148378,-8.105464,14.567061,-37.840355,0.165600,-11.694549,0.941096,-0.322424,0.034394,-0.095907
663,-0.030325,-5.537048,8.201335,-20.984358,-11.844640,14.768094,-38.507172,0.206202,-11.104561,0.939695,-0.328038,0.033595,-0.090752
664,0.137894,-5.572136,8.148796,-18.876867,-15.683695,12.900502,-39.169674,0.137986,-10.457827,0.938262,-0.333704,0.031678,-0.085461
665,0.095195,-5.572886,8.006192,-18.164766,-15.636611,13.257039,-39.786316,0.012101,-9.789701,0.936903,-0.339018,0.029133,-0.080200
666,0.034359,-5.689145,7.905463,-19.217081,-14.494125,15.145410,-40.409626,-0.067180,-9.104190,0.935488,-0.344331,0.026863,-0.074683
667,0.174690,-5.719363,7.657193,-19.667818,-16.438784,14.120117,-41.058826,-0.139521,-8.398123,0.933946,-0.349830,0.024541,-0.068997
668,0.173976,-5.710318,7.451461,-19.630621,-16.326981,14.511284,-41.716209,-0.233732,-7.679213,0.932317,-0.355383,0.021941,-0.063300
669,0.202561,-5.908101,7.347845,-21.901192,-16.467089,14.488075,-42.411812,-0.315702,-6.954253,0.930506,-0.361209,0.019375,-0.057538
670,0.169538,-6.037015,7.174385,-22.500704,-15.863878,14.896076,-43.156200,-0.378407,-6.228870,0.928473,-0.367391,0.016915,-0.051735
671,0.276583,-6.099555,6.921731,-23.598419,-17.310038,13.229636,-43.929665,-0.456207,-5.508204,0.926264,-0.373780,0.014284,-0.046049
672,0.293702,-6.408541,6.807562,-28.343754,-16.648298,12.649053,-44.801659,-0.559150,-4.804280,0.923639,-0.380933,0.011465,-0.040608
673,0.275671,-6.638325,6.461928,-33.374290,-14.708099,10.894892,-45.837009,-0.647306,-4.156781,0.920359,-0.389348,0.008923,-0.035602
674,0.296507,-6.842581,6.284921,-36.641846,-12.224630,8.489909,-47.010365,-0.722226,-3.608894,0.916472,-0.398808,0.006782,-0.031387
675,0.225458,-7.189553,6.341198,-39.502361,-7.989462,8.641893,-48.284912,-0.737753,-3.167594,0.912091,-0.409004,0.005432,-0.027853
676,0.148117,-7.551291,6.501871,-39.289669,-4.567803,8.927311,-49.602081,-0.654045,-2.817223,0.907422,-0.419462,0.005132,-0.024708
677,0.114648,-7.622526,6.694715,-30.844805,-2.875346,8.423353,-50.773586,-0.511133,-2.536581,0.903161,-0.428707,0.005461,-0.021908
678,0.033828,-7.748564,7.173142,-18.111223,-1.699133,10.264930,-51.591248,-0.316293,-2.281809,0.900146,-0.435124,0.006180,-0.019128
679,-0.175007,-7.755050,7.402541,-4.680663,0.049648,13.258801,-51.971844,-0.025533,-2.017356,0.898761,-0.438086,0.007513,-0.015922
680,-0.070049,-7.498105,7.361068,8.581589,-1.899890,8.904520,-51.906296,0.246022,-1.764973,0.899058,-0.437553,0.008671,-0.012909
681,-0.186081,-7.360389,7.367197,19.142498,-0.746112,5.327438,-51.443260,0.404505,-1.583001,0.900843,-0.433911,0.009175,-0.010913
682,-0.224608,-7.284472,7.225936,22.810558,0.795243,0.487069,-50.743591,0.480180,-1.522586,0.903483,-0.428398,0.009479,-0.010210
683,-0.167853,-7.052032,6.902874,21.326265,1.908456,-5.432645,-50.008690,0.445196,-1.609702,0.906202,-0.422593,0.009458,-0.011088
684,0.000161,-6.885047,6.636090,16.223513,1.725847,-11.898752,-49.384319,0.263833,-1.842527,0.908461,-0.417654,0.008808,-0.013647
685,0.009222,-7.105512,6.605318,8.868258,3.953396,-13.118607,-48.966930,0.009930,-2.186429,0.909916,-0.414354,0.007986,-0.017328
686,0.095205,-7.280417,6.335191,-0.179528,4.616326,-12.225823,-48.821495,-0.214705,-2.571636,0.910358,-0.413209,0.007568,-0.021208
687,0.024579,-7.330428,6.079646,-5.747751,6.256373,-8.614310,-48.918484,-0.357380,-2.936457,0.909920,-0.413981,0.007771,-0.024614
688,0.048247,-7.502056,6.103491,-6.494289,5.086941,-6.289862,-49.120525,-0.421079,-3.242002,0.909111,-0.415575,0.008417,-0.027255
689,0.005601,-7.747581,6.109435,-8.845338,2.977856,-3.070033,-49.374649,-0.451562,-3.445644,0.908133,-0.417582,0.008978,-0.028961
690,0.216012,-7.692173,5.983222,-5.112928,-3.999927,-7.188018,-49.606388,-0.592716,-3.543726,0.907241,-0.419442,0.008278,-0.030236
691,0.430033,-7.439456,5.785518,1.964887,-8.555346,-13.093658,-49.657951,-0.985807,-3.603405,0.906969,-0.419933,0.005398,-0.032144
692,0.721407,-7.284622,5.811893,4.005426,-12.643206,-21.316084,-49.556061,-1.651499,-3.706216,0.907174,-0.419264,0.000473,-0.035394
693,0.832175,-7.381914,6.045976,2.793677,-11.679634,-26.982038,-49.434948,-2.526816,-3.920979,0.907313,-0.418483,-0.005716,-0.040283
694,0.816392,-7.419035,6.242557,3.807205,-7.993783,-29.932951,-49.305889,-3.460229,-4.290184,0.907329,-0.417666,-0.011815,-0.046588
695,0.606577,-7.302954,6.358741,4.108263,-2.284874,-27.166544,-49.140965,-4.292712,-4.783149,0.907371,-0.416580,-0.016692,-0.053483
696,0.461898,-7.376363,6.730567,5.287344,3.221758,-22.365122,-48.940254,-4.905865,-5.337914,0.907531,-0.415204,-0.019642,-0.060053
697,0.335973,-7.510421,7.014547,9.822291,7.548886,-16.539162,-48.638672,-5.275334,-5.902478,0.908116,-0.412999,-0.020700,-0.065794
698,0.337339,-7.425344,7.027991,18.657982,8.290604,-10.213471,-48.118027,-5.433098,-6.398375,0.909600,-0.409000,-0.020484,-0.070194
699,0.594552,-7.210126,7.095781,27.763710,5.766251,-8.743142,-47.307522,-5.508740,-6.786294,0.912183,-0.402648,-0.020221,-0.073398
700,0.765941,-7.130675,7.257046,36.350101,5.023732,-8.121586,-46.207577,-5.589869,-7.111360,0.915746,-0.393958,-0.020457,-0.076074
701,0.927832,-7.035267,7.395687,46.314823,3.304295,-7.573026,-44.802132,-5.678885,-7.395059,0.920264,-0.382781,-0.021158,-0.078388
702,1.008460,-6.870206,7.514616,53.360123,1.513442,-7.346541,-43.117596,-5.793303,-7.630885,0.925558,-0.369300,-0.022475,-0.080337
703,1.081973,-6.569620,7.577066,56.643417,-0.569075,-9.510660,-41.262115,-5.969989,-7.850622,0.931150,-0.354382,-0.024533,-0.082284
704,1.101371,-6.186463,7.662563,58.614220,-1.907903,-9.779298,-39.318405,-6.209288,-8.069962,0.936715,-0.338687,-0.027238,-0.084342
705,1.135961,-5.878589,7.894320,60.770771,-3.045152,-8.025964,-37.309113,-6.457828,-8.252530,0.942212,-0.322366,-0.030249,-0.086036
706,1.160722,-5.627023,8.071682,59.813198,-3.575223,-5.801361,-35.286156,-6.682763,-8.373749,0.947514,-0.305819,-0.033305,-0.087076
707,1.222230,-5.332033,8.098380,58.269325,-4.101636,-3.722546,-33.311710,-6.877529,-8.433270,0.952466,-0.289557,-0.036273,-0.087462
708,1.218384,-5.040524,8.172824,57.994122,-1.942594,-0.776550,-31.373421,-7.002419,-8.442867,0.957135,-0.273468,-0.038770,-0.087204
709,1.163387,-5.078278,8.200474,52.410942,1.951748,2.760510,-29.537308,-6.985323,-8.414705,0.961426,-0.258079,-0.040082,-0.086298
710,0.944693,-4.971273,8.138535,46.775249,7.763993,6.218505,-27.890993,-6.771285,-8.361579,0.965216,-0.244116,-0.039624,-0.084826
711,0.984121,-4.809922,7.951373,38.266926,7.542340,6.731040,-26.482529,-6.445750,-8.286567,0.968404,-0.232046,-0.038059,-0.083063
712,0.800259,-4.710204,7.917558,28.199114,11.245363,8.609830,-25.385105,-6.052284,-8.193238,0.970885,-0.222532,-0.035695,-0.081165
713,0.655692,-4.725374,7.924129,17.447214,14.376762,10.805949,-24.635744,-5.528448,-8.080585,0.972692,-0.215877,-0.031985,-0.079019
714,0.462692,-4.553967,8.084713,11.985500,17.512897,12.518592,-24.157423,-4.883750,-7.946162,0.974008,-0.211449,-0.027077,-0.076586
716,0.404148,-4.509100,8.222003,6.333328,16.877247,14.061529,-23.865658,-4.179886,-7.774586,0.974979,-0.208571,-0.021590,-0.073808
717,0.176015,-4.419948,8.568439,7.620286,19.389420,15.594091,-23.647058,-3.427474,-7.565547,0.975810,-0.206291,-0.015696,-0.070660
718,0.155998,-4.180872,8.797195,14.956429,17.003044,16.142752,-23.283731,-2.660528,-7.321516,0.976867,-0.202779,-0.009811,-0.067194
719,0.133957,-3.935716,9.018791,22.043715,13.369948,16.933031,-22.679783,-1.979401,-7.010960,0.978290,-0.197267,-0.004883,-0.063331
720,0.177352,-3.654347,9.196543,29.500071,8.383153,17.076506,-21.832493,-1.429298,-6.623059,0.980053,-0.189750,-0.001288,-0.059073
721,0.298960,-3.368691,9.340518,35.508820,2.270355,15.216436,-20.758865,-1.068535,-6.185449,0.982070,-0.180391,0.000561,-0.054744
722,0.316510,-3.119168,9.393275,38.482513,-1.514627,13.848953,-19.533754,-0.890063,-5.734348,0.984177,-0.169805,0.000840,-0.050610
723,0.381172,-2.977923,9.495100,37.752663,-5.005014,11.852642,-18.270189,-0.854213,-5.293514,0.986181,-0.158929,-0.000021,-0.046773
724,0.360870,-2.828194,9.509686,37.392258,-6.075997,9.730050,-17.024260,-0.921204,-4.894401,0.988000,-0.148218,-0.001623,-0.043416
725,0.259725,-2.676570,9.483156,36.785023,-4.897726,8.273213,-15.793925,-1.012022,-4.554758,0.989648,-0.137626,-0.003281,-0.040571
726,0.174290,-2.509279,9.423254,35.035130,-3.025657,7.393910,-14.602281,-1.071136,-4.268213,0.991116,-0.127336,-0.004533,-0.038122
727,0.110637,-2.394551,9.444366,31.661173,-1.245928,6.853624,-13.495432,-1.082631,-4.020697,0.992379,-0.117749,-0.005255,-0.035945
728,0.015366,-2.313379,9.463054,27.961643,1.000291,6.517297,-12.505818,-1.036506,-3.802754,0.993430,-0.109151,-0.005373,-0.033965
729,-0.010604,-2.174031,9.456352,24.168484,1.354911,6.135520,-11.640448,-0.954018,-3.604899,0.994292,-0.101614,-0.005089,-0.032134
730,0.070980,-2.110325,9.506849,18.432495,-0.451045,5.211425,-10.933423,-0.902207,-3.422417,0.994955,-0.095456,-0.004989,-0.030475
731,0.123670,-2.072654,9.558208,14.156348,-1.475111,3.652133,-10.392708,-0.906374,-3.271209,0.995433,-0.090754,-0.005289,-0.029141
732,0.177951,-2.013936,9.534835,10.833646,-1.965418,1.608818,-9.977794,-0.947314,-3.174707,0.995775,-0.087154,-0.005823,-0.028314
733,0.188751,-1.909527,9.625285,6.013913,-1.821956,-0.537142,-9.697498,-1.006491,-3.146284,0.995987,-0.084731,-0.006428,-0.028096
734,0.271335,-1.820333,9.723941,3.498795,-3.449301,-3.974879,-9.537869,-1.105708,-3.205734,0.996079,-0.083370,-0.007286,-0.028675
735,0.286817,-1.746187,9.716336,0.752081,-2.506074,-7.113859,-9.463648,-1.234155,-3.371619,0.996076,-0.082767,-0.008302,-0.030205
736,0.347003,-1.734070,9.686432,-6.236211,-2.723705,-10.350611,-9.548893,-1.368243,-3.644346,0.995924,-0.083564,-0.009246,-0.032678
737,0.312187,-1.705740,9.857931,-11.821997,-1.556045,-12.824804,-9.840634,-1.503714,-4.013122,0.995579,-0.086168,-0.010063,-0.036007
738,0.345286,-1.736274,9.793773,-15.512606,-2.292664,-14.546376,-10.284206,-1.646666,-4.451165,0.995071,-0.090105,-0.010821,-0.039961
739,0.375223,-1.787421,9.719483,-18.531244,-2.938781,-14.323499,-10.837737,-1.820628,-4.908383,0.994428,-0.095015,-0.011758,-0.044123
740,0.512976,-1.853180,9.809982,-17.647425,-5.130381,-13.381949,-11.426264,-2.041838,-5.335691,0.993714,-0.100249,-0.013077,-0.048079
741,0.460743,-1.912038,9.824234,-13.339602,-3.003303,-10.956444,-11.928729,-2.256719,-5.705840,0.993060,-0.104736,-0.014391,-0.051537
742,0.525121,-1.858700,9.633679,-7.462712,-3.641178,-8.278231,-12.263580,-2.432132,-5.996299,0.992576,-0.107749,-0.015487,-0.054257
743,0.524860,-2.033403,9.699997,-6.240273,-2.894468,-4.830710,-12.483592,-2.585290,-6.186620,0.992239,-0.109749,-0.016527,-0.056078
744,0.465289,-1.963678,9.748882,7.165287,-0.928085,-1.062606,-12.464395,-2.668747,-6.268839,0.992196,-0.109632,-0.017181,-0.056865
745,0.405142,-1.880230,9.628661,21.523909,0.880584,4.974712,-11.989204,-2.655628,-6.204963,0.992676,-0.105501,-0.017361,-0.056228
746,0.448513,-1.779465,9.708141,36.412136,-0.687889,10.855927,-11.035464,-2.599699,-5.946901,0.993657,-0.097171,-0.017563,-0.053798
747,0.440225,-1.805039,9.786257,44.570606,-0.714314,14.992481,-9.705166,-2.545000,-5.518464,0.994925,-0.085539,-0.018031,-0.049831
748,0.400244,-1.486340,9.751770,54.147537,0.682760,16.372362,-8.082754,-2.464570,-5.001579,0.996267,-0.071329,-0.018357,-0.045029
749,0.366664,-1.491477,9.758041,46.333504,2.064115,15.754507,-6.430530,-2.351771,-4.476035,0.997409,-0.056833,-0.018284,-0.040131
750,0.258674,-1.326507,9.795704,33.435001,3.916642,11.315080,-5.118747,-2.207027,-4.037174,0.998167,-0.045296,-0.017655,-0.036041
751,0.216078,-1.150790,9.809585,20.150486,4.310105,6.793534,-4.236422,-2.045807,-3.747663,0.998602,-0.037519,-0.016622,-0.033331
752,0.195326,-0.953924,9.825860,11.241812,4.050436,3.794633,-3.718910,-1.894580,-3.581354,0.998832,-0.032944,-0.015502,-0.031764
753,0.208590,-0.886841,9.829680,2.129645,3.682223,2.071076,-3.498882,-1.759811,-3.491935,0.998938,-0.030979,-0.014412,-0.030919
754,0.232552,-0.752528,9.849082,2.329289,1.386487,1.225905,-3.426041,-1.672136,-3.442248,0.998983,-0.030315,-0.013681,-0.030454
755,0.260421,-0.717004,9.843360,1.397518,0.246756,1.887312,-3.365384,-1.641895,-3.392030,0.999016,-0.029772,-0.013446,-0.030001
756,0.251166,-0.776693,9.888038,-2.191140,0.666830,1.643393,-3.380265,-1.623226,-3.334155,0.999029,-0.029891,-0.013295,-0.029494
757,0.224768,-0.768166,9.881272,0.096408,1.102453,1.238788,-3.416471,-1.590927,-3.287938,0.999036,-0.030193,-0.013016,-0.029087
