seq,ax,ay,az,wroll,wpitch,wyaw,roll,pitch,yaw,q0,q1,q2,q3
30,0.377077,-0.815456,9.786180,-20.545853,1.686550,-1.916975,-4.763300,-2.198992,0.183191,0.998952,-0.041517,-0.019238,0.000800
31,0.138690,-3.346518,9.608207,-47.645679,1.803757,0.300451,-5.958127,-2.137953,0.153137,0.998475,-0.051937,-0.018700,0.000365
32,0.208729,-3.703704,9.598260,-43.630947,1.961817,-0.503166,-7.600677,-2.066833,0.146655,0.997640,-0.066246,-0.018081,0.000081
33,0.242927,-4.141208,9.634847,-36.883762,2.298114,-1.715740,-9.067451,-1.995221,0.104224,0.996721,-0.079018,-0.017428,-0.000470
34,0.116383,-4.524097,9.547525,-27.475828,2.150834,-2.888594,-10.268332,-1.926651,0.020624,0.995847,-0.089473,-0.016761,-0.001325
35,0.098507,-4.781751,9.210395,-17.401669,2.383755,-3.132100,-11.149951,-1.860053,-0.087535,0.995137,-0.097148,-0.016080,-0.002337
36,0.115376,-4.853105,8.823693,-8.240560,2.496048,-2.836946,-11.716635,-1.789853,-0.196572,0.994652,-0.102083,-0.015362,-0.003300
37,0.079680,-4.897100,8.550330,-2.377341,2.445035,-2.621139,-12.036948,-1.718083,-0.297944,0.994369,-0.104876,-0.014637,-0.004157
38,0.028663,-4.740276,8.226936,2.893719,2.160695,-2.306124,-12.173107,-1.648946,-0.389872,0.994249,-0.106068,-0.013947,-0.004908
39,0.062487,-4.597767,8.090689,4.569954,2.305123,-1.540988,-12.191520,-1.578642,-0.464013,0.994237,-0.106235,-0.013268,-0.005489
40,0.112262,-4.621966,8.258183,4.787752,2.360793,-1.299324,-12.175426,-1.504202,-0.522724,0.994258,-0.106100,-0.012568,-0.005928
41,0.108658,-4.630916,8.489622,4.967378,2.353088,-1.055467,-12.351692,-1.418979,-0.568781,0.994101,-0.107632,-0.011777,-0.006266
42,0.089775,-4.486461,8.613302,6.093417,2.208986,-0.542404,-12.686407,-1.323197,-0.598177,0.993792,-0.110535,-0.010899,-0.006463
43,0.073268,-4.485914,8.789416,4.584474,1.982605,-0.560490,-12.994273,-1.230837,-0.620120,0.993499,-0.113203,-0.010059,-0.006592
44,0.104753,-4.388254,8.873389,3.585113,1.494910,-0.835155,-13.314156,-1.155505,-0.645928,0.993185,-0.115975,-0.009362,-0.006767
45,0.039542,-4.166229,8.914587,2.527434,0.850142,-0.099774,-13.626083,-1.096197,-0.661688,0.992870,-0.118677,-0.008813,-0.006868
46,0.034878,-4.093210,8.968317,1.243271,0.105144,0.550149,-13.938256,-1.049345,-0.650980,0.992548,-0.121379,-0.008400,-0.006750
47,0.087212,-4.035730,8.905627,1.171285,-0.167423,0.743612,-14.252158,-1.021839,-0.623342,0.992215,-0.124095,-0.008173,-0.006504
48,0.141608,-3.893838,8.944001,1.309503,0.019724,0.649859,-14.538185,-1.006795,-0.594406,0.991906,-0.126568,-0.008059,-0.006257
49,0.148830,-3.815452,9.084937,1.791615,0.570952,0.819864,-14.777684,-0.985917,-0.568074,0.991642,-0.128638,-0.007895,-0.006022
50,0.146287,-3.734047,9.218217,3.142135,1.025870,0.603535,-14.862864,-0.951363,-0.549019,0.991550,-0.129373,-0.007613,-0.005824
51,0.160005,-3.524350,9.464404,6.516725,1.051859,1.107196,-14.755548,-0.909878,-0.529377,0.991674,-0.128442,-0.007281,-0.005601
52,0.185050,-3.367105,9.887094,9.808724,0.989251,2.396659,-14.524202,-0.862492,-0.480806,0.991937,-0.126435,-0.006936,-0.005113
53,0.180711,-3.221000,10.108761,14.937414,0.697698,4.597064,-14.143297,-0.807314,-0.374354,0.992360,-0.123130,-0.006589,-0.004109
54,0.286508,-3.040780,10.212808,19.345015,0.015259,5.831485,-13.597469,-0.757630,-0.208115,0.992943,-0.118391,-0.006350,-0.002586
55,0.272943,-2.988953,10.255941,23.040211,-0.519404,6.466154,-12.914877,-0.724817,-0.006418,0.993636,-0.112463,-0.006279,-0.000767
56,0.313681,-2.843068,9.965447,23.823709,0.007862,5.533680,-12.159855,-0.696899,0.190914,0.994356,-0.105904,-0.006224,0.001013
57,0.341945,-2.564503,9.439679,20.258156,1.548097,2.618984,-11.451864,-0.653436,0.318798,0.994992,-0.099752,-0.005951,0.002199
58,0.297931,-2.420918,9.168621,10.954985,3.445342,-0.243831,-10.958435,-0.574462,0.341602,0.995415,-0.095468,-0.005275,0.002489
59,-0.014942,-2.295738,8.880676,1.766053,4.726918,-3.278909,-10.774273,-0.453871,0.258421,0.995574,-0.093875,-0.004155,0.001873
60,-0.255829,-2.263927,8.912623,-7.931072,6.580496,-6.614344,-10.904922,-0.288581,0.061193,0.995472,-0.095018,-0.002558,0.000292
61,-0.424076,-2.447859,9.085090,-16.326845,7.810874,-9.208012,-11.340044,-0.083735,-0.243822,0.995105,-0.098800,-0.000517,-0.002190
62,-0.570100,-2.795593,9.154468,-21.781528,8.465040,-8.156125,-12.016125,0.149711,-0.582349,0.994494,-0.104660,0.001831,-0.004917
63,-0.726386,-2.996271,9.413952,-22.869617,8.462014,-5.767417,-12.808528,0.406574,-0.870070,0.993728,-0.111512,0.004373,-0.007150
64,-0.660456,-3.298846,9.402598,-22.770901,8.632898,-1.533860,-13.621428,0.686938,-1.054349,0.992890,-0.118528,0.007043,-0.008425
65,-0.431056,-3.514937,8.837650,-22.270346,7.612694,3.129810,-14.433289,0.977884,-1.095063,0.992007,-0.125530,0.009666,-0.008408
66,-0.193124,-3.813147,8.712279,-22.665094,6.232612,6.546463,-15.252047,1.250739,-0.999507,0.991071,-0.132599,0.011975,-0.007196
68,-0.106683,-4.032370,8.308990,-20.595007,3.527040,7.355007,-16.051088,1.468086,-0.821929,0.990112,-0.139509,0.013687,-0.005313
69,0.063429,-4.261569,7.813489,-19.875208,1.740804,5.920142,-16.816574,1.604707,-0.636812,0.989150,-0.146133,0.014665,-0.003449
70,0.335749,-4.597709,7.949236,-19.846180,2.243772,3.050476,-17.581575,1.689467,-0.516319,0.988146,-0.152743,0.015258,-0.002199
71,0.276501,-4.785312,8.097419,-18.645418,2.737011,-0.591539,-18.330959,1.752103,-0.505688,0.987118,-0.159200,0.015797,-0.001921
72,0.074292,-4.887943,7.883592,-16.413231,3.050801,-2.724271,-19.027136,1.803066,-0.591963,0.986125,-0.165178,0.016371,-0.002494
73,-0.124989,-5.044184,8.462487,-14.240056,3.675270,-3.628350,-19.646713,1.860531,-0.732101,0.985206,-0.170483,0.017087,-0.003524
74,-0.220323,-5.379333,8.494798,-8.273117,3.244438,-3.288592,-20.128010,1.923151,-0.882943,0.984468,-0.174591,0.017869,-0.004653
75,-0.437930,-5.484023,8.278287,-2.833058,0.903259,-2.382753,-20.590546,1.963643,-1.004793,0.983744,-0.178540,0.018426,-0.005564
76,-0.443595,-5.751525,8.353278,1.822169,-0.308270,-0.468134,-20.887735,1.969321,-1.062333,0.983274,-0.181081,0.018580,-0.006001
77,-0.416345,-5.859216,8.373546,6.838538,-0.696842,1.678622,-20.858217,1.965109,-1.041495,0.983323,-0.180831,0.018509,-0.005833
78,-0.360744,-5.910119,8.212839,9.516815,-1.277853,2.653389,-20.702337,1.962314,-0.966366,0.983572,-0.179506,0.018359,-0.005218
79,-0.399155,-5.720330,8.247488,9.758211,-1.700190,3.355010,-20.496508,1.953248,-0.859178,0.983898,-0.177757,0.018106,-0.004345
80,-0.309631,-5.718213,8.289597,9.821387,-1.612979,4.097800,-20.281651,1.945788,-0.727388,0.984235,-0.175933,0.017831,-0.003258
81,-0.200235,-5.446212,8.309625,9.754502,-2.213558,3.548677,-20.223013,1.917175,-0.594938,0.984332,-0.175452,0.017381,-0.002173
82,-0.150788,-5.300577,8.415019,8.584105,-2.588135,2.354617,-20.326031,1.847142,-0.488721,0.984185,-0.176357,0.016618,-0.001353
83,-0.032043,-5.140632,8.479583,7.894674,-2.013498,0.342283,-20.428236,1.746966,-0.432244,0.984041,-0.177249,0.015672,-0.001009
84,0.061825,-5.091972,8.643490,7.440300,-1.083508,-2.975199,-20.521105,1.621570,-0.466136,0.983912,-0.178049,0.014648,-0.001482
85,0.076729,-4.917746,8.670225,6.954447,-0.646335,-6.859234,-20.489752,1.494114,-0.615731,0.983971,-0.177769,0.013786,-0.002968
86,0.254120,-4.900817,9.081546,5.229241,0.213956,-7.276711,-20.362402,1.384663,-0.836079,0.984171,-0.176657,0.013182,-0.005045
87,0.244488,-4.590360,8.695401,5.821039,0.787065,-9.076754,-20.248016,1.282011,-1.099203,0.984342,-0.175655,0.012699,-0.007476
88,0.021929,-4.447396,8.829848,4.499895,1.133383,-9.130896,-20.140396,1.189808,-1.396522,0.984490,-0.174708,0.012353,-0.010183
89,-0.077679,-4.302599,8.973752,4.545277,0.149889,-6.749334,-20.044548,1.110041,-1.653575,0.984616,-0.173867,0.012049,-0.012523
90,-0.108561,-4.156518,9.079616,4.971836,0.411369,-5.326210,-19.988117,1.038835,-1.847866,0.984683,-0.173372,0.011725,-0.014307
91,-0.295000,-4.014651,8.734519,5.646161,-0.116128,-5.779546,-19.968235,0.984166,-2.026412,0.984692,-0.173192,0.011523,-0.015926
92,-0.382722,-4.088427,9.199444,4.287768,-0.412026,-3.742014,-19.899912,0.938815,-2.174308,0.984776,-0.172598,0.011346,-0.017272
93,-0.112597,-4.025194,9.012960,5.104698,-1.106248,-1.682139,-19.830564,0.884600,-2.252165,0.984870,-0.172004,0.010987,-0.018029
94,-0.087001,-3.960194,8.832158,4.261992,-0.528866,-1.337859,-19.816320,0.831062,-2.292520,0.984887,-0.171888,0.010585,-0.018458
95,-0.184389,-3.699396,8.897626,2.762426,-1.366697,0.335857,-19.817232,0.793993,-2.299297,0.984885,-0.171902,0.010277,-0.018572
96,-0.196505,-3.732626,8.837835,2.101131,-1.269503,1.999351,-19.832733,0.776638,-2.249157,0.984871,-0.172042,0.010055,-0.018166
97,-0.124196,-3.764146,8.910438,1.553767,-1.596995,2.930226,-19.872961,0.765283,-2.157053,0.984825,-0.172398,0.009825,-0.017388
98,-0.195059,-3.826101,9.033775,1.158990,-1.683401,3.067620,-19.928701,0.753484,-2.045819,0.984758,-0.172888,0.009564,-0.016445
99,-0.068048,-3.801754,9.107119,0.552676,-1.665018,2.727227,-19.995544,0.734292,-1.937268,0.984672,-0.173475,0.009244,-0.015536
100,0.156818,-4.070271,9.054225,0.260349,-1.272877,1.801239,-20.096500,0.680921,-1.851039,0.984532,-0.174357,0.008668,-0.014868
101,0.092950,-4.029647,9.131057,-0.120597,-0.872913,-0.339890,-20.225780,0.608258,-1.817382,0.984341,-0.175481,0.008010,-0.014680
102,-0.043480,-3.974559,9.008311,-0.425729,-0.033007,-1.734087,-20.356726,0.556008,-1.845862,0.984137,-0.176611,0.007621,-0.014996
103,0.235428,-3.967509,9.072281,-1.049025,1.254417,-0.778755,-20.495766,0.522634,-1.893305,0.983916,-0.177807,0.007427,-0.015446
104,-0.035420,-4.065157,9.012043,-1.166049,1.914744,-1.186051,-20.650503,0.523353,-1.943500,0.983668,-0.179132,0.007532,-0.015866
105,-0.318767,-3.884574,8.947314,-1.276228,1.975900,-0.436306,-20.801624,0.591644,-1.992729,0.983423,-0.180415,0.008217,-0.016171
106,-0.305770,-3.749453,9.046770,-1.353962,1.737272,0.712623,-20.921085,0.693538,-2.011265,0.983230,-0.181423,0.009137,-0.016160
107,-0.190777,-3.758843,9.087921,-0.642206,1.031780,1.687063,-21.008396,0.777849,-1.991089,0.983092,-0.182160,0.009841,-0.015846
108,-0.603770,-3.734655,9.014215,-0.181869,0.206648,0.516992,-21.072460,0.863297,-1.964904,0.982991,-0.182698,0.010541,-0.015479
109,-0.372402,-3.613920,9.156590,0.536630,-0.368388,0.963425,-21.098810,0.937416,-1.941423,0.982949,-0.182915,0.011143,-0.015157
110,-0.318479,-3.663565,9.267702,2.337777,-0.419417,1.821896,-21.059826,0.967296,-1.893523,0.983016,-0.182580,0.011317,-0.014702
111,-0.232880,-3.711936,9.273104,4.833681,-1.047605,3.625721,-20.943823,0.982261,-1.800054,0.983211,-0.181592,0.011283,-0.013888
112,-0.214157,-3.694942,9.356791,6.792402,-1.425796,4.506261,-20.753290,0.994496,-1.658789,0.983528,-0.179969,0.011143,-0.012675
113,-0.000878,-3.919359,9.469997,8.372289,-2.192096,4.861676,-20.507381,0.989937,-1.491569,0.983929,-0.177875,0.010817,-0.011270
114,-0.066359,-4.174942,9.447595,10.103632,-3.648444,4.945332,-20.217388,0.948843,-1.304821,0.984396,-0.175406,0.010149,-0.009756
115,0.077403,-4.352664,9.436278,11.463003,-5.347558,3.858532,-19.887794,0.850005,-1.116122,0.984916,-0.172600,0.008988,-0.008312
116,0.162327,-4.400432,9.480588,12.202153,-5.919450,1.189186,-19.531269,0.688623,-0.974234,0.985465,-0.169559,0.007364,-0.007359
117,0.187497,-4.595693,9.617548,13.065820,-5.795649,-2.813855,-19.155622,0.481080,-0.935779,0.986025,-0.166346,0.005498,-0.007354
118,0.082304,-4.392855,9.315598,16.129425,-5.198501,-8.370162,-18.720156,0.236218,-1.053200,0.986645,-0.162613,0.003529,-0.008733
119,0.143199,-4.062345,9.059984,16.991358,-3.493295,-14.243748,-18.216726,-0.029038,-1.365183,0.987320,-0.158294,0.001636,-0.011803
120,-0.086182,-3.825350,8.586998,15.492808,-0.376026,-18.302786,-17.720892,-0.260028,-1.861395,0.987928,-0.154044,0.000260,-0.016399
121,-0.252390,-3.753850,8.766979,11.371180,3.229130,-18.043070,-17.316797,-0.387551,-2.453240,0.988360,-0.150579,-0.000120,-0.021672
122,-0.189700,-3.316835,8.694675,8.278953,4.637350,-15.122012,-17.023064,-0.411788,-3.019836,0.988622,-0.148050,0.000347,-0.026591
123,-0.231431,-2.997944,8.929601,4.513897,5.285681,-9.454296,-16.828215,-0.358821,-3.459682,0.988767,-0.146353,0.001321,-0.030320
124,-0.108630,-2.886385,9.257648,3.866977,5.385658,-3.941941,-16.701803,-0.228705,-3.724659,0.988863,-0.145222,0.002746,-0.032443
125,0.128299,-2.701511,9.707615,6.135695,4.343320,0.350914,-16.538258,-0.075826,-3.828325,0.989048,-0.143765,0.004150,-0.033150
126,0.103808,-2.496924,9.384953,10.437438,0.823481,1.745290,-16.229977,0.005689,-3.819144,0.989437,-0.141080,0.004753,-0.032981
127,0.157659,-2.550595,9.283386,13.583938,-1.617708,3.214388,-15.798702,0.002942,-3.736062,0.989985,-0.137359,0.004505,-0.032285
128,0.265296,-2.546809,9.348594,14.947184,-3.402522,3.903817,-15.317322,-0.056266,-3.599355,0.990589,-0.133221,0.003699,-0.031190
129,0.127015,-2.456866,9.459027,15.155256,-4.598228,6.422866,-14.810511,-0.149683,-3.398552,0.991217,-0.128868,0.002527,-0.029575
130,-0.069090,-2.321939,9.536012,15.629077,-5.628281,8.485898,-14.290590,-0.252695,-3.115262,0.991858,-0.124399,0.001194,-0.027245
131,-0.209809,-2.218036,9.652392,16.286257,-5.294814,11.666133,-13.750268,-0.339464,-2.745276,0.992512,-0.119742,-0.000073,-0.024137
132,-0.203288,-2.202789,9.718993,15.882858,-5.043359,14.020931,-13.207303,-0.394740,-2.288787,0.993153,-0.115045,-0.001124,-0.020236
133,-0.223724,-2.397007,9.474696,14.167714,-5.537983,15.008517,-12.710231,-0.444610,-1.777654,0.993721,-0.110736,-0.002139,-0.015846
134,-0.217268,-2.681708,9.147832,9.974073,-6.058450,13.682826,-12.331373,-0.515101,-1.268669,0.994139,-0.107446,-0.003280,-0.011490
135,0.107294,-2.839080,9.122516,3.351037,-6.195132,12.131138,-12.149638,-0.616576,-0.804499,0.994342,-0.105860,-0.004607,-0.007550
136,0.292705,-3.022906,9.241630,-4.196154,-5.910299,8.493266,-12.213683,-0.746213,-0.425389,0.994295,-0.106404,-0.006080,-0.004384
137,-0.065031,-3.079323,9.292027,-11.124301,-6.050692,6.056424,-12.523317,-0.888711,-0.145125,0.994002,-0.109076,-0.007571,-0.002105
138,-0.272085,-2.834373,9.320957,-15.653043,-5.260334,6.827399,-13.017514,-1.009867,0.106587,0.993516,-0.113342,-0.008861,-0.000075
139,0.190823,-2.799311,9.562085,-18.364761,-3.478616,8.745755,-13.621672,-1.081756,0.393214,0.992897,-0.118554,-0.009780,0.002288
140,0.287962,-2.618141,9.726827,-19.317387,-2.514500,7.039742,-14.274763,-1.117972,0.673119,0.992194,-0.124184,-0.010410,0.004616
141,0.092421,-2.446610,9.675641,-17.938517,-3.364431,4.474678,-14.905518,-1.164219,0.883703,0.991482,-0.129620,-0.011074,0.006328
142,0.440792,-2.318871,9.648406,-14.652584,-1.973102,3.014268,-15.445555,-1.220624,1.027282,0.990847,-0.134273,-0.011759,0.007451
143,0.708758,-2.523415,9.859322,-10.603272,0.160008,-0.067051,-15.857361,-1.253696,1.082650,0.990351,-0.137824,-0.012138,0.007848
144,0.266588,-2.288458,9.833037,-5.976593,0.418212,-4.381211,-16.116056,-1.277356,1.008487,0.990040,-0.140065,-0.012270,0.007151
145,-0.065299,-2.590343,9.775060,-1.702323,0.562214,-2.556079,-16.224669,-1.287979,0.892476,0.989913,-0.141015,-0.012226,0.006124
146,0.207357,-2.823487,9.740664,1.931460,2.532892,1.583949,-16.214638,-1.235606,0.862372,0.989931,-0.140935,-0.011736,0.005929
147,0.184536,-2.888801,9.749802,4.075289,2.627625,3.764534,-16.116776,-1.126868,0.924089,0.990057,-0.140092,-0.010867,0.006606
148,0.045110,-2.916476,9.582249,4.698934,0.699278,4.565777,-15.977363,-1.030760,1.042321,0.990226,-0.138885,-0.010171,0.007757
149,0.162190,-2.952685,9.339717,4.648683,-0.257014,6.857906,-15.854240,-0.966471,1.223991,0.990365,-0.137811,-0.009826,0.009416
150,0.296477,-2.774984,9.201594,3.388691,-0.389415,7.432924,-15.765696,-0.923885,1.456849,0.990452,-0.137031,-0.009729,0.011487
151,0.198912,-2.604042,9.114110,0.594627,-1.240759,5.740303,-15.719020,-0.904955,1.675816,0.990485,-0.136611,-0.009822,0.013406
152,0.162028,-2.603725,9.042826,-0.720938,-1.427066,5.337421,-15.726300,-0.899198,1.865641,0.990453,-0.136659,-0.009999,0.015053
153,0.071059,-2.393753,9.112144,-0.874780,-0.941666,6.474275,-15.753246,-0.882170,2.065810,0.990394,-0.136877,-0.010095,0.016801
154,-0.012809,-2.651334,9.171835,-0.119182,-1.121152,8.630565,-15.770931,-0.840935,2.317416,0.990335,-0.137015,-0.010042,0.019024
155,-0.167738,-2.782547,9.273324,1.061704,-1.857908,9.766816,-15.776622,-0.770827,2.626268,0.990276,-0.137051,-0.009806,0.021776
156,-0.111619,-2.765888,9.238274,3.681321,-2.646357,12.728130,-15.721695,-0.704801,3.007808,0.990265,-0.136558,-0.009680,0.025157
157,-0.065824,-3.008454,9.174839,2.959700,-3.458665,14.138389,-15.630419,-0.671323,3.466657,0.990266,-0.135738,-0.009914,0.029170
158,0.024816,-3.015051,9.368098,1.724819,-3.444288,14.582638,-15.577368,-0.646572,3.958913,0.990194,-0.135244,-0.010268,0.033458
159,0.063998,-2.509924,9.432943,0.706388,-3.288326,11.106677,-15.548189,-0.636431,4.401572,0.990092,-0.134954,-0.010693,0.037297
160,0.156720,-2.735899,9.485402,-1.461046,-3.346642,7.151393,-15.570651,-0.664758,4.724472,0.989956,-0.135108,-0.011326,0.040051
161,0.331700,-2.730363,9.499530,-1.691611,-2.311476,1.379677,-15.641998,-0.742764,4.887006,0.989814,-0.135678,-0.012217,0.041356
162,0.259642,-2.379744,9.693944,-0.432727,-0.223276,-5.444909,-15.676763,-0.825767,4.833181,0.989791,-0.135953,-0.012883,0.040788
163,0.157158,-2.524223,9.548542,0.256598,0.717890,-10.822378,-15.664472,-0.894508,4.569722,0.989896,-0.135852,-0.013160,0.038432
164,0.125663,-2.926042,9.592047,0.022951,2.259110,-13.433224,-15.655126,-0.955471,4.167055,0.990034,-0.135797,-0.013206,0.034882
165,0.131979,-2.324493,9.638116,1.128053,4.174296,-13.639189,-15.624872,-0.972346,3.703533,0.990203,-0.135583,-0.012794,0.030860
166,-0.081326,-2.551898,9.571632,-0.234961,4.406898,-12.787557,-15.590668,-0.946227,3.240595,0.990361,-0.135345,-0.012013,0.026894
167,-0.048176,-2.818788,9.323537,-0.818088,3.876947,-11.070587,-15.603668,-0.909084,2.820464,0.990439,-0.135508,-0.011198,0.023306
168,0.038751,-2.616139,9.306085,-1.976819,3.371104,-8.895922,-15.650299,-0.874472,2.467495,0.990452,-0.135952,-0.010490,0.020291
169,0.058139,-2.495941,9.417862,-4.726241,2.924494,-5.898872,-15.755101,-0.835178,2.201639,0.990373,-0.136889,-0.009851,0.018031
171,0.039985,-2.677059,9.125978,-5.425025,2.361881,-4.592555,-15.920680,-0.793516,2.009326,0.990205,-0.138343,-0.009285,0.016406
172,0.240617,-2.686511,9.360041,-6.733030,2.316090,-2.056465,-16.124456,-0.749314,1.881312,0.989977,-0.140120,-0.008776,0.015337
173,0.050957,-2.638951,9.407341,-7.311206,1.307385,-0.789969,-16.356241,-0.705362,1.818864,0.989701,-0.142134,-0.008350,0.014835
174,0.299758,-2.812101,9.261390,-8.055890,1.371227,-0.191879,-16.612350,-0.669800,1.790496,0.989386,-0.144352,-0.008040,0.014616
175,0.184104,-2.840456,8.878570,-6.642050,1.312628,-1.156436,-16.863848,-0.639824,1.756203,0.989072,-0.146530,-0.007770,0.014341
176,0.349687,-3.096206,8.663820,-9.951893,-0.008099,-1.429800,-17.156237,-0.639952,1.708835,0.988700,-0.149056,-0.007746,0.013912
177,0.373715,-2.989997,7.981483,-11.874080,-0.003363,-4.044099,-17.544718,-0.681558,1.622141,0.988198,-0.152408,-0.008036,0.013083
178,0.471197,-3.285895,7.398420,-17.794155,1.769476,-2.552261,-18.078453,-0.705953,1.509057,0.987489,-0.157014,-0.008152,0.012037
179,0.184089,-3.483863,7.231236,-22.336565,1.621668,-4.386770,-18.804058,-0.702612,1.382447,0.986488,-0.163273,-0.008019,0.010900
180,0.096461,-3.325311,7.378940,-34.201496,1.374210,-4.032768,-19.798923,-0.704304,1.234215,0.985047,-0.171841,-0.007906,0.009553
181,-0.003368,-3.559415,7.714961,-42.242886,1.044883,-3.425296,-21.114618,-0.707024,1.104172,0.983019,-0.183148,-0.007831,0.008342
182,-0.152537,-3.700151,8.158442,-49.006172,1.608872,-0.936116,-22.668493,-0.683199,1.020475,0.980451,-0.196469,-0.007596,0.007560
183,0.051777,-3.588596,8.631607,-51.539005,0.451483,-1.649923,-24.356546,-0.660653,0.967300,0.977455,-0.210896,-0.007416,0.007035
184,0.179169,-3.701151,8.969177,-55.626118,1.425017,-3.348297,-26.132723,-0.668014,0.878284,0.974074,-0.226025,-0.007411,0.006148
185,-0.053682,-4.138540,8.952235,-51.405579,2.568157,-3.203237,-27.901087,-0.655680,0.750653,0.970477,-0.241039,-0.007132,0.004978
186,0.147671,-4.364970,8.704687,-47.836880,4.170672,-1.135481,-29.542660,-0.588672,0.633179,0.966931,-0.254927,-0.006376,0.004033
187,0.275473,-4.781917,8.559760,-43.659748,4.246525,-2.779160,-31.059340,-0.505719,0.506379,0.963478,-0.267713,-0.005435,0.003076
188,-0.234841,-5.125877,8.616254,-40.162052,4.544371,-1.196591,-32.452267,-0.412386,0.372906,0.960158,-0.279415,-0.004365,0.002119
189,-0.208266,-5.580578,8.069269,-31.260599,2.651926,2.409936,-33.650131,-0.286453,0.324376,0.957188,-0.289442,-0.003212,0.001986
190,0.337781,-6.059108,8.062820,-22.591049,2.748058,1.633239,-34.570473,-0.174500,0.329801,0.954834,-0.297123,-0.002309,0.002296
191,0.050672,-5.621935,7.581089,-12.763227,4.271840,-0.891041,-35.181461,-0.078757,0.273284,0.953237,-0.302213,-0.001376,0.002066
192,-0.368996,-5.827843,7.710605,-13.881824,4.913453,-1.471904,-35.641670,0.032243,0.152568,0.952017,-0.306042,-0.000140,0.001354
193,0.121102,-5.936772,7.466576,-14.678810,4.849877,-5.155129,-36.137665,0.105610,-0.032383,0.950684,-0.310159,0.000964,0.000017
194,-0.170658,-5.834265,7.985469,-20.777599,6.009622,-7.302074,-36.741013,0.128500,-0.307002,0.949035,-0.315156,0.001909,-0.002189
195,-0.550529,-5.704921,7.828973,-25.408516,4.663568,-6.974530,-37.508766,0.143407,-0.604220,0.946894,-0.321501,0.002880,-0.004590
196,-0.427414,-6.494495,8.580283,-32.730991,2.454248,-6.773314,-38.473911,0.117591,-0.858169,0.944140,-0.329459,0.003436,-0.006733
197,0.009016,-6.294972,8.322149,-28.698771,1.049520,-5.994594,-39.490566,0.037058,-1.060620,0.941164,-0.337822,0.003431,-0.008602
198,-0.180269,-6.570353,8.590849,-25.692783,0.906323,-4.428792,-40.382618,-0.046381,-1.214839,0.938491,-0.345140,0.003279,-0.010089
199,-0.006355,-6.444311,8.192678,-19.041019,1.278970,-3.258142,-41.110180,-0.098293,-1.335695,0.936268,-0.351093,0.003289,-0.011215
200,0.219254,-6.881127,8.051380,-16.575491,1.031455,-2.815901,-41.691948,-0.140524,-1.437068,0.934461,-0.355843,0.003317,-0.012156
201,0.290922,-6.459501,7.696697,-12.422499,2.156775,-3.433095,-42.165436,-0.181445,-1.550002,0.932968,-0.359702,0.003388,-0.013190
202,0.082055,-6.871243,7.653378,-11.666360,2.572798,-2.130455,-42.558460,-0.193073,-1.671575,0.931713,-0.362897,0.003724,-0.014204
203,0.057806,-6.566432,7.400378,-10.573288,1.972981,-2.013077,-42.923695,-0.186055,-1.773674,0.930539,-0.365861,0.004152,-0.014998
204,0.246638,-6.986848,7.309106,-11.340750,0.483265,-1.204720,-43.287907,-0.198455,-1.840792,0.929362,-0.368815,0.004315,-0.015569
205,0.214267,-6.706927,7.300997,-9.445577,0.755721,-1.867612,-43.634434,-0.228116,-1.892122,0.928234,-0.371626,0.004288,-0.016068
206,0.132513,-7.120097,7.204557,-8.072375,0.773559,-2.667644,-43.927387,-0.268491,-1.964292,0.927267,-0.374000,0.004238,-0.016773
207,0.285094,-6.980035,7.380763,-6.972393,1.123962,-4.877719,-44.179623,-0.340938,-2.076639,0.926419,-0.376046,0.004058,-0.017910
208,0.147853,-7.056454,7.328563,-5.377471,2.011503,-5.563391,-44.381073,-0.432601,-2.237726,0.925722,-0.377681,0.003880,-0.019506
209,0.191484,-6.754963,7.554594,-4.634688,2.446057,-4.889271,-44.534668,-0.506312,-2.414189,0.925176,-0.378927,0.003895,-0.021169
210,0.293810,-6.844831,7.588593,-4.692091,1.183597,-2.909155,-44.667778,-0.561951,-2.549370,0.924704,-0.380006,0.003918,-0.022440
211,0.146939,-6.629084,7.620852,-4.642234,-0.550257,0.838087,-44.797489,-0.584659,-2.581541,0.924264,-0.381055,0.003868,-0.022770
212,0.101758,-6.634747,7.583052,-3.769432,-2.447041,4.950356,-44.908470,-0.553183,-2.478195,0.923918,-0.381948,0.003799,-0.021828
213,0.530134,-6.809792,7.677753,-2.696867,-3.988913,8.878888,-44.989468,-0.476303,-2.239546,0.923699,-0.382597,0.003637,-0.019645
214,0.256157,-6.790236,7.508974,-0.907426,-4.711656,9.733921,-45.026112,-0.373557,-1.917867,0.923637,-0.382889,0.003397,-0.016708
215,0.220403,-6.712811,7.629611,0.522041,-5.029577,11.387468,-45.007229,-0.247058,-1.554369,0.923757,-0.382733,0.003200,-0.013356
216,0.333891,-7.022964,7.602629,2.230507,-6.191525,11.659870,-44.937809,-0.118213,-1.150583,0.924036,-0.382172,0.002884,-0.009673
217,0.347795,-7.200864,7.841409,3.511170,-6.253545,10.572418,-44.823254,-0.017730,-0.741740,0.924449,-0.381251,0.002325,-0.006043
218,0.037213,-7.592546,7.782221,4.090706,-6.396024,9.567792,-44.684334,0.060795,-0.354967,0.924926,-0.380134,0.001668,-0.002663
219,0.052098,-7.735388,8.444984,-3.757519,-7.276631,8.761956,-44.666870,0.111450,0.022496,0.924988,-0.379996,0.000825,0.000551
220,0.177216,-7.929687,9.137584,-11.180210,-8.998256,7.620194,-44.890522,0.106133,0.407384,0.924237,-0.381801,-0.000501,0.003639
221,-0.101520,-8.073177,9.608243,-13.506733,-8.189695,5.856057,-45.265842,0.060605,0.768874,0.922967,-0.384820,-0.002094,0.006396
222,-0.060426,-8.242331,10.061628,-15.076996,-5.000350,3.487990,-45.697151,0.019966,1.034847,0.921496,-0.388283,-0.003346,0.008390
223,-0.161065,-8.339556,10.300551,-10.890703,-0.658837,0.602731,-46.077335,0.007089,1.150056,0.920194,-0.391333,-0.003871,0.009260
224,-0.406330,-8.637446,9.584868,-5.366958,3.423727,0.423413,-46.303570,0.061740,1.128638,0.919420,-0.393154,-0.003377,0.009268
225,-0.399729,-8.609974,8.908062,5.428546,10.054905,2.006876,-46.276562,0.261234,0.994299,0.919514,-0.392954,-0.001313,0.008875
226,-0.203101,-8.042263,8.582058,21.237862,12.687846,4.470482,-45.811085,0.612611,0.796620,0.921098,-0.389232,0.002219,0.008484
227,-0.523669,-7.852934,7.659379,35.042732,9.813824,6.780064,-44.861618,1.021659,0.662174,0.924269,-0.381594,0.006036,0.008743
228,-0.283499,-6.953563,6.938022,44.124992,8.049131,8.322067,-43.543423,1.422349,0.635712,0.928558,-0.370939,0.009469,0.009755
229,0.143895,-6.234900,6.766841,51.413094,6.989621,6.267697,-41.948376,1.764589,0.644523,0.933585,-0.357980,0.012365,0.010763
230,0.039768,-6.101838,6.672578,51.031780,3.797584,3.174948,-40.239689,1.985298,0.644969,0.938786,-0.344019,0.014331,0.011243
231,0.078425,-5.857066,6.669696,46.596794,2.815010,-3.155839,-38.621815,2.051793,0.574986,0.943545,-0.330722,0.015238,0.010655
232,0.461081,-5.024334,6.675661,39.638828,7.190398,-5.806861,-37.190189,2.059010,0.354520,0.947620,-0.318878,0.016043,0.008661
233,0.351099,-4.680905,6.590321,27.568674,7.541182,-7.109405,-36.067440,2.086418,0.034553,0.950715,-0.309531,0.017219,0.005923
234,0.104744,-4.521844,6.576322,22.124044,7.132793,-6.577130,-35.237366,2.121067,-0.293632,0.952940,-0.302583,0.018416,0.003160
235,0.167379,-3.891188,6.569118,21.644411,8.099598,-9.616675,-34.496002,2.149125,-0.659875,0.954879,-0.296348,0.019617,0.000062
236,-0.053617,-4.001826,6.258568,15.244330,6.124778,-7.713457,-33.868134,2.161539,-1.031485,0.956481,-0.291045,0.020665,-0.003116
237,-0.465306,-4.087977,6.450490,14.299673,2.422717,-8.798448,-33.373108,2.126021,-1.339284,0.957722,-0.286859,0.021125,-0.005867
238,-0.314333,-3.432211,6.802723,20.063406,0.231965,-7.381919,-32.775688,2.022508,-1.588114,0.959201,-0.281832,0.020840,-0.008314
239,-0.701916,-3.677528,7.153914,23.471264,-2.585391,-0.813455,-32.002823,1.929865,-1.680551,0.961083,-0.275355,0.020228,-0.009453
240,-0.534079,-4.060781,7.768921,25.973341,-4.982629,2.836169,-31.134203,1.859341,-1.584123,0.963158,-0.268090,0.019338,-0.008961
241,-0.383205,-4.053934,8.260401,35.178581,-6.033318,7.106277,-30.068432,1.794634,-1.346435,0.965634,-0.259168,0.018171,-0.007284
242,-0.373174,-3.795843,8.310712,42.574528,-7.119458,11.104551,-28.717398,1.757264,-0.972906,0.968646,-0.247827,0.016960,-0.004421
243,-0.332232,-4.565107,8.960467,39.246445,-7.720470,12.073738,-27.309906,1.723385,-0.514661,0.971631,-0.235979,0.015674,-0.000814
244,0.045492,-4.161635,9.075193,41.503590,-6.297493,8.612637,-25.933796,1.661574,-0.101139,0.974400,-0.224352,0.014328,0.002393
245,-0.315877,-3.922562,8.813940,38.542168,-6.874971,10.272555,-24.569994,1.589478,0.277617,0.976997,-0.212786,0.013037,0.005318
246,-0.243136,-3.568276,8.834678,28.001429,-5.577924,8.290442,-23.432274,1.526347,0.645250,0.979048,-0.203115,0.011898,0.008218
247,-0.088612,-3.847482,9.098056,19.799337,-4.792521,7.841665,-22.614586,1.467771,0.960713,0.980454,-0.196153,0.010916,0.010732
248,-0.521758,-3.779514,9.049549,19.041142,-4.220083,7.554879,-21.957928,1.428609,1.255220,0.981536,-0.190556,0.010152,0.013126
249,-0.424376,-3.546115,8.888455,17.342852,-4.020677,6.217071,-21.344368,1.396837,1.519405,0.982513,-0.185318,0.009522,0.015286
250,-0.532042,-3.441448,9.091715,12.643343,-2.722541,5.323323,-20.835897,1.373021,1.739566,0.983298,-0.180972,0.009038,0.017095
251,-0.685102,-3.304790,9.063795,11.813303,-2.394197,6.352162,-20.407213,1.413795,1.952393,0.983930,-0.177314,0.009123,0.018951
252,-0.759899,-3.170389,9.167203,7.654121,-2.765209,8.185203,-20.040680,1.512762,2.210967,0.984433,-0.174201,0.009640,0.021294
253,-0.413542,-2.769286,8.957214,4.939847,-4.293610,7.004616,-19.789347,1.543797,2.490424,0.984753,-0.172070,0.009534,0.023721
254,-0.478787,-2.976159,9.568786,-2.792750,-4.321909,5.369778,-19.693470,1.502473,2.734684,0.984850,-0.171258,0.008834,0.025750
255,-0.205884,-2.901287,9.070345,0.137442,-5.443268,5.001266,-19.682188,1.426348,2.953721,0.984827,-0.171162,0.007855,0.027519
256,-0.083801,-2.960721,9.024137,-3.608784,-4.465626,2.049996,-19.721645,1.305543,3.120454,0.984744,-0.171486,0.006558,0.028774
257,0.139936,-2.815657,9.002552,-7.803467,-3.362075,-2.987480,-19.895109,1.164754,3.150406,0.984495,-0.172948,0.005259,0.028830
258,0.018969,-3.303419,8.999206,-13.031944,-1.820717,-4.880092,-20.235487,1.024406,3.057157,0.984017,-0.175837,0.004111,0.027830
259,0.205142,-3.441459,8.514509,-12.810003,-0.615106,-4.995065,-20.677052,0.913946,2.917141,0.983378,-0.179600,0.003276,0.026471
260,0.004757,-3.671643,8.836766,-21.960976,0.109977,-3.999130,-21.273899,0.838921,2.780087,0.982468,-0.184700,0.002715,0.025192
261,-0.037330,-3.516116,8.638377,-22.624378,-0.519302,-5.082783,-22.030409,0.770150,2.641928,0.981264,-0.191166,0.002191,0.023912
262,-0.187514,-3.299896,8.342810,-25.896139,0.953146,-4.023819,-22.842665,0.718187,2.498841,0.979918,-0.198105,0.001824,0.022613
263,-0.332968,-3.157407,8.177159,-33.930756,1.791599,-1.566767,-23.831972,0.731079,2.395319,0.978190,-0.206558,0.001925,0.021768
264,-0.482464,-3.267977,8.033235,-46.634186,0.775294,-1.173939,-25.161123,0.767163,2.336043,0.975736,-0.217895,0.002093,0.021352
265,-0.359151,-3.419200,7.684560,-48.673153,2.466054,-4.243377,-26.738796,0.793300,2.230831,0.972661,-0.231310,0.002233,0.020539
266,-0.419286,-3.514699,7.402198,-58.062649,2.928305,0.231347,-28.508327,0.858207,2.129608,0.968984,-0.246309,0.002682,0.019854
267,-0.177611,-4.611264,7.540367,-61.856773,1.255272,-0.450292,-30.513693,0.926635,2.091841,0.964525,-0.263236,0.002997,0.019737
268,-0.233413,-4.643396,7.406275,-56.154739,2.938706,-1.580842,-32.499748,0.972190,2.025721,0.959824,-0.279917,0.003197,0.019344
269,-0.063471,-4.960224,7.301163,-48.546307,3.428560,-0.056459,-34.259254,1.046236,1.944393,0.955418,-0.294628,0.003727,0.018903
270,-0.106036,-5.325511,7.711915,-42.774590,3.757834,0.730687,-35.790642,1.146670,1.884999,0.951393,-0.307379,0.004467,0.018727
271,0.180443,-5.636640,8.043435,-29.250147,5.427841,-3.481493,-36.991829,1.231853,1.757580,0.948128,-0.317338,0.005328,0.017954
272,-0.364120,-5.583539,7.902807,-18.985722,6.516903,-1.668981,-37.789379,1.333093,1.568846,0.945911,-0.323928,0.006572,0.016719
274,-0.027787,-5.937285,8.346435,-15.070011,4.902369,-1.185300,-38.343616,1.452647,1.414578,0.944339,-0.328498,0.007919,0.015821
275,-0.089132,-5.790729,8.555256,-10.042386,5.309050,-2.640001,-38.738663,1.537155,1.259351,0.943210,-0.331745,0.009009,0.014815
276,-0.275424,-5.787809,8.228561,-11.160666,3.682061,-1.433164,-39.063309,1.607416,1.113273,0.942274,-0.334407,0.009971,0.013844
277,-0.077786,-6.134039,8.306220,-15.918959,2.407499,-1.804209,-39.491669,1.647017,1.007926,0.941024,-0.337919,0.010556,0.013133
278,-0.082267,-5.862645,8.249834,-17.338327,1.663565,-3.095701,-40.021034,1.637108,0.902528,0.939466,-0.342253,0.010728,0.012288
279,-0.311769,-6.099657,8.151387,-18.159288,1.704369,-3.047083,-40.585449,1.609308,0.788985,0.937785,-0.346865,0.010784,0.011328
280,-0.004329,-6.341448,8.235132,-18.086514,1.221667,-2.778862,-41.166630,1.576540,0.684390,0.936028,-0.351606,0.010779,0.010427
281,-0.021768,-6.332854,8.179365,-15.842264,1.623505,-3.182478,-41.708275,1.533672,0.579329,0.934370,-0.356017,0.010707,0.009488
282,-0.609987,-6.310329,8.147793,-14.902282,1.142906,-0.762181,-42.192142,1.525746,0.500462,0.932866,-0.359952,0.010850,0.008866
283,-0.346468,-6.771862,8.131719,-15.517639,-0.892040,3.681979,-42.671803,1.570803,0.534246,0.931343,-0.363856,0.011072,0.009329
284,0.127957,-6.499425,7.928571,-14.755342,-2.793977,3.307629,-43.148952,1.596918,0.662146,0.929805,-0.367743,0.010834,0.010497
285,-0.561847,-6.590126,7.707437,-14.139445,-3.084170,4.297808,-43.601330,1.609776,0.822320,0.928329,-0.371426,0.010378,0.011879
286,-0.315935,-6.555946,7.763394,-14.623704,-3.246961,4.653899,-44.050415,1.644222,1.003766,0.926841,-0.375078,0.010016,0.013500
287,-0.006273,-7.190098,7.750850,-14.878137,-3.554139,4.539077,-44.517422,1.664067,1.193224,0.925278,-0.378869,0.009495,0.015136
288,0.164426,-6.822980,7.808401,-11.334561,-2.032549,0.907724,-44.931503,1.644393,1.323939,0.923888,-0.382219,0.008845,0.016158
289,-0.285019,-7.215615,7.489061,-9.765617,-0.418942,-0.332063,-45.263973,1.611411,1.360243,0.922775,-0.384900,0.008411,0.016366
290,0.184645,-7.379733,7.534960,-10.254667,0.939853,-2.430990,-45.590984,1.573550,1.321998,0.921684,-0.387527,0.008189,0.015954
291,0.121233,-7.294891,7.372741,-8.407566,1.832610,-4.126194,-45.897636,1.507348,1.212890,0.920668,-0.389981,0.007985,0.014874
292,0.078517,-6.799762,7.159209,-7.089331,2.887302,-3.895482,-46.146160,1.448306,1.063828,0.919847,-0.391965,0.007989,0.013493
293,-0.281165,-6.901352,7.009521,-10.638509,2.876076,-2.589790,-46.428738,1.429206,0.920151,0.918896,-0.394221,0.008297,0.012295
294,-0.128835,-6.971196,7.227063,-12.377903,2.451694,0.355123,-46.797749,1.460983,0.830470,0.917627,-0.397172,0.008823,0.011714
295,-0.380540,-6.863696,7.193445,-10.835914,0.821973,1.739192,-47.161736,1.523826,0.815037,0.916354,-0.400084,0.009342,0.011837
296,-0.359565,-6.936643,7.104945,-9.811050,-0.302316,2.699434,-47.479729,1.589384,0.859463,0.915227,-0.402630,0.009676,0.012448
297,-0.465544,-7.169363,7.134895,-8.733114,-1.324277,1.317475,-47.765369,1.627196,0.925198,0.914208,-0.404916,0.009715,0.013130
298,-0.283166,-7.242098,7.136325,-5.325298,-1.708564,-0.533124,-47.978870,1.607222,0.971961,0.913449,-0.406622,0.009365,0.013450
299,-0.201504,-7.195937,7.241572,-2.686209,-2.659405,-2.153770,-48.088814,1.523148,0.996768,0.913068,-0.407499,0.008594,0.013358
300,-0.106885,-7.158143,7.414194,-0.568257,-3.023026,-2.355570,-48.112328,1.398130,1.017871,0.912998,-0.407684,0.007520,0.013084
301,-0.061601,-7.332592,7.813562,1.861720,-3.099946,-2.153176,-48.052589,1.265749,1.044541,0.913224,-0.407206,0.006377,0.012822
302,0.092477,-7.432431,8.047715,3.521617,-3.734062,-1.885415,-47.919342,1.127802,1.085070,0.913708,-0.406141,0.005148,0.012649
303,0.079462,-7.419804,9.123655,-1.042662,-5.538699,-1.727643,-47.817963,0.965947,1.160465,0.914077,-0.405328,0.003602,0.012674
304,-0.024124,-7.278563,9.793368,-0.092879,-7.808514,-0.057377,-47.751770,0.784740,1.306782,0.914312,-0.404792,0.001646,0.013199
305,0.031843,-7.544011,10.266167,0.130121,-9.205331,2.899424,-47.654438,0.621664,1.549819,0.914641,-0.404004,-0.000501,0.014563
306,-0.215422,-7.642404,10.302880,2.185713,-9.037722,5.058512,-47.519402,0.512192,1.864895,0.915084,-0.402911,-0.002466,0.016695
307,-0.533911,-7.875428,10.117855,0.746187,-6.380521,7.386292,-47.381794,0.500485,2.195306,0.915516,-0.401801,-0.003698,0.019296
308,-0.526623,-8.154257,9.120034,8.255470,-2.943095,8.914962,-47.165703,0.610694,2.494380,0.916206,-0.400081,-0.003825,0.022079
309,-0.456004,-8.152465,8.152954,19.700081,0.382899,7.599217,-46.664776,0.797480,2.713956,0.917878,-0.396095,-0.002991,0.024500
310,-0.278975,-7.986112,7.245022,32.803635,3.064611,4.474837,-45.783802,0.991976,2.811957,0.920846,-0.389058,-0.001572,0.025969
311,0.006002,-7.569894,6.712865,44.664608,3.133195,-0.269381,-44.508873,1.112736,2.788141,0.925104,-0.378809,-0.000229,0.026192
312,0.351962,-7.024600,6.249478,58.524944,1.847137,-1.839325,-42.817905,1.130398,2.704989,0.930609,-0.365120,0.000566,0.025573
313,0.298962,-6.492121,5.894203,61.460224,0.905310,-1.209464,-40.856552,1.104392,2.635310,0.936741,-0.349134,0.001003,0.024911
314,0.167613,-5.998726,6.334239,56.854904,0.247568,0.017388,-38.917130,1.084610,2.606361,0.942525,-0.333227,0.001346,0.024595
315,0.179312,-5.776349,6.771115,49.083172,-0.829609,1.619924,-37.168728,1.075501,2.632849,0.947495,-0.318807,0.001572,0.024765
316,0.178143,-5.608999,6.993151,37.083523,-0.567069,3.291177,-35.744411,1.087148,2.711750,0.951365,-0.307009,0.001765,0.025430
317,0.173585,-5.220928,8.045234,27.884216,0.101354,0.842526,-34.655617,1.102657,2.772088,0.954224,-0.297959,0.001979,0.025955
318,0.167522,-5.008534,8.399749,24.839695,0.298264,-1.146721,-33.749584,1.087647,2.764425,0.956553,-0.290403,0.002078,0.025836
319,0.341243,-5.065248,8.250357,11.583448,2.553292,-5.096988,-33.119484,1.048246,2.651674,0.958166,-0.285130,0.002171,0.024784
320,0.278432,-4.774870,8.239622,4.006354,4.956103,-6.790543,-32.842129,1.020792,2.417577,0.958905,-0.282800,0.002579,0.022752
321,0.063480,-4.170225,7.726515,3.710398,5.262858,-10.600149,-32.688168,0.989663,2.082099,0.959351,-0.281499,0.003173,0.019864
322,0.090205,-4.211814,6.429046,0.489286,6.502337,-13.002627,-32.609051,0.929617,1.645320,0.959620,-0.280816,0.003755,0.016057
323,0.138936,-3.995628,5.643870,3.115584,8.399286,-15.055857,-32.570717,0.871245,1.117268,0.959783,-0.280471,0.004564,0.011490
324,-0.231451,-3.585114,5.493759,13.911681,6.905091,-12.832810,-32.308350,0.833385,0.587878,0.960468,-0.278248,0.005558,0.006951
325,-0.049687,-3.137155,5.953801,16.574547,4.918584,-15.742564,-31.790800,0.751266,0.079840,0.961741,-0.273880,0.006114,0.002466
326,-0.185764,-3.707724,6.981391,16.887779,4.300626,-11.694202,-31.204000,0.644249,-0.389766,0.963138,-0.268929,0.006330,-0.001764
327,-0.139669,-3.532030,8.233838,20.994373,2.410276,-8.083628,-30.527250,0.574861,-0.729544,0.964702,-0.263221,0.006516,-0.004821
328,-0.236004,-3.614701,9.645173,22.662031,0.822106,-5.029970,-29.727180,0.516252,-0.944814,0.966506,-0.256471,0.006469,-0.006813
329,-0.160395,-3.841973,10.080883,24.885492,1.264978,-8.801764,-28.858414,0.438559,-1.162074,0.968409,-0.249131,0.006233,-0.008867
330,-0.776725,-4.259612,9.753994,28.138525,1.306114,-2.979493,-27.917513,0.399688,-1.354433,0.970406,-0.241165,0.006236,-0.010629
331,-0.522132,-3.815964,9.334736,30.729519,-0.145801,-0.667962,-26.891472,0.415499,-1.416726,0.972520,-0.232461,0.006401,-0.011181
332,-0.572371,-3.642154,9.143628,26.502634,-2.560855,2.238478,-25.892277,0.409756,-1.372471,0.974515,-0.223976,0.006168,-0.010871
333,-0.364965,-3.556811,8.928119,21.109320,-5.342411,4.818187,-25.058867,0.361200,-1.208949,0.976133,-0.216896,0.005366,-0.009615
334,-0.282329,-3.135786,9.013591,17.570301,-6.973996,10.414337,-24.370657,0.294072,-0.891927,0.977441,-0.211048,0.004151,-0.007066
335,-0.052963,-2.770875,9.027265,15.250268,-7.443479,9.039746,-23.767094,0.212951,-0.497510,0.978559,-0.205913,0.002713,-0.003866
336,-0.020929,-2.968386,9.224002,12.113891,-7.585423,8.649122,-23.255053,0.100641,-0.126943,0.979478,-0.201547,0.001084,-0.000908
337,-0.090570,-2.908345,9.043653,13.771193,-5.223157,6.242810,-22.776136,0.002774,0.185128,0.980311,-0.197453,-0.000295,0.001589
338,-0.076046,-3.051179,9.015328,12.742096,-3.750296,5.577657,-22.294806,-0.056248,0.424417,0.981127,-0.193331,-0.001198,0.003539
339,-0.050609,-3.282417,8.828105,11.629134,-2.518559,3.900795,-21.863964,-0.090289,0.610063,0.981840,-0.189637,-0.001783,0.005078
340,0.083648,-3.432720,9.056231,8.636375,-1.911725,1.735309,-21.500103,-0.129464,0.724577,0.982431,-0.186514,-0.002289,0.006001
341,0.074687,-3.365971,9.174727,6.569791,-0.286189,-0.186278,-21.205809,-0.166103,0.761832,0.982905,-0.183987,-0.002648,0.006268
342,-0.094612,-3.330834,9.406553,5.979779,0.098973,-0.331014,-20.945642,-0.165481,0.754750,0.983321,-0.181756,-0.002617,0.006214
343,-0.106415,-3.085812,9.377330,4.346804,0.804752,-1.894213,-20.699493,-0.139722,0.714599,0.983711,-0.179645,-0.002320,0.005915
344,-0.199774,-3.279939,9.297882,0.360120,1.078093,-3.286167,-20.554214,-0.106081,0.622652,0.983942,-0.178401,-0.001880,0.005181
345,-0.014534,-3.198204,9.025464,-1.758592,1.603818,-3.311237,-20.538824,-0.077978,0.503960,0.983971,-0.178272,-0.001454,0.004206
346,-0.233720,-2.994913,9.021254,-6.147563,1.800018,-4.118126,-20.644005,-0.059031,0.368040,0.983811,-0.179177,-0.001082,0.003067
347,-0.215850,-3.095258,9.002049,-11.968895,1.140402,-4.139073,-20.929802,-0.050247,0.221920,0.983365,-0.181632,-0.000783,0.001825
348,-0.175346,-3.019648,8.850173,-14.495787,0.798037,-4.680412,-21.355062,-0.062857,0.073074,0.982685,-0.185281,-0.000657,0.000525
349,-0.152583,-2.963608,8.914201,-18.871563,-0.151790,-3.453251,-21.889938,-0.093988,-0.057026,0.981810,-0.189866,-0.000711,-0.000644
350,-0.409866,-3.075459,8.815681,-22.040094,-1.847225,-1.313352,-22.548237,-0.139970,-0.118133,0.980702,-0.195504,-0.000996,-0.001250
351,0.013839,-3.043206,8.351647,-26.359356,-2.520656,1.549694,-23.333355,-0.194543,-0.086380,0.979339,-0.202219,-0.001510,-0.001082
352,0.064198,-3.457432,7.751979,-33.724239,-2.723675,4.744949,-24.327574,-0.233047,0.044893,0.977547,-0.210706,-0.002071,-0.000046
353,0.014577,-4.017323,7.486917,-39.249996,-2.798489,6.276968,-25.563650,-0.239591,0.250446,0.975216,-0.221234,-0.002523,0.001669
354,0.550863,-3.917131,6.774003,-41.084587,-1.704253,5.553035,-26.937998,-0.234931,0.460816,0.972488,-0.232909,-0.002930,0.003433
355,0.175262,-4.274264,6.487129,-44.099777,0.218115,6.060305,-28.403540,-0.187016,0.644491,0.969423,-0.245324,-0.002962,0.005052
356,0.407730,-4.284630,6.094196,-48.675385,0.883463,7.139894,-30.004488,-0.080241,0.828340,0.965891,-0.258845,-0.002548,0.006801
357,0.387251,-4.581310,6.553390,-53.883633,3.574664,6.615367,-31.761822,0.077679,0.987766,0.961795,-0.273634,-0.001707,0.008476
358,0.261360,-4.441825,7.114490,-57.575466,5.092854,5.863646,-33.640083,0.292877,1.085595,0.957165,-0.289376,-0.000295,0.009808
359,-0.123727,-5.219110,7.934155,-56.900970,5.817166,7.189371,-35.546494,0.560351,1.161879,0.952197,-0.305279,0.001561,0.011148
360,0.298168,-5.349022,8.009594,-50.147869,5.995061,3.963111,-37.320915,0.821127,1.194914,0.947332,-0.320004,0.003452,0.012172
361,-0.063494,-5.785029,8.601861,-42.886875,7.513920,0.124747,-38.850769,1.028979,1.110206,0.942964,-0.332632,0.005246,0.012123
362,-0.177346,-5.727177,8.277075,-35.345654,5.777224,-2.461778,-40.126114,1.173615,0.939889,0.939206,-0.343104,0.006806,0.011217
363,-0.285832,-6.110937,7.860871,-33.183788,4.559648,-3.064358,-41.245155,1.246284,0.758018,0.935820,-0.352249,0.007849,0.010021
364,-0.186142,-6.119507,7.505772,-34.443935,1.962604,-5.050997,-42.357922,1.238526,0.584953,0.932370,-0.361308,0.008234,0.008664
365,-0.262552,-6.336204,7.718783,-38.784618,0.632004,-3.279328,-43.560043,1.176053,0.454050,0.928544,-0.371059,0.008060,0.007487
366,-0.355806,-6.692565,7.419558,-39.876842,-0.852405,-4.254041,-44.853943,1.090385,0.366979,0.924308,-0.381514,0.007574,0.006590
367,-0.253943,-6.990672,7.636233,-38.010544,0.019231,-5.063945,-46.137463,0.974786,0.268065,0.919992,-0.391838,0.006910,0.005485
368,-0.082018,-7.113519,7.775084,-32.854969,1.430621,-7.416956,-47.295700,0.839195,0.108259,0.916000,-0.401110,0.006329,0.003803
369,-0.057938,-7.128039,7.526235,-30.930695,4.688137,-6.068320,-48.330460,0.737102,-0.117795,0.912352,-0.409355,0.006290,0.001695
370,-0.057034,-7.298742,7.189846,-28.787008,6.918749,-7.698271,-49.301292,0.688075,-0.413778,0.908854,-0.417054,0.006963,-0.000777
371,0.039412,-7.610421,7.174247,-25.427679,8.740322,-7.169170,-50.186096,0.662364,-0.772703,0.905601,-0.424038,0.008094,-0.003655
372,0.044040,-7.809029,6.848353,-21.090836,9.392915,-7.671762,-50.949028,0.655903,-1.162843,0.902740,-0.430028,0.009532,-0.006699
373,0.198802,-7.881479,6.511272,-17.632278,10.461876,-7.439151,-51.591026,0.655490,-1.578358,0.900287,-0.435041,0.011143,-0.009912
374,0.015829,-8.105800,6.842508,-13.485394,10.705359,-9.382463,-52.105293,0.642628,-2.028717,0.898280,-0.439032,0.012812,-0.013441
375,0.124768,-8.189529,7.056644,-10.010465,9.825884,-8.328705,-52.482544,0.610059,-2.479765,0.896768,-0.441939,0.014341,-0.017055
377,-0.009372,-7.857034,7.174540,-6.576962,7.480035,-4.059757,-52.730568,0.613516,-2.833923,0.895753,-0.443832,0.015777,-0.019779
378,-0.013770,-7.820311,7.314157,-4.918409,4.435499,1.659078,-52.879791,0.697163,-3.015786,0.895147,-0.444953,0.017162,-0.020854
379,0.095205,-7.808129,7.378044,-2.844234,1.096290,6.976386,-52.958836,0.860297,-3.001933,0.894850,-0.445535,0.018396,-0.020099
380,0.124533,-8.029602,7.330650,1.330950,-2.322516,11.086367,-52.932487,1.076894,-2.803500,0.894992,-0.445312,0.019312,-0.017711
381,-0.033623,-8.228098,7.388254,6.381431,-4.430481,12.492510,-52.754719,1.312018,-2.475618,0.895730,-0.443927,0.019852,-0.014266
382,-0.066456,-8.726021,7.811421,6.125954,-5.839448,10.460929,-52.497932,1.504202,-2.106401,0.896759,-0.441943,0.019899,-0.010680
383,0.278189,-7.754368,8.813409,7.347115,-8.204206,4.111917,-52.199299,1.537628,-1.770978,0.897933,-0.439655,0.018846,-0.007975
384,-0.319990,-7.790384,9.908249,16.377256,-10.207166,3.003315,-51.691875,1.429773,-1.453353,0.899896,-0.435741,0.016756,-0.005974
385,-0.459006,-7.590155,10.352685,23.036322,-11.164005,6.150174,-50.904648,1.328532,-1.076776,0.902889,-0.429614,0.014506,-0.003502
386,-0.253680,-7.321640,10.766577,27.909594,-10.402684,11.062494,-49.912800,1.322581,-0.613809,0.906582,-0.421838,0.012724,0.000014
387,-0.612422,-7.044769,10.561919,35.253647,-7.738299,17.146982,-48.711788,1.487475,-0.075061,0.910928,-0.412361,0.012095,0.004756
388,-0.993467,-7.878252,9.563046,46.377434,-7.203161,26.378920,-47.226776,1.878537,0.598169,0.916099,-0.400582,0.012929,0.011348
389,-0.652898,-7.913964,8.028324,47.204819,-8.996489,30.675905,-45.586285,2.400005,1.451163,0.921531,-0.387534,0.014401,0.019785
390,-0.547432,-7.726520,7.525739,49.824333,-11.129201,32.040691,-43.914036,2.906150,2.430802,0.926757,-0.374205,0.015585,0.029146
391,-0.993135,-7.355247,6.905478,51.890697,-14.422666,32.732830,-42.173168,3.345210,3.511470,0.931881,-0.360291,0.016203,0.039071
392,-0.502479,-6.892630,6.456477,50.595093,-18.636427,31.360071,-40.426105,3.646553,4.678331,0.936709,-0.346268,0.015738,0.049266
393,-0.402847,-6.130186,6.251532,45.800072,-19.732304,29.392639,-38.779507,3.794273,5.866433,0.940968,-0.332974,0.014207,0.059219
394,-0.254476,-6.032991,6.907120,36.589993,-17.566412,25.050404,-37.360130,3.851370,6.964417,0.944385,-0.321445,0.012332,0.068249
395,-0.151867,-5.580008,7.014932,34.360687,-14.459709,16.474852,-36.133987,3.816839,7.838739,0.947239,-0.311396,0.010400,0.075250
396,-0.098216,-5.281329,6.923024,31.417728,-12.671782,9.138169,-35.007927,3.671575,8.449281,0.949907,-0.302051,0.008323,0.079829
397,-0.068254,-4.927639,7.736857,31.215326,-8.998016,-0.379025,-33.938755,3.429378,8.774708,0.952563,-0.293064,0.006219,0.081843
398,-0.094171,-5.084682,7.768566,32.620529,-7.289593,-8.118360,-32.859856,3.098677,8.806463,0.955398,-0.283896,0.004150,0.081238
399,-0.078062,-4.147634,7.394442,37.175678,-5.902936,-15.004494,-31.689497,2.683901,8.598504,0.958556,-0.273878,0.002004,0.078474
400,-0.146878,-3.956848,7.066548,32.366936,-4.048959,-16.395443,-30.521341,2.253558,8.236747,0.961689,-0.263843,0.000023,0.074434
401,0.159946,-4.217694,7.460861,31.387217,-2.538575,-19.854198,-29.461205,1.835514,7.768505,0.964511,-0.254707,-0.001767,0.069570
402,0.052404,-4.159367,6.933866,31.994347,-3.259277,-18.884867,-28.421671,1.415203,7.249718,0.967194,-0.245738,-0.003572,0.064310
403,0.127373,-4.010081,7.684884,28.556173,-0.975062,-19.982916,-27.426733,1.031041,6.709901,0.969665,-0.237160,-0.005147,0.058980
404,-0.158379,-4.547420,8.274548,23.683687,-0.559337,-17.796728,-26.566715,0.712514,6.160182,0.971744,-0.229756,-0.006303,0.053720
405,-0.068963,-4.662499,9.517492,17.016544,-1.528449,-19.592825,-25.897499,0.404075,5.616515,0.973356,-0.223977,-0.007546,0.048537
406,-0.126015,-4.040344,10.213799,13.627928,-0.277228,-18.449911,-25.369310,0.102003,5.058278,0.974634,-0.219409,-0.008822,0.043246
407,-0.140286,-4.000597,10.549769,7.146456,0.946883,-17.509769,-24.985865,-0.139331,4.511338,0.975576,-0.216105,-0.009700,0.038164
408,-0.262071,-3.745143,9.737550,3.068165,0.555546,-16.258125,-24.777897,-0.344534,3.990353,0.976140,-0.214314,-0.010404,0.033360
409,0.058229,-3.139681,8.753347,5.373003,1.815032,-16.869762,-24.595810,-0.532866,3.472107,0.976624,-0.212757,-0.010994,0.028610
410,0.153527,-2.658725,7.433370,11.268746,3.458240,-13.410621,-24.271860,-0.664010,2.975901,0.977337,-0.210010,-0.011122,0.024168
411,0.166794,-2.724564,6.640497,10.349950,3.524917,-12.332032,-23.877632,-0.737705,2.536247,0.978139,-0.206673,-0.010875,0.020321
412,-0.004141,-2.558301,6.617848,15.833035,2.331694,-12.437329,-23.416016,-0.813466,2.118647,0.979029,-0.202756,-0.010701,0.016662
413,0.033378,-2.597647,7.408514,17.801271,2.367316,-12.939170,-22.820686,-0.901732,1.698552,0.980121,-0.197692,-0.010645,0.012972
414,0.039178,-2.434739,8.521440,18.930439,2.315926,-10.053511,-22.156616,-0.971092,1.313953,0.981284,-0.192036,-0.010519,0.009624
415,-0.274805,-2.659587,9.748405,17.861910,2.066929,-9.575482,-21.480490,-1.011498,0.982172,0.982422,-0.186268,-0.010269,0.006776
416,-0.325665,-2.560477,10.018019,19.068647,1.797412,-9.602220,-20.800919,-1.044494,0.660021,0.983522,-0.180465,-0.010005,0.004019
417,-0.288884,-2.663451,10.037725,15.726201,2.258864,-8.025210,-20.161158,-1.061258,0.360409,0.984521,-0.174996,-0.009669,0.001475
418,-0.557479,-2.485261,9.804205,15.377122,1.744277,-3.879889,-19.589621,-1.037490,0.150419,0.985384,-0.170101,-0.009145,-0.000247
419,-0.541803,-2.862652,9.562798,12.057337,0.067527,-2.943378,-19.093500,-1.011719,0.032695,0.986113,-0.165843,-0.008754,-0.001183
420,-0.438132,-2.615603,9.017022,10.587248,-0.783903,-3.564917,-18.690037,-1.025538,-0.066212,0.986688,-0.162378,-0.008737,-0.002023
421,-0.130658,-2.552657,9.141751,6.825289,-1.347843,-1.920794,-18.373447,-1.065418,-0.141859,0.987128,-0.159657,-0.008980,-0.002706
422,-0.120977,-2.556845,9.250389,5.336035,-1.206933,-1.931929,-18.108305,-1.088617,-0.190510,0.987492,-0.157376,-0.009120,-0.003137
423,0.362835,-2.671626,9.340292,3.411128,-0.569413,-3.271448,-17.876678,-1.131306,-0.265311,0.987802,-0.155386,-0.009393,-0.003821
424,0.269935,-2.560563,9.535609,2.035424,1.067124,-4.242858,-17.700281,-1.186488,-0.388792,0.988030,-0.153876,-0.009709,-0.004945
425,0.371969,-2.578692,9.526778,1.751438,1.379283,-2.597273,-17.544718,-1.205645,-0.511706,0.988230,-0.152546,-0.009717,-0.006018
426,0.140388,-2.650139,9.478037,0.516791,2.045231,-1.354091,-17.430656,-1.180738,-0.593298,0.988380,-0.151568,-0.009400,-0.006679
427,0.196335,-2.624675,9.437781,-0.967688,1.943701,0.379444,-17.373943,-1.115164,-0.630018,0.988458,-0.151080,-0.008789,-0.006904
428,0.211944,-2.564048,9.511550,-3.090923,1.772701,2.539980,-17.372534,-1.042957,-0.603469,0.988468,-0.151063,-0.008202,-0.006580
429,0.113381,-2.533143,9.422566,-5.130885,1.322542,4.045968,-17.463343,-0.961277,-0.515091,0.988360,-0.151838,-0.007609,-0.005716
430,0.173266,-2.651090,9.502254,-9.462764,1.008342,5.231623,-17.691259,-0.876156,-0.379732,0.988068,-0.153793,-0.007045,-0.004450
431,0.185198,-2.738107,9.491346,-12.595569,0.548949,4.746327,-18.046637,-0.801420,-0.229662,0.987596,-0.156846,-0.006593,-0.003076
432,0.283807,-2.709219,9.542475,-16.308090,-0.176269,3.859609,-18.514376,-0.754809,-0.095648,0.986954,-0.160868,-0.006367,-0.001883
433,0.220395,-2.796769,9.528031,-18.573803,-0.626946,2.623410,-19.078999,-0.738261,0.010719,0.986151,-0.165723,-0.006369,-0.000975
434,0.415094,-2.854991,9.405775,-19.646244,-1.021493,1.431342,-19.698820,-0.750840,0.083390,0.985240,-0.171051,-0.006580,-0.000404
435,0.119787,-2.902301,9.337866,-22.825871,-1.983460,0.300386,-20.388002,-0.794747,0.127490,0.984191,-0.176970,-0.007023,-0.000132
436,0.216151,-2.954620,9.297681,-24.548004,-2.572624,0.657363,-21.156523,-0.861817,0.169032,0.982978,-0.183562,-0.007664,0.000069
437,0.151317,-3.129892,9.088685,-27.478786,-2.804756,1.865793,-22.004253,-0.931866,0.240830,0.981589,-0.190822,-0.008384,0.000511
438,0.124187,-3.287029,8.805740,-28.694941,-3.686681,2.770665,-22.926956,-1.001816,0.353387,0.980015,-0.198708,-0.009181,0.001285
439,0.184715,-3.250466,8.522127,-33.832767,-4.728871,3.649576,-23.956882,-1.087930,0.507084,0.978181,-0.207491,-0.010205,0.002358
440,0.286032,-3.390964,8.439941,-35.247112,-5.562347,5.124971,-25.095003,-1.186936,0.711064,0.976059,-0.217170,-0.011458,0.003806
441,-0.061294,-3.413302,7.663802,-38.001617,-7.382432,7.934339,-26.308771,-1.283340,1.000533,0.973684,-0.227458,-0.012892,0.005953
442,0.406993,-4.185145,7.412005,-37.788841,-8.171282,6.695320,-27.588140,-1.403511,1.335494,0.971054,-0.238260,-0.014672,0.008397
443,0.552203,-4.108361,6.717355,-33.487114,-5.432258,3.706847,-28.811758,-1.538220,1.596288,0.968423,-0.248562,-0.016465,0.010151
444,-0.063679,-5.099540,7.114705,-29.371553,-3.375621,4.192079,-29.908834,-1.604089,1.784477,0.965976,-0.257783,-0.017540,0.011431
445,0.294553,-5.339334,6.806409,-18.400282,-1.417363,1.281078,-30.770679,-1.620335,1.905332,0.963996,-0.265020,-0.018042,0.012278
446,0.695675,-5.093036,6.898428,-10.185876,2.028406,-4.270819,-31.303299,-1.651265,1.859037,0.962756,-0.269499,-0.018250,0.011732
447,-0.255020,-4.458502,7.444253,-12.626493,4.341781,-2.966023,-31.700891,-1.622189,1.701347,0.961833,-0.272868,-0.017671,0.010415
448,-0.179618,-5.068758,8.476254,-22.533825,3.385638,-0.274524,-32.278778,-1.516597,1.587027,0.960463,-0.277748,-0.016561,0.009624
449,0.326816,-4.575245,8.042048,-25.936722,3.293343,-2.219642,-33.069733,-1.436567,1.491297,0.958537,-0.284396,-0.015720,0.008907
450,-0.161713,-4.525982,8.473266,-39.912563,4.162295,0.602157,-34.133263,-1.340076,1.399076,0.955869,-0.293305,-0.014761,0.008239
451,-0.102422,-5.638578,8.648531,-50.782288,3.103305,4.761243,-35.619831,-1.171971,1.402279,0.951994,-0.305702,-0.013479,0.008522
452,0.820886,-6.043115,8.216633,-50.739429,3.714701,1.202396,-37.310467,-1.028323,1.414541,0.947386,-0.319731,-0.012450,0.008825
453,0.109133,-6.082762,7.526829,-48.669724,4.641418,0.197617,-38.975483,-0.916701,1.347296,0.942649,-0.333483,-0.011463,0.008415
454,0.371138,-6.448232,7.521831,-51.024059,5.243872,0.150105,-40.648743,-0.789812,1.246646,0.937690,-0.347235,-0.010241,0.007807
455,0.150198,-6.872321,7.138506,-48.976780,5.820230,-2.184882,-42.333508,-0.679590,1.099607,0.932495,-0.361007,-0.008995,0.006807
456,0.079940,-6.761571,7.360746,-45.547962,7.304986,-3.820617,-43.920643,-0.587508,0.877158,0.927418,-0.373912,-0.007617,0.005182
457,-0.258443,-6.695890,7.139477,-41.615429,7.496425,-2.312336,-45.368629,-0.473852,0.630983,0.922631,-0.385623,-0.005939,0.003486
458,-0.010787,-7.079254,7.499864,-38.420513,7.947367,-0.872631,-46.689255,-0.322430,0.408678,0.918132,-0.396247,-0.003997,0.002159
459,-0.341863,-6.904986,7.664684,-27.438694,6.985312,-0.723797,-47.758076,-0.161503,0.207751,0.914401,-0.404804,-0.002023,0.001087
460,0.135176,-6.797184,7.765393,-15.180840,5.354580,0.787347,-48.421394,-0.016459,0.055144,0.912044,-0.410093,-0.000328,0.000380
461,-0.014871,-6.471673,7.572000,-6.826491,4.176435,-1.371994,-48.728172,0.079334,-0.070360,0.910942,-0.412533,0.000884,-0.000274
462,0.136311,-6.547985,7.681445,-3.806068,4.954448,-1.871204,-48.838421,0.135912,-0.220400,0.910544,-0.413407,0.001875,-0.001261
463,0.221860,-6.476645,7.629689,2.714995,5.209000,-3.864540,-48.681396,0.148780,-0.410428,0.911106,-0.412154,0.002659,-0.002728
464,0.161226,-6.558510,7.266671,6.091053,6.462049,-4.467316,-48.283913,0.132306,-0.647663,0.912522,-0.408986,0.003365,-0.004685
465,0.146804,-6.639464,6.992334,3.444346,7.725537,-5.463876,-47.995899,0.144437,-0.934095,0.913533,-0.406681,0.004467,-0.006934
466,0.244621,-7.147460,7.144958,3.960284,9.229387,-3.442806,-47.841202,0.212881,-1.243295,0.914061,-0.405427,0.006097,-0.009164
467,-0.312732,-7.486210,7.378808,8.746313,7.605789,-0.722090,-47.608189,0.350107,-1.497577,0.914864,-0.403538,0.008070,-0.010724
468,-0.035556,-7.315501,7.316199,11.386738,5.250126,1.924285,-47.252815,0.515522,-1.641656,0.916101,-0.400667,0.009863,-0.011322
469,-0.125669,-7.366730,7.732345,8.662512,4.017166,3.831708,-46.893181,0.691105,-1.689183,0.917350,-0.397762,0.011397,-0.011124
470,-0.184934,-7.642970,8.073297,8.268727,3.820419,4.416288,-46.581474,0.882542,-1.689824,0.918428,-0.395238,0.012904,-0.010499
471,-0.179154,-7.542772,8.073048,7.644481,3.384063,2.098529,-46.287361,1.045277,-1.701602,0.919436,-0.392854,0.014222,-0.010068
472,-0.024083,-7.979877,7.696816,5.436515,4.656416,-1.736368,-46.055363,1.138766,-1.793838,0.920219,-0.390965,0.015267,-0.010519
473,-0.410734,-8.119811,7.935470,-0.355627,5.050106,-4.626464,-45.971767,1.174785,-1.983871,0.920484,-0.390262,0.016196,-0.011934
474,-0.335239,-8.031874,8.429129,-5.686065,3.074423,-6.681447,-46.065582,1.138978,-2.211998,0.920139,-0.390989,0.016697,-0.013874
475,-0.555112,-7.754226,9.405984,-11.840995,-0.086784,-5.202188,-46.323868,1.038558,-2.384349,0.919234,-0.393057,0.016514,-0.015564
476,-0.495663,-7.830657,10.260036,-9.312194,-2.538269,0.908497,-46.612225,0.967460,-2.400738,0.918240,-0.395380,0.016040,-0.015899
477,-0.222880,-7.470490,11.036325,-5.177199,-4.588884,6.066589,-46.761917,0.975391,-2.232980,0.917745,-0.396601,0.015544,-0.014507
478,-0.465718,-7.599479,11.147058,5.723657,-4.947307,10.989660,-46.643913,1.077500,-1.920528,0.918188,-0.395680,0.015268,-0.011667
480,-0.210854,-8.068702,9.851833,23.661478,-5.313376,16.637484,-46.062962,1.296192,-1.477364,0.920212,-0.391045,0.015452,-0.007439
481,-0.249429,-8.161660,8.441592,41.295910,-5.974215,20.205090,-44.927185,1.601016,-0.911781,0.924046,-0.381944,0.015950,-0.002014
482,-0.121370,-7.833423,7.195951,50.683205,-7.248657,17.889952,-43.377895,1.880398,-0.302557,0.929092,-0.369476,0.016223,0.003611
483,-0.473836,-7.409586,6.260096,55.446487,-6.958648,18.109589,-41.625725,2.110608,0.299140,0.934567,-0.355300,0.016288,0.008984
484,0.038499,-6.670467,5.764691,54.137547,-8.480308,16.287102,-39.834751,2.283611,0.899654,0.939916,-0.340734,0.016060,0.014168
485,-0.517001,-5.567503,6.379134,44.168064,-7.865612,16.317192,-38.209244,2.409416,1.492321,0.944544,-0.327453,0.015604,0.019183
486,-0.126340,-5.463180,7.025847,32.117443,-8.086996,14.142648,-36.917694,2.506863,2.056957,0.948047,-0.316869,0.015064,0.023947
487,-0.985653,-5.076021,7.613070,25.615427,-8.156536,14.245438,-35.916855,2.578735,2.599569,0.950638,-0.308655,0.014408,0.028509
488,-0.710510,-4.815147,8.261539,18.042892,-9.996644,11.079073,-35.128773,2.600132,3.121306,0.952593,-0.302177,0.013406,0.032803
489,-0.564295,-5.022054,8.872971,13.149360,-9.432935,6.503545,-34.543121,2.511320,3.549680,0.954019,-0.297335,0.011722,0.036071
490,-0.491624,-4.982608,8.771649,16.439062,-9.692158,1.495826,-33.993923,2.326558,3.841720,0.955387,-0.292747,0.009608,0.037980
491,-0.412466,-4.356265,8.582437,19.474541,-8.842187,-3.524194,-33.340034,2.052294,3.987123,0.957061,-0.287236,0.007168,0.038454
492,0.237915,-4.068759,8.186388,18.844040,-6.870466,-8.065936,-32.644016,1.713108,3.969861,0.958869,-0.281332,0.004605,0.037436
493,0.132432,-3.735591,7.663007,20.783022,-5.671800,-9.269600,-31.930872,1.356320,3.838850,0.960712,-0.275265,0.002161,0.035454
494,-0.290407,-3.242597,6.419156,16.393255,-4.874381,-8.302422,-31.265646,1.046305,3.682549,0.962392,-0.269604,0.000130,0.033400
495,-0.123570,-3.288560,6.143086,4.880521,-2.840031,-9.706004,-30.879902,0.785122,3.492625,0.963384,-0.266300,-0.001512,0.031197
496,-0.385276,-3.759745,6.132086,3.280854,-1.720732,-9.757387,-30.736460,0.562846,3.253345,0.963805,-0.265046,-0.002789,0.028673
497,-0.536681,-3.909801,6.411303,2.871377,-2.159645,-11.146272,-30.641394,0.353549,2.986752,0.964109,-0.264208,-0.003911,0.025950
498,-0.357183,-3.949903,6.917751,1.640071,-2.334597,-8.900415,-30.566130,0.142871,2.737362,0.964352,-0.263541,-0.005094,0.023370
499,-0.257146,-4.136950,8.057303,4.788320,-2.275289,-6.886930,-30.441216,-0.041486,2.549753,0.964685,-0.262463,-0.006190,0.021373
500,-0.243024,-4.230309,8.792842,12.253481,-3.160793,-5.761698,-30.123007,-0.213662,2.413405,0.965442,-0.259760,-0.007272,0.019851
501,0.014067,-3.807115,9.368424,17.370632,-2.513220,-3.948573,-29.575779,-0.369453,2.319942,0.966691,-0.255125,-0.008284,0.018751
502,-0.001178,-3.949738,9.436563,19.932735,-0.935215,-0.217608,-28.892054,-0.451315,2.287018,0.968202,-0.249340,-0.008792,0.018343
503,-0.168873,-4.121171,9.326795,26.569363,0.089344,0.446498,-28.067572,-0.454370,2.296642,0.969970,-0.242366,-0.008706,0.018481
504,-0.137410,-3.763152,9.176023,32.105343,0.606092,-0.915660,-27.044611,-0.436689,2.284085,0.972097,-0.233702,-0.008365,0.018488
505,0.064090,-3.520741,9.291182,33.537098,1.322251,-0.431719,-25.900274,-0.412571,2.249439,0.974387,-0.223989,-0.007907,0.018323
506,-0.274529,-3.475013,8.961743,31.783806,1.385620,1.443997,-24.765945,-0.355750,2.245085,0.976557,-0.214343,-0.007233,0.018469
507,-0.237046,-3.184147,9.098516,29.288576,0.860622,2.625718,-23.706093,-0.277765,2.291480,0.978489,-0.205313,-0.006479,0.019071
508,-0.205599,-2.871748,9.421425,23.237263,0.510899,2.206618,-22.780169,-0.211400,2.356417,0.980104,-0.197408,-0.005869,0.019793
509,-0.171165,-2.955592,9.623122,20.596491,0.128917,4.889612,-21.998180,-0.145418,2.461666,0.981408,-0.190722,-0.005344,0.020844
510,-0.302704,-2.901441,9.468897,19.117729,-0.150661,6.008588,-21.292252,-0.065756,2.630580,0.982530,-0.184681,-0.004804,0.022453
511,-0.151950,-2.708756,9.534447,17.425224,0.146470,4.849317,-20.640072,0.010836,2.799641,0.983528,-0.179095,-0.004283,0.024051
512,-0.079405,-2.607233,9.524681,15.081303,-0.210054,3.935495,-20.053444,0.066517,2.937344,0.984400,-0.174065,-0.003891,0.025340
513,-0.052501,-2.518512,9.252505,14.069262,0.489091,1.666548,-19.525227,0.105400,3.023704,0.985171,-0.169531,-0.003568,0.026158
514,0.004405,-2.339456,9.424716,9.840017,0.749910,0.061255,-19.013681,0.133160,3.044273,0.985912,-0.165137,-0.003242,0.026390
515,-0.041129,-2.451069,9.330881,7.978048,0.932980,-1.612666,-18.552351,0.151003,3.011096,0.986576,-0.161172,-0.002935,0.026142
516,0.046033,-2.217843,9.274560,4.195401,1.190861,-3.228597,-18.256935,0.159128,2.923597,0.987007,-0.158632,-0.002677,0.025408
517,-0.073173,-2.185330,9.527063,0.620483,1.503925,-4.131831,-18.066967,0.166215,2.793340,0.987297,-0.157000,-0.002395,0.024299
518,-0.059140,-2.189508,9.675788,-1.970125,0.974917,-4.674867,-17.978951,0.165321,2.641305,0.987448,-0.156244,-0.002177,0.022990
519,-0.056536,-2.282620,9.481681,-3.220374,1.167316,-7.386381,-18.025372,0.138507,2.439215,0.987425,-0.156643,-0.002141,0.021211
520,0.067706,-2.134913,9.815817,-6.625048,1.740919,-9.644785,-18.147606,0.094961,2.154454,0.987309,-0.157694,-0.002147,0.018695
521,-0.165897,-2.546479,9.613107,-6.259631,1.588457,-9.479933,-18.325031,0.049278,1.834446,0.987113,-0.159222,-0.002125,0.015872
522,0.005290,-2.478704,9.177546,-6.836767,1.443803,-9.891829,-18.516279,-0.001554,1.512182,0.986888,-0.160869,-0.002136,0.013022
523,0.075091,-2.527268,9.249539,-8.791845,1.315416,-8.846638,-18.749739,-0.059971,1.201567,0.986590,-0.162879,-0.002224,0.010260
524,0.012080,-2.464624,9.209087,-9.892175,1.307605,-7.480998,-19.031582,-0.108691,0.929953,0.986208,-0.165306,-0.002277,0.007847
525,0.055712,-2.566622,9.030207,-11.717346,1.074044,-6.098546,-19.362373,-0.146687,0.703140,0.985741,-0.168155,-0.002294,0.005833
526,0.232230,-2.532434,9.127924,-15.503294,1.416793,-7.195899,-19.786160,-0.188077,0.480438,0.985121,-0.171802,-0.002337,0.003848
527,0.142991,-2.572752,9.368487,-20.407221,0.952163,-8.134618,-20.349205,-0.246659,0.226878,0.984271,-0.176644,-0.002468,0.001569
528,-0.159841,-2.758130,9.062049,-22.560087,0.927970,-8.293242,-21.031307,-0.311817,-0.040437,0.983201,-0.182504,-0.002611,-0.000844
529,-0.122267,-3.110669,8.346202,-24.665720,-0.479556,-6.353459,-21.800276,-0.384401,-0.270582,0.981949,-0.189104,-0.002847,-0.002953
530,-0.127556,-3.096759,7.710303,-28.170559,-1.578832,-5.489427,-22.677406,-0.481189,-0.440455,0.980463,-0.196621,-0.003361,-0.004594
531,-0.089784,-3.082467,7.703604,-34.566910,-2.137933,-4.393442,-23.718460,-0.593271,-0.567656,0.978625,-0.205528,-0.004049,-0.005912
532,-0.183140,-3.687411,7.422792,-35.954735,-2.738019,-2.743421,-24.900454,-0.704106,-0.642679,0.976442,-0.215618,-0.004791,-0.006801
533,0.163025,-3.939856,7.491238,-35.865490,-1.606761,-4.688710,-26.119297,-0.816877,-0.723195,0.974081,-0.225999,-0.005518,-0.007758
534,0.198316,-3.780756,8.104383,-35.490829,0.210291,-6.787004,-27.313204,-0.926992,-0.883458,0.971653,-0.236148,-0.006040,-0.009401
535,0.193252,-4.330035,9.375788,-35.199390,1.554418,-8.046024,-28.472189,-1.018886,-1.115847,0.969185,-0.245981,-0.006223,-0.011624
536,-0.112537,-4.504586,9.635993,-22.293694,2.116520,-6.059013,-29.401291,-1.072772,-1.351608,0.967127,-0.253847,-0.006061,-0.013784
537,0.060099,-4.289996,10.033391,-14.301452,2.662178,-5.677119,-29.967014,-1.090434,-1.561831,0.965833,-0.258631,-0.005668,-0.015625
538,-0.028021,-4.305878,10.067257,-6.463448,1.098872,-2.119869,-30.256042,-1.093029,-1.706786,0.965157,-0.261073,-0.005320,-0.016866
539,0.006166,-4.426212,9.939220,-0.281072,0.574828,-1.510636,-30.312880,-1.089942,-1.774171,0.965018,-0.261554,-0.005132,-0.017429
540,-0.283277,-4.077747,8.919249,6.859142,0.028433,2.118730,-30.153427,-1.060326,-1.771408,0.965385,-0.260208,-0.004913,-0.017332
541,0.058781,-4.326715,8.303761,2.570197,-1.000297,2.250625,-29.962723,-1.023507,-1.700861,0.965831,-0.258594,-0.004790,-0.016646
542,0.165585,-4.483590,7.890090,0.607575,0.571662,2.055429,-29.898491,-0.991030,-1.635304,0.965988,-0.258047,-0.004674,-0.016017
543,0.220987,-4.413466,7.254920,-3.596791,1.660980,1.904260,-29.953365,-0.928024,-1.596601,0.965877,-0.258501,-0.004222,-0.015551
544,-0.005017,-4.570217,6.954629,-11.945589,1.661130,3.595110,-30.233067,-0.832224,-1.544748,0.965259,-0.260847,-0.003495,-0.014907
545,0.084609,-4.854938,6.766043,-22.047819,2.288694,3.854817,-30.837173,-0.707404,-1.470772,0.963890,-0.265918,-0.002538,-0.014014
546,0.032333,-5.202796,6.928945,-31.798685,0.669918,5.272613,-31.783548,-0.583093,-1.365900,0.961683,-0.273856,-0.001630,-0.012857
547,0.140260,-4.782294,6.682291,-34.648647,-0.988752,5.991381,-32.933498,-0.486784,-1.204179,0.958910,-0.283483,-0.001095,-0.011281
548,-0.026546,-5.205362,7.615710,-45.269733,-2.511550,7.705074,-34.288822,-0.408049,-0.981686,0.955515,-0.294798,-0.000877,-0.009236
549,0.146451,-5.540807,7.840874,-44.385689,-3.211886,6.125786,-35.794361,-0.353095,-0.738287,0.951579,-0.307321,-0.000952,-0.007078
550,0.255962,-5.434475,8.207132,-41.582008,-3.186488,3.148317,-37.222557,-0.353452,-0.550729,0.947685,-0.319155,-0.001389,-0.005539
551,0.051867,-5.306935,8.433654,-37.953362,0.290741,3.152616,-38.518147,-0.331403,-0.438445,0.944022,-0.329847,-0.001468,-0.004566
552,0.008973,-5.844427,8.614401,-41.082172,1.392582,4.286447,-39.796452,-0.229811,-0.359998,0.940290,-0.340354,-0.000817,-0.003637
553,-0.089704,-6.326689,8.418281,-34.423073,3.672646,3.679381,-41.024700,-0.075327,-0.313742,0.936592,-0.350410,0.000344,-0.002795
554,-0.003238,-6.389922,8.240328,-28.795971,4.878390,3.975622,-42.052795,0.119459,-0.312715,0.933412,-0.358794,0.001952,-0.002173
555,-0.012726,-6.474416,8.232760,-24.430393,5.259885,5.367279,-42.910233,0.349443,-0.311833,0.930700,-0.365761,0.003833,-0.001417
556,0.049469,-6.675571,8.120724,-19.722900,4.959064,4.189085,-43.615463,0.579785,-0.312281,0.928425,-0.371474,0.005710,-0.000651
557,-0.063754,-6.903020,8.294169,-11.437125,4.942001,3.183273,-44.104538,0.780359,-0.337712,0.926824,-0.375423,0.007418,-0.000175
558,0.103479,-6.295569,8.023933,-5.163007,3.293489,3.187424,-44.340565,0.946163,-0.356730,0.926040,-0.377322,0.008821,0.000233
559,-0.076180,-6.187020,8.450012,-4.575765,2.117903,5.336972,-44.443539,1.102169,-0.317312,0.925691,-0.378149,0.009951,0.001074
560,-0.022973,-6.701239,8.447959,-1.087723,0.374778,6.444433,-44.476852,1.263107,-0.205176,0.925567,-0.378420,0.010880,0.002514
561,-0.007315,-6.627758,8.360226,3.160903,-1.367027,5.815187,-44.388386,1.385183,-0.046585,0.925843,-0.377715,0.011346,0.004190
562,-0.067502,-6.624221,8.246455,3.707464,-1.981189,5.245446,-44.221066,1.464671,0.125516,0.926378,-0.376377,0.011429,0.005826
563,-0.139678,-6.802909,8.085656,3.800028,-0.985342,0.781687,-44.052586,1.491980,0.233068,0.926921,-0.375024,0.011307,0.006768
564,-0.195517,-6.983037,7.906840,3.819622,0.929305,-2.006455,-43.897861,1.472370,0.219758,0.927430,-0.373771,0.011200,0.006581
565,-0.052925,-7.261639,8.020577,3.659683,1.162253,-2.724075,-43.757168,1.436132,0.139175,0.927896,-0.372626,0.011177,0.005797
566,-0.061886,-7.519820,7.987999,3.215039,-0.516974,-1.537553,-43.634754,1.385229,0.080595,0.928302,-0.371630,0.010961,0.005145
567,-0.115214,-6.936218,9.379642,-4.257295,-3.928049,0.538734,-43.619434,1.312127,0.120435,0.928357,-0.371512,0.010240,0.005230
568,-0.070056,-6.790448,10.361975,-5.457030,-8.598035,6.677145,-43.703430,1.236754,0.353368,0.928079,-0.372213,0.008869,0.006879
569,0.171989,-6.969866,11.505412,-0.746189,-10.427114,10.755259,-43.702957,1.196114,0.784696,0.928053,-0.372239,0.007139,0.010240
570,-0.372288,-6.447586,12.587757,8.760093,-8.297573,10.217862,-43.439747,1.204191,1.255655,0.928855,-0.370133,0.005707,0.014068
571,-0.627525,-6.005206,12.588240,19.013203,-5.947309,9.016162,-42.826721,1.257154,1.654974,0.930760,-0.365181,0.004940,0.017449
572,-0.450953,-7.079364,10.887033,31.619591,-3.911229,8.282990,-41.861462,1.338542,1.981367,0.933738,-0.357350,0.004732,0.020320
573,-0.215794,-7.526620,9.760584,41.771278,-1.114170,5.631149,-40.574650,1.429658,2.212399,0.937634,-0.346862,0.005006,0.022432
574,-0.425733,-7.140235,8.060526,49.527393,1.106191,2.356670,-39.036999,1.516340,2.315112,0.942169,-0.334266,0.005720,0.023459
575,-0.087251,-7.005713,6.341000,46.196823,-1.075864,2.133774,-37.480911,1.562028,2.372627,0.946602,-0.321450,0.006254,0.023983
576,0.290644,-6.866278,6.273904,41.881298,-0.825369,-0.135015,-36.090439,1.538903,2.416095,0.950428,-0.309940,0.006235,0.024203
577,-0.369676,-5.665870,6.034388,47.584175,-0.240051,-0.160174,-34.670784,1.511887,2.420159,0.954198,-0.298138,0.006299,0.024088
578,0.055497,-5.096492,6.009323,36.653259,-0.566824,-4.835924,-33.321594,1.450534,2.357111,0.957665,-0.286871,0.006227,0.023331
579,0.014384,-5.183969,6.873627,26.288345,0.002738,-7.496500,-32.315590,1.316483,2.188517,0.960199,-0.278425,0.005718,0.021538
580,-0.334093,-4.745075,7.302740,30.818508,-1.247198,-9.369007,-31.387115,1.147484,1.960226,0.962487,-0.270604,0.005012,0.019175
581,-0.260886,-4.774100,7.701433,23.035830,-1.075800,-10.488738,-30.499039,0.949904,1.696290,0.964618,-0.263104,0.004103,0.016461
583,0.020164,-4.689856,8.508159,11.755174,-0.870009,-12.374893,-29.918697,0.727580,1.383523,0.966000,-0.258184,0.003017,0.013303
584,-0.567813,-4.775828,9.046458,9.621954,-2.116201,-6.084726,-29.549597,0.537208,1.141467,0.966865,-0.255050,0.001993,0.010827
585,-0.418397,-4.194276,8.867301,7.917073,-6.762608,-2.046203,-29.231316,0.360045,1.096356,0.967584,-0.252350,0.000626,0.010051
586,-0.132598,-4.282209,8.707001,-2.189154,-7.425552,2.678561,-29.104904,0.168536,1.221175,0.967858,-0.251267,-0.001254,0.010684
587,-0.047882,-4.021587,8.123012,-0.569255,-8.633890,6.224936,-29.126207,0.009362,1.481298,0.967790,-0.251426,-0.003171,0.012532
588,0.065055,-4.383135,7.461575,2.490834,-7.558223,6.398832,-29.088367,-0.125386,1.796413,0.967839,-0.251079,-0.004996,0.014899
589,0.538500,-3.602656,6.962234,13.381538,-2.904169,2.100965,-28.822706,-0.227098,2.004705,0.968392,-0.248810,-0.006273,0.016450
590,0.517181,-3.405980,6.225481,18.820713,0.234891,-4.842033,-28.278183,-0.320549,1.985483,0.969568,-0.244192,-0.006944,0.016118
591,0.689418,-3.651672,6.320640,19.721872,1.228021,-5.667820,-27.641430,-0.418954,1.818994,0.970933,-0.238797,-0.007342,0.014540
592,0.195871,-3.240483,6.830332,20.326359,2.533487,-8.617117,-26.969868,-0.498065,1.578257,0.972344,-0.233107,-0.007438,0.012379
593,0.273891,-3.028836,8.009768,17.593918,0.992952,-8.376505,-26.299866,-0.582628,1.298283,0.973716,-0.227426,-0.007528,0.009876
594,-0.369479,-3.485743,8.461165,11.135848,-0.648342,-5.901208,-25.776384,-0.675429,1.081597,0.974759,-0.222981,-0.007851,0.007886
595,-0.268607,-3.935580,9.327685,5.999366,-1.806128,3.378848,-25.462212,-0.709297,1.061262,0.975367,-0.220306,-0.008078,0.007669
596,-0.567615,-3.496013,9.818669,6.595068,-0.296235,5.362067,-25.217602,-0.653362,1.207543,0.975826,-0.218219,-0.007864,0.009039
597,-0.058224,-4.031770,9.867963,9.946630,-1.611288,8.977799,-24.907499,-0.560973,1.437153,0.976395,-0.215572,-0.007484,0.011190
598,-0.172913,-4.294385,8.926697,17.165176,0.060558,8.705093,-24.448931,-0.450840,1.715727,0.977221,-0.211659,-0.007015,0.013799
599,0.082792,-4.338786,8.816841,20.795822,-0.089935,7.011593,-23.828442,-0.337960,1.955136,0.978322,-0.206367,-0.006407,0.016085
600,-0.113565,-3.928128,8.779424,26.573658,1.776644,2.015884,-23.048092,-0.248361,2.082164,0.979685,-0.199707,-0.005753,0.017370
601,0.267852,-4.092596,8.613687,28.821772,1.762774,-2.452072,-22.135744,-0.198498,2.052922,0.981247,-0.191910,-0.005139,0.017248
602,0.050014,-3.512253,8.449920,28.388767,3.773376,-4.699996,-21.193485,-0.163174,1.908151,0.982813,-0.183846,-0.004462,0.016105
603,0.236760,-3.050418,8.933879,21.203979,3.542423,-3.928088,-20.358654,-0.106162,1.730296,0.984149,-0.176696,-0.003580,0.014698
604,0.158625,-2.689925,9.243842,13.853242,4.350343,-3.507251,-19.747240,-0.033917,1.568591,0.985097,-0.171455,-0.002639,0.013435
605,0.267485,-2.795383,8.939264,5.011691,4.779699,-2.285336,-19.405760,0.066864,1.426459,0.985617,-0.168533,-0.001523,0.012368
606,0.181376,-2.411509,8.948496,-7.842966,6.290796,-2.824376,-19.425381,0.200876,1.284701,0.985599,-0.168716,-0.000164,0.011346
607,0.056715,-2.775826,9.254605,-25.060099,6.317584,-1.176610,-19.945065,0.368957,1.151106,0.984830,-0.173198,0.001431,0.010451
608,-0.335922,-2.892316,9.196057,-33.758751,8.698449,-0.706459,-20.904629,0.596835,1.034265,0.983344,-0.181454,0.003484,0.009820
609,-0.416421,-3.140306,9.202525,-39.709499,9.441404,-1.940411,-22.112024,0.876369,0.882333,0.981371,-0.191815,0.006029,0.009023
610,-0.611651,-3.288715,9.758220,-44.214771,9.363741,-3.786079,-23.491165,1.146564,0.672720,0.978983,-0.203610,0.008601,0.007784
611,-0.726861,-3.870866,9.721578,-38.552921,9.228447,-3.873683,-24.853880,1.399332,0.429056,0.976482,-0.215222,0.011119,0.006284
612,-0.767102,-4.091860,9.463367,-24.528320,10.201083,-7.434196,-25.899769,1.634873,0.119818,0.974463,-0.224090,0.013669,0.004216
613,-0.728106,-4.271050,9.495944,-11.701606,9.223391,-12.441322,-26.503572,1.801415,-0.320310,0.973258,-0.229159,0.015942,0.000883
614,-0.902050,-4.124568,9.127204,5.855771,8.522051,-11.910729,-26.600822,1.908924,-0.815446,0.973045,-0.229904,0.017847,-0.003092
615,-0.483793,-4.648070,8.927303,11.496122,7.257086,-11.542189,-26.322201,1.988260,-1.282505,0.973570,-0.227452,0.019441,-0.006946
616,-0.509251,-4.490231,8.950934,19.605907,6.181976,-15.123223,-25.826216,2.001652,-1.780489,0.974504,-0.223148,0.020495,-0.011239
617,-0.425158,-4.116704,8.878082,21.928627,4.012632,-15.509014,-25.149651,1.941399,-2.314475,0.975748,-0.217305,0.020928,-0.016021
618,-0.170192,-4.011992,8.892707,15.813475,1.360390,-11.538612,-24.527706,1.831539,-2.761019,0.976853,-0.211949,0.020730,-0.020145
619,0.099118,-4.199176,9.237967,5.849578,-0.801587,-9.766054,-24.172667,1.679759,-3.088341,0.977456,-0.208901,0.019970,-0.023279
620,0.063862,-3.550999,8.953840,7.431529,-2.863288,-8.578095,-23.947338,1.480631,-3.342328,0.977824,-0.206988,0.018684,-0.025847
621,0.024980,-3.390589,8.897933,2.988851,-3.522391,-3.610250,-23.753620,1.285866,-3.484552,0.978149,-0.205366,0.017233,-0.027443
622,0.325594,-3.409713,9.021765,-3.954607,-5.648350,-0.804832,-23.744223,1.096168,-3.489718,0.978171,-0.205338,0.015621,-0.027829
623,0.268252,-4.028642,9.314507,-10.325455,-5.775711,-2.916136,-23.967651,0.872682,-3.468973,0.977778,-0.207309,0.013731,-0.028027
624,0.232826,-4.301735,9.184117,-9.665051,-5.711921,-9.229701,-24.305445,0.595244,-3.575264,0.977135,-0.210254,0.011643,-0.029403
625,-0.060497,-4.592927,9.169111,-11.154259,-5.903585,-12.172114,-24.668646,0.261186,-3.819789,0.976389,-0.213422,0.009345,-0.032072
626,-0.079533,-4.865589,8.869953,-15.057178,-8.636536,-12.051594,-25.132408,-0.128841,-4.084094,0.975416,-0.217468,0.006656,-0.035024
627,-0.377389,-5.070676,8.425435,-15.262755,-9.432118,-9.278543,-25.678049,-0.543009,-4.276048,0.974269,-0.222228,0.003673,-0.037426
628,-0.091921,-4.743816,7.709248,-14.271247,-11.251262,-2.745418,-26.219030,-0.926408,-4.305217,0.973150,-0.226941,0.000651,-0.038414
629,0.057959,-4.713034,7.453779,-22.085928,-13.118398,5.450688,-26.878981,-1.262885,-4.082742,0.971848,-0.232639,-0.002433,-0.037203
630,0.312724,-4.885154,7.863570,-29.498896,-13.277181,9.373892,-27.794765,-1.540996,-3.660012,0.970041,-0.240456,-0.005378,-0.034225
631,0.729354,-5.146579,8.207098,-33.827217,-11.117785,7.928258,-28.901464,-1.776213,-3.211680,0.967758,-0.249840,-0.008011,-0.031000
632,0.704132,-5.377857,8.340816,-35.069672,-8.933035,4.458919,-30.095037,-1.986097,-2.865760,0.965151,-0.259918,-0.010241,-0.028643
633,0.429771,-5.500334,8.504466,-33.720490,-6.776415,0.156860,-31.276636,-2.182947,-2.664626,0.962428,-0.269869,-0.012072,-0.027520
634,0.317689,-5.682724,8.474539,-29.842293,-3.620862,-2.125861,-32.360821,-2.347272,-2.600280,0.959811,-0.278979,-0.013345,-0.027493
635,0.202445,-5.792531,8.024918,-24.339268,-1.192614,-2.696125,-33.287914,-2.451423,-2.623354,0.957493,-0.286752,-0.013934,-0.028052
636,0.019430,-5.954853,7.810373,-17.567272,1.233235,-1.608762,-34.014980,-2.475875,-2.682281,0.955634,-0.292832,-0.013810,-0.028694
637,0.311280,-6.061070,7.766751,-10.264464,4.252476,0.575643,-34.509312,-2.397476,-2.746646,0.954364,-0.296948,-0.012866,-0.029087
638,0.430557,-6.060834,7.706615,-3.700053,6.529266,1.384619,-34.770794,-2.228782,-2.820486,0.953704,-0.299107,-0.011202,-0.029292
639,0.319579,-5.828995,7.795884,1.304680,6.619619,2.061065,-34.856709,-2.010746,-2.896438,0.953508,-0.299794,-0.009167,-0.029363
640,0.091074,-5.582377,7.788512,3.962778,6.063509,3.128031,-34.813782,-1.757607,-2.944396,0.953659,-0.299398,-0.006945,-0.029099
641,0.105251,-5.513589,7.631714,3.632984,4.048591,5.484245,-34.705044,-1.508212,-2.921852,0.953995,-0.298447,-0.004955,-0.028257
642,-0.109325,-5.427903,7.690644,0.345500,0.871203,6.116774,-34.647991,-1.317044,-2.809244,0.954202,-0.297935,-0.003670,-0.026821
643,-0.271030,-5.165061,7.724573,-0.572955,-1.350301,7.469964,-34.654438,-1.173328,-2.618435,0.954251,-0.297958,-0.002967,-0.024859
644,-0.081102,-5.063563,7.909259,-0.068188,-2.299342,9.117519,-34.658131,-1.046759,-2.356654,0.954312,-0.297963,-0.002593,-0.022350
645,0.028803,-5.179570,8.368710,-0.847409,-3.984596,10.485318,-34.658550,-0.936523,-2.028694,0.954384,-0.297944,-0.002528,-0.019333
646,-0.118507,-4.923203,8.672961,2.351201,-4.281265,10.771211,-34.606033,-0.838147,-1.659423,0.954588,-0.297487,-0.002676,-0.016000
647,0.195667,-4.660502,8.802407,7.382497,-3.423199,11.717535,-34.400009,-0.726252,-1.278486,0.955179,-0.295751,-0.002755,-0.012531
648,0.305873,-4.625981,9.217047,6.993288,-3.696731,12.112383,-34.104942,-0.606241,-0.884196,0.955983,-0.293274,-0.002795,-0.008928
649,-0.021684,-4.160430,9.538146,6.616338,-4.119453,10.984589,-33.806076,-0.500366,-0.493011,0.956775,-0.290765,-0.002927,-0.005386
650,0.118604,-3.616546,9.440852,8.913372,-4.125322,10.566532,-33.453518,-0.413663,-0.118724,0.957680,-0.287809,-0.003159,-0.002031
651,0.153606,-3.371516,9.604076,7.299388,-5.381335,11.562739,-33.074680,-0.346630,0.275703,0.958629,-0.284631,-0.003585,0.001445
652,-0.046550,-3.411368,10.034225,4.144808,-7.007885,13.471634,-32.769402,-0.292588,0.737381,0.959371,-0.282063,-0.004265,0.005453
653,0.004685,-3.412437,10.108665,3.413400,-7.471435,15.080097,-32.528713,-0.235367,1.267592,0.959925,-0.280030,-0.005070,0.010044
654,0.347637,-3.705424,9.960242,3.288426,-7.358976,16.636189,-32.310707,-0.166333,1.845790,0.960392,-0.278184,-0.005876,0.015067
655,0.295090,-3.926651,10.040663,3.526859,-6.247629,16.431004,-32.102917,-0.077135,2.432562,0.960801,-0.276424,-0.006516,0.020213
656,0.161708,-4.009813,10.198463,4.962540,-4.502728,13.923410,-31.872196,0.029825,2.956306,0.961247,-0.274480,-0.006832,0.024876
657,0.033888,-3.959353,10.005030,10.153250,-2.603295,9.783354,-31.532991,0.132513,3.354632,0.961955,-0.271633,-0.006841,0.028483
658,0.112488,-3.894531,9.532851,17.801682,-0.540592,4.497348,-30.985147,0.206939,3.585410,0.963177,-0.267037,-0.006617,0.030629
659,0.180255,-3.952411,9.153187,22.693201,0.806078,-1.631181,-30.239784,0.226400,3.624465,0.964881,-0.260769,-0.006342,0.031044
660,0.189770,-4.017803,8.959744,26.460306,1.417040,-7.120462,-29.364101,0.175001,3.479666,0.966888,-0.253383,-0.006219,0.029757
661,0.324324,-3.980676,8.670965,31.746025,1.475293,-11.970553,-28.349775,0.048990,3.177822,0.969177,-0.244800,-0.006376,0.026989
662,0.424934,-3.939788,8.431087,34.560108,0.759410,-16.106766,-27.211058,-0.156278,2.746347,0.971666,-0.235136,-0.006962,0.022971
663,0.381409,-3.926380,8.606080,34.683151,-0.594333,-18.521715,-26.029528,-0.432640,2.228958,0.974137,-0.225086,-0.008058,0.018100
664,0.300873,-3.938193,8.804318,36.291874,-1.387588,-18.435404,-24.821949,-0.741620,1.686662,0.976525,-0.214802,-0.009483,0.012983
665,0.344958,-3.786736,8.705231,38.839993,-1.655633,-18.857056,-23.547844,-1.053597,1.140121,0.978889,-0.203942,-0.011030,0.007864
666,0.412269,-3.579795,8.757182,38.731216,-1.859631,-19.585407,-22.232246,-1.368236,0.572195,0.981168,-0.192723,-0.012678,0.002597
667,0.429985,-3.374782,8.988029,36.803688,-1.932352,-19.686575,-20.945610,-1.678822,-0.013737,0.983235,-0.181751,-0.014384,-0.002781
668,0.281485,-3.131224,9.142384,35.280823,-1.470439,-18.569822,-19.710651,-1.958478,-0.592650,0.985071,-0.171221,-0.015953,-0.008020
669,0.070061,-2.819337,9.338216,33.863773,-0.401659,-16.682096,-18.518156,-2.173809,-1.138500,0.986714,-0.161048,-0.017123,-0.012856
670,0.191590,-2.531442,9.570873,32.033886,0.514953,-14.188472,-17.373285,-2.319573,-1.629769,0.988183,-0.151269,-0.017859,-0.017113
671,0.157499,-2.269728,9.729070,32.288967,0.754017,-12.184739,-16.250650,-2.416017,-2.058174,0.989528,-0.141659,-0.018329,-0.020755
672,0.216243,-2.181456,9.810545,32.437241,1.051118,-8.797003,-15.124172,-2.470628,-2.404463,0.990795,-0.131989,-0.018606,-0.023631
673,0.265874,-2.040596,9.796657,34.115646,0.916196,-5.506988,-13.975285,-2.489653,-2.644803,0.992013,-0.122092,-0.018751,-0.025544
674,0.575197,-1.825128,9.806949,35.517742,0.577522,-3.796525,-12.779773,-2.500449,-2.802728,0.993195,-0.111764,-0.018956,-0.026726
675,0.469872,-1.637355,9.751458,36.925896,-0.368945,-1.297278,-11.541039,-2.519068,-2.887810,0.994321,-0.101039,-0.019330,-0.027274
676,0.563137,-1.422094,9.739513,36.922485,-0.546328,1.516329,-10.283689,-2.537179,-2.882550,0.995367,-0.090126,-0.019790,-0.027029
677,0.572782,-1.068410,9.729705,39.270844,-1.212252,1.445881,-8.986177,-2.564095,-2.830414,0.996330,-0.078846,-0.020364,-0.026368
678,0.756578,-0.847340,9.735658,39.292484,-1.489524,-0.211603,-7.644809,-2.616833,-2.805156,0.997179,-0.067184,-0.021145,-0.025938
679,0.626782,-0.638580,9.702931,38.889862,-2.484094,-1.342641,-6.308339,-2.698097,-2.824577,0.997873,-0.055570,-0.022145,-0.025897
680,0.571060,-0.413608,9.790930,38.163692,-2.930357,-2.511738,-4.989340,-2.801435,-2.881272,0.998411,-0.044114,-0.023320,-0.026174
681,0.494672,-0.224266,9.764640,36.585979,-3.316711,-2.907135,-3.708114,-2.915270,-2.965081,0.998797,-0.032990,-0.024579,-0.026673
682,0.399778,-0.038893,9.771162,33.688164,-3.044892,-1.869643,-2.503417,-3.023519,-3.040355,0.999046,-0.022529,-0.025787,-0.027090
683,0.262574,0.151859,9.797390,31.644760,-2.558787,-0.009646,-1.384518,-3.109267,-3.069894,0.999191,-0.012800,-0.026795,-0.027103
684,0.283034,0.289239,9.798525,28.458261,-1.631324,1.873245,-0.357702,-3.166221,-3.038989,0.999260,-0.003852,-0.027534,-0.026593
686,0.273123,0.394676,9.740861,24.062937,-0.755713,4.001799,0.536133,-3.193450,-2.942150,0.999275,0.003960,-0.027975,-0.025532
687,0.264633,0.395607,9.798184,20.387308,0.255785,6.015914,1.286199,-3.190900,-2.775980,0.999264,0.010542,-0.028104,-0.023899
688,0.289552,0.461861,9.852105,18.008183,0.881201,7.256398,1.927032,-3.164851,-2.554627,0.999239,0.016190,-0.027979,-0.021816
689,0.410531,0.544362,9.835550,15.747859,1.075944,7.665260,2.486878,-3.132204,-2.305016,0.999201,0.021138,-0.027755,-0.019509
690,0.417140,0.632962,9.822088,14.712770,0.907181,7.471388,2.990898,-3.105005,-2.051585,0.999145,0.025599,-0.027546,-0.017183
691,0.460247,0.684548,9.841909,14.057531,0.655874,6.554235,3.466804,-3.087405,-1.816838,0.999067,0.029807,-0.027403,-0.015026
692,0.517220,0.786233,9.831137,13.298343,0.242664,5.379133,3.934516,-3.082092,-1.618291,0.998963,0.033933,-0.027359,-0.013185
693,0.567603,0.844153,9.770339,11.528723,-0.235206,4.660252,4.374427,-3.096554,-1.453037,0.998839,0.037805,-0.027481,-0.011635
694,0.511362,0.878007,9.822984,9.454823,-0.769462,4.882891,4.744534,-3.127591,-1.297158,0.998720,0.041065,-0.027733,-0.010176
695,0.547682,0.899738,9.886615,7.059569,-1.175204,5.015528,5.030685,-3.172270,-1.136349,0.998617,0.043594,-0.028087,-0.008688
696,0.553198,0.963822,9.915848,5.337773,-1.132535,4.748443,5.238195,-3.225634,-0.977981,0.998534,0.045436,-0.028505,-0.007236
697,0.509768,1.055479,9.809165,3.552631,-0.964252,4.923787,5.394670,-3.270913,-0.821412,0.998469,0.046835,-0.028845,-0.005814
698,0.442083,1.008060,9.904932,0.797478,-0.564344,5.204278,5.479678,-3.295658,-0.656733,0.998435,0.047616,-0.028997,-0.004348
699,0.405053,1.005731,9.872332,0.141057,-0.129716,5.643408,5.497601,-3.296315,-0.478275,0.998433,0.047817,-0.028929,-0.002788
700,0.431174,0.999062,9.811606,0.013966,0.610205,6.441125,5.499535,-3.278448,-0.277317,0.998440,0.047885,-0.028689,-0.001044
701,0.495334,1.003795,9.847585,-0.039908,1.199682,7.377790,5.496493,-3.250376,-0.045405,0.998449,0.047917,-0.028347,0.000964
702,0.562713,0.969647,9.940951,-0.342910,1.412512,7.276971,5.482718,-3.223079,0.201902,0.998457,0.047858,-0.028006,0.003104
703,0.626837,1.046806,9.881082,1.330565,1.379863,6.253073,5.496972,-3.204332,0.430579,0.998447,0.048038,-0.027747,0.005092
704,0.702652,1.126935,9.881908,1.809267,1.223699,4.219065,5.565554,-3.198402,0.607284,0.998411,0.048678,-0.027617,0.006646
705,0.689706,1.187258,9.889486,2.196074,0.590817,2.012621,5.664476,-3.205165,0.711607,0.998360,0.049565,-0.027625,0.007582
706,0.714789,1.243086,9.882461,3.117778,-0.150517,0.012147,5.797482,-3.228985,0.743329,0.998294,0.050732,-0.027810,0.007901
707,0.682447,1.291354,9.866337,4.774081,-0.771194,-1.573317,5.983255,-3.268217,0.712795,0.998202,0.052345,-0.028153,0.007698
708,0.663360,1.347063,9.829227,5.326138,-1.022033,-2.217370,6.213335,-3.312138,0.643324,0.998089,0.054334,-0.028553,0.007170
709,0.645531,1.345614,9.871083,5.574354,-1.012968,-2.208365,6.455623,-3.353623,0.562848,0.997966,0.056425,-0.028938,0.006549
710,0.597928,1.401873,9.841047,6.186986,-0.855112,-2.182644,6.709467,-3.384257,0.483297,0.997835,0.058616,-0.029231,0.005936
711,0.521777,1.348942,9.751341,5.756779,-0.567840,-2.320302,6.960078,-3.394531,0.403058,0.997706,0.060778,-0.029350,0.005307
712,0.535003,1.298372,9.739649,4.212481,-0.081579,-2.538808,7.161065,-3.384862,0.319472,0.997604,0.062506,-0.029302,0.004626
713,0.553691,1.250417,9.754680,2.202602,0.103776,-3.465211,7.286781,-3.364588,0.219324,0.997543,0.063575,-0.029176,0.003775
714,0.508802,1.258896,9.741554,1.734508,0.130643,-4.622003,7.363868,-3.334189,0.085699,0.997512,0.064212,-0.028984,0.002614
715,0.505189,1.148740,9.776812,-0.392779,0.436654,-6.828588,7.395629,-3.292003,-0.102570,0.997508,0.064442,-0.028722,0.000960
716,0.556781,1.235699,9.839603,-1.281241,1.060955,-10.814308,7.380407,-3.227498,-0.391223,0.997531,0.064240,-0.028323,-0.001593
717,0.498158,1.373878,9.922811,-4.166656,0.769693,-14.058457,7.313371,-3.142322,-0.799154,0.997577,0.063562,-0.027807,-0.005208
718,0.397426,1.333143,9.864079,-7.816301,0.912112,-14.435447,7.142658,-3.049674,-1.267657,0.997662,0.061971,-0.027246,-0.009379
719,0.308473,1.310352,9.691164,-12.666827,1.775125,-15.221428,6.830564,-2.936475,-1.753736,0.997803,0.059155,-0.026486,-0.013745
720,0.276215,1.318302,9.752257,-17.244011,2.623073,-14.632582,6.362305,-2.795947,-2.240572,0.997998,0.054990,-0.025439,-0.018162
721,0.201306,1.175742,9.775331,-20.688980,2.490011,-11.542752,5.755988,-2.653047,-2.666267,0.998228,0.049644,-0.024283,-0.022068
722,0.177982,1.140597,9.755831,-18.341522,2.439468,-7.306953,5.125168,-2.528237,-2.971992,0.998447,0.044113,-0.023191,-0.024914
723,0.209767,1.355615,9.845439,-9.419454,1.697552,-2.347880,4.684289,-2.433723,-3.127354,0.998591,0.040263,-0.022326,-0.026391
724,0.415837,1.462120,10.036551,5.044368,-0.338989,6.412293,4.634741,-2.410893,-3.059093,0.998628,0.039850,-0.022092,-0.025814
725,0.453794,1.245661,9.898927,22.129656,-3.265770,15.125222,5.098063,-2.501782,-2.707275,0.998517,0.043936,-0.022853,-0.022624
726,0.333361,1.135740,9.853015,30.076818,-4.199484,19.100172,5.959673,-2.679116,-2.151653,0.998222,0.051523,-0.024318,-0.017530
727,0.373898,1.190132,9.848081,31.426741,-3.999138,19.701300,6.964208,-2.883134,-1.524187,0.997770,0.060378,-0.025916,-0.011744
728,0.387584,1.113401,9.855618,27.486971,-3.302834,17.424557,7.916597,-3.079061,-0.925685,0.997237,0.068787,-0.027359,-0.006201
729,0.339851,1.081524,9.786862,17.888016,-1.889100,11.624465,8.638201,-3.227074,-0.457829,0.996765,0.075169,-0.028378,-0.001862
730,0.303131,1.424146,9.820463,6.577026,0.135346,5.325334,9.021986,-3.288547,-0.182213,0.996494,0.078572,-0.028730,0.000672
731,0.423967,1.592366,9.813226,2.377599,0.632230,3.549013,9.161949,-3.289557,-0.033844,0.996395,0.079827,-0.028635,0.001998
732,0.409083,1.517649,9.753240,2.195964,0.764185,3.542797,9.230763,-3.278102,0.086787,0.996347,0.080455,-0.028449,0.003056
733,0.449856,1.491364,9.693188,1.944776,0.877035,3.081784,9.283914,-3.254186,0.200891,0.996312,0.080946,-0.028159,0.004045
734,0.413386,1.498315,9.705283,1.349542,0.990902,2.799181,9.316533,-3.214379,0.303768,0.996295,0.081254,-0.027739,0.004919
735,0.465407,1.511039,9.735479,0.896203,1.142684,3.113250,9.331511,-3.172698,0.407879,0.996290,0.081409,-0.027302,0.005798
736,0.505532,1.594579,9.756136,0.518396,1.378926,3.346562,9.339801,-3.136108,0.521615,0.996287,0.081508,-0.026903,0.006763
737,0.540135,1.617045,9.779125,-0.325438,1.473965,3.659306,9.336324,-3.103766,0.644730,0.996289,0.081505,-0.026534,0.007810
738,0.551114,1.629299,9.787369,-0.755477,1.368577,3.882092,9.313934,-3.078351,0.776477,0.996301,0.081340,-0.026221,0.008932
739,0.539196,1.618061,9.827909,-0.508028,0.971677,3.755453,9.288302,-3.062026,0.908454,0.996312,0.081147,-0.025988,0.010062
740,0.527462,1.621589,9.831906,0.064383,0.390317,3.444151,9.276257,-3.058784,1.030611,0.996311,0.081069,-0.025874,0.011119
741,0.511400,1.643187,9.818670,0.396008,-0.216758,2.739107,9.283484,-3.070052,1.132661,0.996292,0.081156,-0.025899,0.012016
742,0.497102,1.642006,9.822149,0.704963,-0.516828,2.061469,9.304880,-3.089538,1.209374,0.996264,0.081361,-0.026012,0.012701
743,0.419831,1.633003,9.810766,1.074823,-0.606934,1.818578,9.337130,-3.103752,1.269932,0.996231,0.081656,-0.026089,0.013245
744,0.414115,1.601954,9.779525,1.516001,-0.723683,2.127958,9.378834,-3.113277,1.331230,0.996192,0.082033,-0.026123,0.013794
745,0.402726,1.571683,9.741792,2.183943,-1.020316,2.881384,9.432123,-3.130814,1.409208,0.996140,0.082516,-0.026213,0.014497
746,0.412940,1.569379,9.733788,2.607340,-1.179576,4.239089,9.497746,-3.161351,1.520875,0.996070,0.083115,-0.026389,0.015505
747,0.442827,1.587153,9.764415,3.808874,-1.365068,5.616684,9.587080,-3.208224,1.676599,0.995971,0.083932,-0.026670,0.016913
748,0.538358,1.644689,9.843739,5.277729,-1.727052,6.425260,9.721673,-3.280713,1.866484,0.995824,0.085154,-0.027139,0.018648
749,0.584470,1.721525,9.837527,6.300270,-1.714761,6.876910,9.904205,-3.374172,2.075426,0.995626,0.086803,-0.027764,0.020576
750,0.576437,1.772289,9.829189,6.096663,-1.354647,7.240030,10.106193,-3.465400,2.298123,0.995404,0.088625,-0.028348,0.022629
751,0.600460,1.731800,9.781158,5.228827,-1.351473,7.017199,10.285299,-3.550557,2.524185,0.995194,0.090251,-0.028874,0.024703
752,0.610853,1.653295,9.709107,2.963213,-1.313300,6.364170,10.397102,-3.634143,2.736743,0.995034,0.091290,-0.029406,0.026642
753,0.659455,1.549754,9.664439,1.920891,-1.199181,5.863929,10.434312,-3.715802,2.932028,0.994933,0.091679,-0.029951,0.028412
754,0.728540,1.637266,9.505462,2.083985,-1.327148,4.320145,10.458134,-3.801715,3.093736,0.994846,0.091946,-0.030561,0.029889
755,0.845066,1.701378,9.602503,-1.689880,-1.426136,2.138716,10.440276,-3.895626,3.192659,0.994805,0.091838,-0.031302,0.030817
756,0.846119,1.686280,9.773189,-3.019193,-1.650867,1.031656,10.341160,-3.991101,3.236734,0.994841,0.091010,-0.032123,0.031247
757,0.796912,1.789348,9.818689,-2.927197,-2.495008,0.073786,10.230745,-4.081104,3.243335,0.994897,0.090073,-0.032929,0.031343
