seq,ax,ay,az,wroll,wpitch,wyaw,roll,pitch,yaw,q0,q1,q2,q3
60,0.254314,-2.315526,9.470533,-7.398030,6.557999,-6.632102,-13.739161,-1.494210,0.365285,0.992737,-0.119558,-0.013327,0.001605
61,-0.424076,-2.447859,9.085090,-15.791289,7.788343,-9.225675,-14.179387,-1.356398,0.162454,0.992286,-0.123398,-0.011921,-0.000054
62,-0.570100,-2.795593,9.154468,-21.243961,8.444183,-8.173196,-14.814946,-1.111666,-0.185841,0.991604,-0.128934,-0.009411,-0.002859
63,-0.726386,-2.996271,9.413952,-22.330181,8.442936,-5.783804,-15.571276,-0.838309,-0.484151,0.990742,-0.135493,-0.006676,-0.005177
64,-0.660456,-3.298846,9.402598,-22.229710,8.615567,-1.549534,-16.352745,-0.536673,-0.679993,0.989803,-0.142244,-0.003792,-0.006540
65,-0.431056,-3.514937,8.837650,-21.727638,7.596911,3.114805,-17.141785,-0.222215,-0.732882,0.988808,-0.149042,-0.000964,-0.006613
66,-0.193124,-3.813147,8.712279,-22.121124,6.218099,6.532032,-17.946539,0.073697,-0.648999,0.987746,-0.155968,0.001519,-0.005494
68,-0.106683,-4.032370,8.308990,-20.050013,3.513572,7.341074,-18.738834,0.312517,-0.480763,0.986649,-0.162786,0.003374,-0.003695
69,0.063429,-4.261569,7.813489,-19.329487,1.728191,5.906650,-19.504807,0.466463,-0.301342,0.985539,-0.169378,0.004457,-0.001902
70,0.335749,-4.597709,7.949236,-19.299961,2.231754,3.037303,-20.274405,0.558841,-0.184442,0.984378,-0.175996,0.005084,-0.000726
71,0.276501,-4.785312,8.097419,-18.098736,2.725461,-0.604454,-21.027090,0.620695,-0.176456,0.983198,-0.182457,0.005607,-0.000526
72,0.074292,-4.887943,7.883592,-15.866101,3.039819,-2.736852,-21.725082,0.669419,-0.264414,0.982065,-0.188436,0.006172,-0.001165
73,-0.124989,-5.044184,8.462487,-13.692373,3.665021,-3.640482,-22.342802,0.726965,-0.406133,0.981030,-0.193718,0.006910,-0.002248
74,-0.220323,-5.379333,8.494798,-7.724815,3.235034,-3.300193,-22.820393,0.792574,-0.558540,0.980208,-0.197792,0.007744,-0.003409
75,-0.437930,-5.484023,8.278287,-2.269484,0.894122,-2.393389,-23.139357,0.836840,-0.674848,0.979647,-0.200509,0.008335,-0.004305
76,-0.443595,-5.751525,8.353278,2.400833,-0.317071,-0.477736,-23.297243,0.851872,-0.725010,0.979367,-0.201853,0.008558,-0.004695
77,-0.416345,-5.859216,8.373546,7.417301,-0.704652,1.669713,-23.276484,0.863967,-0.702164,0.979404,-0.201677,0.008620,-0.004480
78,-0.360744,-5.910119,8.212839,10.095533,-1.284721,2.645147,-23.133106,0.878680,-0.625208,0.979657,-0.200456,0.008606,-0.003808
79,-0.399155,-5.720330,8.247488,10.336898,-1.706130,3.347421,-22.940121,0.888238,-0.515995,0.979996,-0.198814,0.008492,-0.002871
80,-0.309631,-5.718213,8.289597,10.400122,-1.618020,4.090836,-22.736752,0.899733,-0.382393,0.980350,-0.197083,0.008355,-0.001724
81,-0.200235,-5.446212,8.309625,10.347700,-2.217056,3.543087,-22.548101,0.897559,-0.242802,0.980674,-0.195479,0.008096,-0.000547
82,-0.150788,-5.300577,8.415019,9.205148,-2.589144,2.351212,-22.387516,0.863208,-0.123992,0.980950,-0.194114,0.007600,0.000401
83,-0.032043,-5.140632,8.479583,8.541303,-2.011168,0.341220,-22.244200,0.803619,-0.055713,0.981195,-0.192892,0.006975,0.000876
84,0.061825,-5.091972,8.643490,8.110319,-1.076833,-2.973701,-22.108917,0.724250,-0.079010,0.981426,-0.191734,0.006335,0.000535
85,0.076729,-4.917746,8.670225,7.635709,-0.637040,-6.856279,-21.963200,0.619460,-0.221753,0.981674,-0.190480,0.005675,-0.000870
86,0.254120,-4.900817,9.081546,5.910614,0.223663,-7.273529,-21.825863,0.505318,-0.438760,0.981903,-0.189297,0.005055,-0.002925
87,0.244488,-4.590360,8.695401,6.502595,0.797126,-9.073388,-21.698320,0.395379,-0.698917,0.982106,-0.188199,0.004537,-0.005341
88,0.021929,-4.447396,8.829848,5.181737,1.143917,-9.127291,-21.574245,0.298305,-0.993415,0.982293,-0.187131,0.004180,-0.008029
89,-0.077679,-4.302599,8.973752,5.227560,0.161059,-6.745416,-21.458595,0.219171,-1.247861,0.982462,-0.186137,0.003906,-0.010343
90,-0.108561,-4.156518,9.079616,5.659864,0.423845,-5.321619,-21.329142,0.159217,-1.438905,0.982652,-0.185027,0.003689,-0.012082
91,-0.295000,-4.014651,8.734519,6.345256,-0.102877,-5.774346,-21.183561,0.113863,-1.613354,0.982866,-0.183778,0.003564,-0.013656
92,-0.382722,-4.088427,9.199444,4.992716,-0.398474,-3.736483,-21.040108,0.075193,-1.758265,0.983077,-0.182548,0.003446,-0.014965
93,-0.112597,-4.025194,9.012960,5.814838,-1.091446,-1.675978,-20.902603,0.037449,-1.833627,0.983285,-0.181371,0.003224,-0.015676
94,-0.087001,-3.960194,8.832158,4.982080,-0.512462,-1.330871,-20.774906,0.003462,-1.870979,0.983480,-0.180279,0.002973,-0.016054
95,-0.184389,-3.699396,8.897626,3.490938,-1.349216,0.343441,-20.675753,-0.018298,-1.875393,0.983634,-0.179431,0.002780,-0.016128
96,-0.196505,-3.732626,8.837835,2.836687,-1.251659,2.007237,-20.603807,-0.026004,-1.823417,0.983754,-0.178816,0.002622,-0.015696
97,-0.124196,-3.764146,8.910438,2.296551,-1.578515,2.938513,-20.555929,-0.024901,-1.729637,0.983841,-0.178407,0.002479,-0.014890
98,-0.195059,-3.826101,9.033775,1.908888,-1.664291,3.076298,-20.525007,-0.024286,-1.616772,0.983903,-0.178143,0.002305,-0.013921
99,-0.068048,-3.801754,9.107119,1.309233,-1.644992,2.736389,-20.509171,-0.028791,-1.506686,0.983941,-0.178010,0.002093,-0.012983
100,0.156818,-4.070271,9.054225,1.024577,-1.250063,1.811573,-20.518887,-0.051223,-1.418759,0.983935,-0.178098,0.001765,-0.012262
101,0.092950,-4.029647,9.131057,0.652172,-0.846543,-0.328089,-20.549204,-0.086589,-1.383303,0.983891,-0.178362,0.001410,-0.012012
102,-0.043480,-3.974559,9.008311,0.354829,-0.004323,-1.721288,-20.586950,-0.113052,-1.410232,0.983828,-0.178688,0.001228,-0.012284
103,0.235428,-3.967509,9.072281,-0.261259,1.286040,-0.764738,-20.637703,-0.115220,-1.456439,0.983744,-0.179124,0.001287,-0.012684
104,-0.035420,-4.065157,9.012043,-0.370993,1.949234,-1.170844,-20.703747,-0.083900,-1.505528,0.983636,-0.179687,0.001641,-0.013056
105,-0.318767,-3.884574,8.947314,-0.474446,2.010161,-0.421071,-20.771141,-0.012617,-1.553622,0.983526,-0.180256,0.002336,-0.013355
106,-0.305770,-3.749453,9.046770,-0.547640,1.769880,0.727314,-20.825714,0.079388,-1.571211,0.983440,-0.180713,0.003159,-0.013360
107,-0.190777,-3.758843,9.087921,0.167289,1.063617,1.701523,-20.860214,0.161526,-1.550216,0.983389,-0.181000,0.003835,-0.013049
108,-0.603770,-3.734655,9.014215,0.630506,0.236262,0.530655,-20.874208,0.231763,-1.523234,0.983370,-0.181113,0.004397,-0.012706
109,-0.372402,-3.613920,9.156590,1.350733,-0.341804,0.975956,-20.860279,0.283329,-1.499204,0.983395,-0.180989,0.004800,-0.012419
110,-0.318479,-3.663565,9.267702,3.152054,-0.393283,1.834257,-20.794939,0.314318,-1.451091,0.983503,-0.180426,0.004983,-0.011960
111,-0.232880,-3.711936,9.273104,5.647604,-1.020762,3.638354,-20.658556,0.340605,-1.357464,0.983727,-0.179257,0.005048,-0.011121
112,-0.214157,-3.694942,9.356791,7.605936,-1.398302,4.519144,-20.448742,0.362466,-1.216028,0.984066,-0.177459,0.004996,-0.009882
113,-0.000878,-3.919359,9.469997,9.185332,-2.164069,4.874769,-20.186102,0.364403,-1.048668,0.984483,-0.175210,0.004734,-0.008452
114,-0.066359,-4.174942,9.447595,10.915941,-3.619961,4.958616,-19.885508,0.327780,-0.861889,0.984953,-0.172637,0.004116,-0.006914
115,0.077403,-4.352664,9.436278,12.274331,-5.318659,3.872006,-19.551365,0.232515,-0.673387,0.985463,-0.169776,0.002997,-0.005447
116,0.162327,-4.400432,9.480588,13.012353,-5.890229,1.202823,-19.193394,0.072598,-0.531955,0.985995,-0.166707,0.001399,-0.004472
117,0.187497,-4.595693,9.617548,13.874767,-5.766137,-2.800058,-18.818291,-0.133571,-0.494098,0.986535,-0.163487,-0.000445,-0.004444
118,0.082304,-4.392855,9.315598,16.937029,-5.168638,-8.356179,-18.383980,-0.374489,-0.612200,0.987137,-0.159757,-0.002373,-0.005796
119,0.143199,-4.062345,9.059984,17.797668,-3.463032,-14.229565,-17.878489,-0.633357,-0.924906,0.987800,-0.155424,-0.004206,-0.008832
120,-0.086182,-3.825350,8.586998,16.297850,-0.345248,-18.288370,-17.378138,-0.853789,-1.421582,0.988405,-0.151148,-0.005491,-0.013388
121,-0.252390,-3.753850,8.766979,12.174948,3.260642,-18.028358,-16.968822,-0.964320,-2.013226,0.988847,-0.147659,-0.005730,-0.018616
122,-0.189700,-3.316835,8.694675,9.081627,4.669670,-15.107001,-16.665785,-0.969692,-2.579115,0.989129,-0.145071,-0.005109,-0.023493
123,-0.231431,-2.997944,8.929601,5.315795,5.318805,-9.439016,-16.455009,-0.898621,-3.018052,0.989304,-0.143254,-0.003990,-0.027184
124,-0.108630,-2.886385,9.257648,4.668809,5.418579,-3.926719,-16.303881,-0.762083,-3.281908,0.989441,-0.141926,-0.002520,-0.029289
125,0.128299,-2.701511,9.707615,6.937663,4.375845,0.366009,-16.111771,-0.608809,-3.384379,0.989664,-0.140231,-0.001120,-0.029982
126,0.103808,-2.496924,9.384953,11.237378,0.857079,1.760695,-15.794193,-0.514956,-3.374398,0.990059,-0.137464,-0.000404,-0.029781
127,0.157659,-2.550595,9.283386,14.381809,-1.583079,3.230093,-15.355168,-0.506905,-3.291061,0.990600,-0.133668,-0.000546,-0.029049
128,0.265296,-2.546809,9.348594,15.744735,-3.367601,3.919611,-14.850939,-0.564746,-3.154535,0.991209,-0.129320,-0.001328,-0.027931
129,0.127015,-2.456866,9.459027,15.952462,-4.562999,6.438748,-14.322270,-0.656911,-2.954225,0.991835,-0.124763,-0.002473,-0.026291
130,-0.069090,-2.321939,9.536012,16.425962,-5.592570,8.501902,-13.780311,-0.755041,-2.671599,0.992468,-0.120084,-0.003743,-0.023933
131,-0.209809,-2.218036,9.652392,17.082850,-5.258447,11.682286,-13.217728,-0.833362,-2.302213,0.993111,-0.115210,-0.004911,-0.020792
132,-0.203288,-2.202789,9.718993,16.679123,-5.006263,14.037245,-12.653775,-0.879223,-1.846033,0.993738,-0.110306,-0.005850,-0.016856
133,-0.223724,-2.397007,9.474696,14.963434,-5.500149,15.024997,-12.141253,-0.919948,-1.335005,0.994283,-0.105837,-0.006750,-0.012433
134,-0.217268,-2.681708,9.147832,10.768849,-6.019870,13.699485,-11.756686,-0.980963,-0.826037,0.994673,-0.102472,-0.007777,-0.008047
135,0.107294,-2.839080,9.122516,4.144530,-6.155971,12.147964,-11.577207,-1.076458,-0.361873,0.994849,-0.100883,-0.009027,-0.004089
136,0.292705,-3.022906,9.241630,-3.404139,-5.870802,8.510233,-11.647700,-1.205287,0.017228,0.994784,-0.101463,-0.010479,-0.000918
137,-0.065031,-3.079323,9.292027,-10.333856,-6.010763,6.073553,-11.965378,-1.343382,0.297433,0.994485,-0.104190,-0.011930,0.001359
138,-0.272085,-2.834373,9.320957,-14.864029,-5.219676,6.844734,-12.464047,-1.452340,0.549031,0.994006,-0.108485,-0.013119,0.003387
139,0.190823,-2.799311,9.562085,-17.576941,-3.437335,8.763269,-13.067030,-1.514959,0.835849,0.993403,-0.113676,-0.013964,0.005742
140,0.287962,-2.618141,9.726827,-18.530514,-2.472854,7.057382,-13.712791,-1.548298,1.116228,0.992726,-0.119234,-0.014577,0.008057
141,0.092421,-2.446610,9.675641,-17.152315,-3.322369,4.492440,-14.328708,-1.589681,1.326866,0.992051,-0.124536,-0.015207,0.009757
142,0.440792,-2.318871,9.648406,-13.866829,-1.930692,3.032128,-14.847641,-1.642351,1.470154,0.991458,-0.129002,-0.015868,0.010869
143,0.708758,-2.523415,9.859322,-9.817897,0.202490,-0.049152,-15.235837,-1.677830,1.525552,0.991006,-0.132347,-0.016275,0.011253
144,0.266588,-2.288458,9.833037,-5.191507,0.460855,-4.363257,-15.467420,-1.700161,1.451336,0.990741,-0.134357,-0.016404,0.010552
145,-0.065299,-2.590343,9.775060,-0.917536,0.605380,-2.537992,-15.548563,-1.699731,1.335172,0.990656,-0.135076,-0.016271,0.009537
146,0.207357,-2.823487,9.740664,2.715696,2.576600,1.602190,-15.517701,-1.636555,1.305923,0.990702,-0.134820,-0.015688,0.009363
147,0.184536,-2.888801,9.749802,4.858820,2.671744,3.782910,-15.403239,-1.521277,1.369442,0.990843,-0.133836,-0.014756,0.010063
148,0.045110,-2.916476,9.582249,5.481669,0.743861,4.584302,-15.249677,-1.417888,1.489391,0.991020,-0.132505,-0.013987,0.011240
149,0.162190,-2.952685,9.339717,5.432075,-0.212000,6.876547,-15.100850,-1.347529,1.672258,0.991178,-0.131205,-0.013573,0.012920
150,0.296477,-2.774984,9.201594,4.173590,-0.343215,7.451892,-14.979270,-1.294061,1.906163,0.991293,-0.130134,-0.013363,0.015019
151,0.198912,-2.604042,9.114110,1.379544,-1.193392,5.759616,-14.911672,-1.264924,2.126021,0.991341,-0.129529,-0.013350,0.016962
152,0.162028,-2.603725,9.042826,0.063139,-1.379381,5.356842,-14.905057,-1.256352,2.316432,0.991319,-0.129451,-0.013490,0.018620
153,0.071059,-2.393753,9.112144,-0.091463,-0.893607,6.493809,-14.915923,-1.235229,2.517219,0.991274,-0.129525,-0.013536,0.020379
154,-0.012809,-2.651334,9.171835,0.663360,-1.072637,8.650228,-14.918101,-1.188579,2.769742,0.991228,-0.129524,-0.013419,0.022616
155,-0.167738,-2.782547,9.273324,1.844159,-1.810683,9.786095,-14.904977,-1.129586,3.079568,0.991181,-0.129388,-0.013256,0.025365
156,-0.111619,-2.765888,9.238274,4.463630,-2.600379,12.747034,-14.833075,-1.074920,3.462028,0.991174,-0.128736,-0.013197,0.028743
157,-0.065824,-3.008454,9.174839,3.740852,-3.412136,14.157454,-14.736588,-1.037098,3.921885,0.991161,-0.127859,-0.013358,0.032774
158,0.024816,-3.015051,9.368098,2.504695,-3.397279,14.601857,-14.681460,-1.010394,4.415147,0.991073,-0.127333,-0.013660,0.037077
159,0.063998,-2.509924,9.432943,1.485242,-3.240905,11.126022,-14.643493,-0.999309,4.858427,0.990964,-0.126955,-0.014043,0.040928
160,0.156720,-2.735899,9.485402,-0.682645,-3.298530,7.170937,-14.649248,-1.022952,5.181311,0.990838,-0.126955,-0.014607,0.043693
161,0.331700,-2.730363,9.499530,-0.913421,-2.261432,1.399783,-14.702454,-1.083087,5.343423,0.990715,-0.127370,-0.015328,0.045020
162,0.259642,-2.379744,9.693944,0.344999,-0.171693,-5.424352,-14.716760,-1.149357,5.288935,0.990718,-0.127473,-0.015846,0.044473
163,0.157158,-2.524223,9.548542,1.033600,0.769723,-10.801742,-14.683267,-1.209382,5.024662,0.990852,-0.127197,-0.016058,0.042125
164,0.125663,-2.926042,9.592047,0.798947,2.311254,-13.412483,-14.658884,-1.257372,4.621467,0.991019,-0.127024,-0.016017,0.038588
165,0.131979,-2.324493,9.638116,1.903128,4.226764,-13.618348,-14.611087,-1.259646,4.158090,0.991220,-0.126674,-0.015509,0.034585
166,-0.081326,-2.551898,9.571632,0.539341,4.459783,-12.766608,-14.555572,-1.216279,3.695854,0.991415,-0.126268,-0.014608,0.030641
167,-0.048176,-2.818788,9.323537,-0.044853,3.930315,-11.049508,-14.554808,-1.160571,3.276778,0.991525,-0.126328,-0.013664,0.027077
168,0.038751,-2.616139,9.306085,-1.204736,3.424875,-8.874725,-14.589988,-1.110338,2.924917,0.991567,-0.126685,-0.012848,0.024084
169,0.058139,-2.495941,9.417862,-3.955154,2.978597,-5.877581,-14.679729,-1.058604,2.660174,0.991524,-0.127502,-0.012125,0.021841
171,0.039985,-2.677059,9.125978,-4.654988,2.416293,-4.571171,-14.831816,-1.006167,2.469036,0.991391,-0.128848,-0.011486,0.020231
172,0.240617,-2.686511,9.360041,-5.964132,2.370706,-2.035006,-15.024448,-0.954923,2.342376,0.991198,-0.130537,-0.010932,0.019174
173,0.050957,-2.638951,9.407341,-6.543372,1.362184,-0.768441,-15.243345,-0.905568,2.281223,0.990959,-0.132445,-0.010471,0.018682
174,0.299758,-2.812101,9.261390,-7.289169,1.426166,-0.170289,-15.487789,-0.866256,2.254031,0.990680,-0.134568,-0.010139,0.018471
175,0.184104,-2.840456,8.878570,-5.876585,1.367626,-1.134795,-15.731085,-0.834365,2.220953,0.990399,-0.136680,-0.009863,0.018201
176,0.349687,-3.096206,8.663820,-9.187881,0.046914,-1.408110,-16.020100,-0.833323,2.174338,0.990058,-0.139181,-0.009844,0.017775
177,0.373715,-2.989997,7.981483,-11.111713,0.051546,-4.022375,-16.409849,-0.875930,2.087801,0.989591,-0.142548,-0.010164,0.016941
178,0.471197,-3.285895,7.398420,-17.033730,1.824184,-2.530512,-16.952248,-0.903151,1.975499,0.988920,-0.147236,-0.010335,0.015888
179,0.184089,-3.483863,7.231236,-21.578424,1.676277,-4.364964,-17.695278,-0.899773,1.850332,0.987961,-0.153657,-0.010241,0.014746
180,0.096461,-3.325311,7.378940,-33.445553,1.428940,-4.010863,-18.705494,-0.895452,1.703099,0.986586,-0.162375,-0.010125,0.013394
181,-0.003368,-3.559415,7.714961,-41.488907,1.099842,-3.403273,-20.030975,-0.889769,1.573684,0.984657,-0.173788,-0.010034,0.012173
182,-0.152537,-3.700151,8.158442,-48.253963,1.664189,-0.913946,-21.590221,-0.855046,1.490728,0.982211,-0.187181,-0.009765,0.011381
183,0.051777,-3.588596,8.631607,-50.788139,0.507122,-1.627623,-23.273205,-0.823033,1.437944,0.979362,-0.201594,-0.009565,0.010841
184,0.179169,-3.701151,8.969177,-54.876163,1.480804,-3.325924,-25.033409,-0.824676,1.348730,0.976158,-0.216621,-0.009576,0.009930
185,-0.053682,-4.138540,8.952235,-50.656445,2.624132,-3.180775,-26.783308,-0.804667,1.221160,0.972748,-0.231515,-0.009299,0.008740
186,0.147671,-4.364970,8.704687,-47.088638,4.226841,-1.112922,-28.408119,-0.729857,1.104730,0.969378,-0.245300,-0.008540,0.007783
187,0.275473,-4.781917,8.559760,-42.912498,4.302721,-2.756563,-29.910284,-0.643147,0.979553,0.966090,-0.258003,-0.007628,0.006810
188,-0.234841,-5.125877,8.616254,-39.415886,4.600745,-1.173885,-31.290916,-0.541680,0.847737,0.962921,-0.269640,-0.006547,0.005849
189,-0.208266,-5.580578,8.069269,-30.515747,2.708672,2.432845,-32.482235,-0.403882,0.801167,0.960071,-0.279648,-0.005339,0.005727
190,0.337781,-6.059108,8.062820,-21.847816,2.804899,1.656225,-33.403763,-0.288531,0.808647,0.957791,-0.287367,-0.004440,0.006035
191,0.050672,-5.621935,7.581089,-12.021599,4.328638,-0.868047,-34.015415,-0.191889,0.754056,0.956247,-0.292483,-0.003526,0.005803
192,-0.368996,-5.827843,7.710605,-13.141685,4.970497,-1.448755,-34.473362,-0.070591,0.635121,0.955075,-0.296312,-0.002231,0.005111
193,0.121102,-5.936772,7.466576,-13.940230,4.907118,-5.131854,-34.968845,0.013021,0.451166,0.953791,-0.300445,-0.001075,0.003789
194,-0.170658,-5.834265,7.985469,-20.040426,6.066950,-7.278735,-35.567715,0.045001,0.176616,0.952214,-0.305427,-0.000097,0.001588
195,-0.550529,-5.704921,7.828973,-24.672457,4.721261,-6.950975,-36.323814,0.077483,-0.121156,0.950179,-0.311702,0.000972,-0.000794
196,-0.427414,-6.494495,8.580283,-31.996023,2.512384,-6.749496,-37.276745,0.070845,-0.376760,0.947550,-0.319590,0.001637,-0.002918
197,0.009016,-6.294972,8.322149,-27.964846,1.107844,-5.970661,-38.280006,0.001393,-0.581746,0.944708,-0.327873,0.001676,-0.004792
198,-0.180269,-6.570353,8.590849,-24.959774,0.964734,-4.404801,-39.155361,-0.074649,-0.738415,0.942167,-0.335082,0.001545,-0.006290
199,-0.006355,-6.444311,8.192678,-18.308874,1.337477,-3.234087,-39.864777,-0.119446,-0.861120,0.940066,-0.340909,0.001582,-0.007420
200,0.219254,-6.881127,8.051380,-15.844349,1.089910,-2.791877,-40.431778,-0.159231,-0.963933,0.938359,-0.345557,0.001603,-0.008374
201,0.290922,-6.459501,7.696697,-11.692420,2.215063,-3.409178,-40.891773,-0.200829,-1.078110,0.936954,-0.349322,0.001644,-0.009428
202,0.082055,-6.871243,7.653378,-10.937387,2.630973,-2.106607,-41.272251,-0.211251,-1.200356,0.935778,-0.352430,0.001967,-0.010452
203,0.057806,-6.566432,7.400378,-9.845491,2.031139,-1.989234,-41.626625,-0.200589,-1.302864,0.934674,-0.355319,0.002404,-0.011249
204,0.246638,-6.986848,7.309106,-10.614228,0.541340,-1.180928,-41.982315,-0.212103,-1.370753,0.933559,-0.358218,0.002557,-0.011831
205,0.214267,-6.706927,7.300997,-8.720362,0.813648,-1.843917,-42.321030,-0.243133,-1.423160,0.932489,-0.360978,0.002505,-0.012348
206,0.132513,-7.120097,7.204557,-7.348496,0.831386,-2.644011,-42.606815,-0.282957,-1.496722,0.931576,-0.363305,0.002445,-0.013066
207,0.285094,-6.980035,7.380763,-6.249871,1.181670,-4.854165,-42.852413,-0.354535,-1.611170,0.930777,-0.365305,0.002256,-0.014218
208,0.147853,-7.056454,7.328563,-4.656208,2.069092,-5.539912,-43.044647,-0.444128,-1.774805,0.930134,-0.366873,0.002077,-0.015829
209,0.191484,-6.754963,7.554594,-3.914519,2.503573,-4.865835,-43.184891,-0.513972,-1.953502,0.929652,-0.368016,0.002103,-0.017501
210,0.293810,-6.844831,7.588593,-3.972842,1.240993,-2.885796,-43.300201,-0.568070,-2.090480,0.929255,-0.368956,0.002123,-0.018783
211,0.146939,-6.629084,7.620852,-3.923831,-0.492956,0.861386,-43.410130,-0.590931,-2.123753,0.928893,-0.369849,0.002063,-0.019125
212,0.101758,-6.634747,7.583052,-3.051800,-2.389759,4.973650,-43.499268,-0.560539,-2.020375,0.928625,-0.370570,0.001990,-0.018187
213,0.530134,-6.809792,7.677753,-1.980052,-3.931793,8.902073,-43.559402,-0.492587,-1.780374,0.928472,-0.371053,0.001773,-0.016022
214,0.256157,-6.790236,7.508974,-0.191512,-4.654761,9.756951,-43.577126,-0.402932,-1.456577,0.928463,-0.371192,0.001453,-0.013108
215,0.220403,-6.712811,7.629611,1.237063,-4.972795,11.410425,-43.538960,-0.287379,-1.090511,0.928630,-0.370877,0.001200,-0.009768
216,0.333891,-7.022964,7.602629,2.944568,-6.134887,11.682733,-43.451874,-0.171803,-0.684009,0.928944,-0.370169,0.000817,-0.006100
217,0.347795,-7.200864,7.841409,4.224143,-6.197104,10.595148,-43.322739,-0.086515,-0.273060,0.929378,-0.369121,0.000178,-0.002493
218,0.037213,-7.592546,7.782221,4.802429,-6.339671,9.590467,-43.173187,-0.019556,0.115117,0.929862,-0.367907,-0.000528,0.000871
219,0.052098,-7.735388,8.444984,-3.047075,-7.220257,8.784660,-43.145710,0.022878,0.493105,0.929942,-0.367681,-0.001397,0.004075
220,0.177216,-7.929687,9.137584,-10.470789,-8.941905,7.642890,-43.352947,0.007575,0.877085,0.929257,-0.369355,-0.002766,0.007137
221,-0.101520,-8.073177,9.608243,-12.798124,-8.133314,5.878783,-43.706535,-0.045893,1.236481,0.928088,-0.372205,-0.004388,0.009866
222,-0.060426,-8.242331,10.061628,-14.369034,-4.943850,3.510810,-44.111565,-0.089488,1.500321,0.926743,-0.375467,-0.005640,0.011841
223,-0.161065,-8.339556,10.300551,-10.183254,-0.602193,0.625662,-44.461655,-0.100523,1.614127,0.925580,-0.378290,-0.006141,0.012707
224,-0.406330,-8.637446,9.584868,-4.660209,3.480622,0.446539,-44.661846,-0.036903,1.593089,0.924917,-0.379915,-0.005580,0.012737
225,-0.399729,-8.609974,8.908062,6.134197,10.112120,2.030251,-44.618237,0.177025,1.463285,0.925065,-0.379590,-0.003418,0.012400
226,-0.203101,-8.042263,8.582058,21.942316,12.745299,4.494044,-44.138268,0.542293,1.274811,0.926644,-0.375746,0.000206,0.012087
227,-0.523669,-7.852934,7.659379,35.745789,9.871534,6.803813,-43.179119,0.963946,1.151260,0.929733,-0.368002,0.004125,0.012436
228,-0.283499,-6.953563,6.938022,44.826366,8.107093,8.345980,-41.858452,1.373747,1.135395,0.933867,-0.357282,0.007657,0.013536
229,0.143895,-6.234900,6.766841,52.112846,7.047524,6.291544,-40.259422,1.714721,1.153447,0.938711,-0.344232,0.010585,0.014599
230,0.039768,-6.101838,6.672578,51.729877,3.855247,3.198595,-38.547527,1.928903,1.159567,0.943714,-0.330179,0.012548,0.015106
231,0.078425,-5.857066,6.669696,47.293076,2.872425,-3.132397,-36.930618,1.990721,1.090565,0.948277,-0.316825,0.013463,0.014527
232,0.461081,-5.024334,6.675661,40.333466,7.247327,-5.783743,-35.495426,1.991149,0.869865,0.952197,-0.304897,0.014234,0.012525
233,0.351099,-4.680905,6.590321,28.261911,7.597465,-7.086674,-34.363049,2.010504,0.550699,0.955191,-0.295432,0.015342,0.009773
234,0.104744,-4.521844,6.576322,22.815865,7.188609,-6.554679,-33.523632,2.042404,0.223412,0.957348,-0.288381,0.016503,0.007006
235,0.167379,-3.891188,6.569118,22.335037,8.155031,-9.594444,-32.767235,2.071424,-0.141924,0.959244,-0.281999,0.017691,0.003910
236,-0.053617,-4.001826,6.258568,15.933781,6.179911,-7.691402,-32.123821,2.087373,-0.513156,0.960817,-0.276549,0.018742,0.000737
237,-0.465306,-4.087977,6.450490,14.987673,2.477912,-8.776414,-31.620123,2.063304,-0.822768,0.962025,-0.272274,0.019279,-0.002002
238,-0.314333,-3.432211,6.802723,20.750340,0.287363,-7.359832,-31.004622,1.973581,-1.075367,0.963478,-0.267070,0.019102,-0.004439
239,-0.701916,-3.677528,7.153914,24.157457,-2.529677,-0.791262,-30.205549,1.893247,-1.171224,0.965322,-0.260339,0.018612,-0.005562
240,-0.534079,-4.060781,7.768921,26.658588,-4.926506,2.858497,-29.315718,1.831704,-1.077872,0.967326,-0.252857,0.017843,-0.005054
241,-0.383205,-4.053934,8.260401,35.862808,-5.976984,7.128654,-28.230314,1.766227,-0.842902,0.969694,-0.243726,0.016740,-0.003374
242,-0.373174,-3.795843,8.310712,43.257805,-7.062997,11.126945,-26.857677,1.721453,-0.471115,0.972556,-0.232149,0.015566,-0.000510
243,-0.332232,-4.565107,8.960467,39.928486,-7.663908,12.096131,-25.435816,1.676533,-0.014682,0.975362,-0.220126,0.014299,0.003096
244,0.045492,-4.161635,9.075193,42.184132,-6.241023,8.634964,-24.051632,1.599923,0.396262,0.977943,-0.208378,0.012935,0.006291
245,-0.315877,-3.922562,8.813940,39.221214,-6.818576,10.294823,-22.679556,1.514418,0.772087,0.980353,-0.196693,0.011632,0.009204
246,-0.243136,-3.568276,8.834678,28.678968,-5.521442,8.312699,-21.533943,1.442249,1.136980,0.982246,-0.186914,0.010510,0.012097
247,-0.088612,-3.847482,9.098056,20.475243,-4.736042,7.863890,-20.711494,1.373896,1.450019,0.983534,-0.179881,0.009519,0.014601
248,-0.521758,-3.779514,9.049549,19.715187,-4.163457,7.577102,-20.055666,1.329317,1.742445,0.984513,-0.174268,0.008774,0.016991
249,-0.424376,-3.546115,8.888455,18.015009,-3.963720,6.239330,-19.443590,1.297664,2.004617,0.985392,-0.169023,0.008206,0.019152
250,-0.532042,-3.441448,9.091715,13.313670,-2.665239,5.345618,-18.935183,1.275794,2.223094,0.986097,-0.164662,0.007789,0.020964
251,-0.685102,-3.304790,9.063795,12.480668,-2.339110,6.373444,-18.517689,1.294217,2.434705,0.986647,-0.161085,0.007726,0.022784
252,-0.759899,-3.170389,9.167203,8.316843,-2.715289,8.204283,-18.178905,1.340525,2.691864,0.987060,-0.158193,0.007838,0.025040
253,-0.413542,-2.769286,8.957214,5.599296,-4.246269,7.022552,-17.938885,1.342940,2.969429,0.987325,-0.156145,0.007533,0.027418
254,-0.478787,-2.976159,9.568786,-2.137732,-4.275350,5.387252,-17.863977,1.290406,3.210332,0.987374,-0.155503,0.006771,0.029418
255,-0.205884,-2.901287,9.070345,0.787970,-5.397575,5.018268,-17.875519,1.201592,3.425103,0.987314,-0.155593,0.005711,0.031149
256,-0.083801,-2.960721,9.024137,-2.959783,-4.419812,2.067012,-17.909525,1.077448,3.587743,0.987238,-0.155862,0.004411,0.032384
257,0.139936,-2.815657,9.002552,-7.155951,-3.316291,-2.970470,-18.076118,0.933829,3.613340,0.987020,-0.157261,0.003091,0.032414
258,0.018969,-3.303419,8.999206,-12.386068,-1.774991,-4.863087,-18.412958,0.793851,3.515870,0.986596,-0.160123,0.001927,0.031389
259,0.205142,-3.441459,8.514509,-12.166117,-0.569451,-4.978061,-18.859486,0.684937,3.372612,0.986014,-0.163938,0.001073,0.030008
260,0.004757,-3.671643,8.836766,-21.319212,0.155585,-3.982119,-19.464722,0.612017,3.233439,0.985176,-0.169125,0.000493,0.028709
261,-0.037330,-3.516116,8.638377,-21.984657,-0.473601,-5.065738,-20.227741,0.548874,3.093151,0.984068,-0.175666,-0.000026,0.027411
262,-0.187514,-3.299896,8.342810,-25.258259,0.999048,-4.006717,-21.041626,0.505490,2.948275,0.982833,-0.182642,-0.000362,0.026098
263,-0.332968,-3.157407,8.177159,-33.294495,1.837867,-1.549572,-22.027300,0.529909,2.844651,0.981247,-0.191095,-0.000204,0.025247
264,-0.482464,-3.267977,8.033235,-45.999435,0.822084,-1.156613,-23.350449,0.580224,2.785580,0.978984,-0.202422,0.000038,0.024828
265,-0.359151,-3.419200,7.684560,-48.039970,2.513371,-4.225911,-24.923265,0.622357,2.680098,0.976132,-0.215848,0.000255,0.024006
266,-0.419286,-3.514699,7.402198,-57.431068,2.976104,0.248953,-26.688816,0.702281,2.579808,0.972704,-0.230875,0.000766,0.023317
267,-0.177611,-4.611264,7.540367,-61.227139,1.303425,-0.432577,-28.699064,0.780641,2.543103,0.968503,-0.247916,0.001099,0.023186
268,-0.233413,-4.643396,7.406275,-55.527294,2.987076,-1.563053,-30.696051,0.833687,2.477531,0.964043,-0.264764,0.001292,0.022772
269,-0.063471,-4.960224,7.301163,-47.920944,3.477070,-0.038622,-32.463837,0.913795,2.397751,0.959851,-0.279616,0.001806,0.022317
270,-0.106036,-5.325511,7.711915,-42.151196,3.806400,0.748540,-34.000988,1.017409,2.340877,0.956012,-0.292481,0.002517,0.022129
271,0.180443,-5.636640,8.043435,-28.628511,5.476334,-3.463686,-35.202656,1.104421,2.215774,0.952905,-0.302499,0.003338,0.021343
272,-0.364120,-5.583539,7.902807,-18.365664,6.565422,-1.651171,-35.996151,1.212120,2.029740,0.950807,-0.309097,0.004586,0.020112
274,-0.027787,-5.937285,8.346435,-14.451401,4.950990,-1.167454,-36.543182,1.339134,1.878524,0.949329,-0.313640,0.005956,0.019228
275,-0.089132,-5.790729,8.555256,-9.425018,5.357625,-2.622195,-36.925926,1.427165,1.725606,0.948288,-0.316809,0.007043,0.018226
276,-0.275424,-5.787809,8.228561,-10.544447,3.730676,-1.415356,-37.235855,1.503153,1.581256,0.947439,-0.319369,0.008025,0.017263
277,-0.077786,-6.134039,8.306220,-15.304039,2.456139,-1.786411,-37.653248,1.546711,1.476576,0.946279,-0.322814,0.008616,0.016550
278,-0.082267,-5.862645,8.249834,-16.724678,1.712134,-3.077966,-38.170876,1.538211,1.370443,0.944827,-0.327077,0.008774,0.015689
279,-0.311769,-6.099657,8.151387,-17.546871,1.752962,-3.029360,-38.722511,1.514774,1.255421,0.943260,-0.331611,0.008839,0.014717
280,-0.004329,-6.341448,8.235132,-17.475435,1.270253,-2.761171,-39.293446,1.485214,1.149145,0.941613,-0.336297,0.008834,0.013801
281,-0.021768,-6.332854,8.179365,-15.232518,1.671966,-3.164887,-39.824612,1.442262,1.042313,0.940063,-0.340648,0.008735,0.012838
282,-0.609987,-6.310329,8.147793,-14.293797,1.191490,-0.744542,-40.296177,1.440535,0.962340,0.938662,-0.344508,0.008909,0.012213
283,-0.346468,-6.771862,8.131719,-14.910510,-0.843202,3.699741,-40.765980,1.491768,0.996341,0.937231,-0.348357,0.009174,0.012683
284,0.127957,-6.499425,7.928571,-14.149635,-2.745191,3.325330,-41.234890,1.512221,1.124341,0.935780,-0.352200,0.008896,0.013829
285,-0.561847,-6.590126,7.707437,-13.535151,-3.035347,4.315502,-41.678818,1.520869,1.284003,0.934387,-0.355835,0.008417,0.015192
286,-0.315935,-6.555946,7.763394,-14.020822,-3.197919,4.671698,-42.119450,1.555538,1.465232,0.932982,-0.359440,0.008072,0.016808
287,-0.006273,-7.190098,7.750850,-14.276793,-3.505104,4.556837,-42.581120,1.568702,1.654358,0.931495,-0.363210,0.007512,0.018420
288,0.164426,-6.822980,7.808401,-10.734769,-1.983712,0.925321,-42.990093,1.538658,1.783850,0.930176,-0.366538,0.006788,0.019402
289,-0.285019,-7.215615,7.489061,-9.167398,-0.370188,-0.314553,-43.317837,1.501794,1.818301,0.929124,-0.369196,0.006323,0.019582
290,0.184645,-7.379733,7.534960,-9.658236,0.988530,-2.413569,-43.645329,1.462578,1.777939,0.928078,-0.371844,0.006080,0.019146
291,0.121233,-7.294891,7.372741,-7.812933,1.881059,-4.108960,-43.952648,1.392943,1.666130,0.927106,-0.374320,0.005830,0.018030
292,0.078517,-6.799762,7.159209,-6.496371,2.935569,-3.878402,-44.198631,1.333197,1.514612,0.926332,-0.376297,0.005806,0.016622
293,-0.281165,-6.901352,7.009521,-10.047163,2.924330,-2.572745,-44.477280,1.318287,1.369513,0.925436,-0.378540,0.006125,0.015415
294,-0.128835,-6.971196,7.227063,-11.788168,2.500023,0.372194,-44.842339,1.355009,1.279913,0.924233,-0.381484,0.006670,0.014834
295,-0.380540,-6.863696,7.193445,-10.247663,0.870410,1.756314,-45.199375,1.421325,1.265551,0.923032,-0.384364,0.007206,0.014961
296,-0.359565,-6.936643,7.104945,-9.224257,-0.253688,2.716665,-45.509827,1.490846,1.310912,0.921972,-0.386869,0.007572,0.015580
297,-0.465544,-7.169363,7.134895,-8.147852,-1.275439,1.334827,-45.789780,1.532513,1.376510,0.921009,-0.389127,0.007646,0.016267
298,-0.283166,-7.242098,7.136325,-4.741615,-1.659555,-0.515683,-45.998802,1.515817,1.421198,0.920294,-0.390808,0.007330,0.016583
299,-0.201504,-7.195937,7.241572,-2.104043,-2.610334,-2.136318,-46.102707,1.432598,1.441986,0.919948,-0.391639,0.006576,0.016472
300,-0.106885,-7.158143,7.414194,0.012533,-2.973958,-2.338150,-46.116638,1.306691,1.457861,0.919916,-0.391744,0.005508,0.016170
301,-0.061601,-7.332592,7.813562,2.441276,-3.050925,-2.135815,-46.043774,1.171993,1.479191,0.920179,-0.391151,0.004364,0.015879
302,0.092477,-7.432431,8.047715,4.100029,-3.685146,-1.868150,-45.895012,1.029548,1.514319,0.920699,-0.389947,0.003121,0.015671
303,0.079462,-7.419804,9.123655,-0.465080,-5.489921,-1.710490,-45.770313,0.861077,1.583582,0.921132,-0.388933,0.001548,0.015653
304,-0.024124,-7.278563,9.793368,0.484351,-7.759813,-0.040282,-45.668930,0.672623,1.722954,0.921476,-0.388101,-0.000425,0.016134
305,0.031843,-7.544011,10.266167,0.707194,-9.156661,2.916496,-45.531452,0.499961,1.959439,0.921922,-0.386973,-0.002594,0.017454
306,-0.215422,-7.642404,10.302880,2.762581,-8.988995,5.075624,-45.357166,0.380599,2.269542,0.922471,-0.385544,-0.004572,0.019553
307,-0.533911,-7.875428,10.117855,1.322658,-6.331535,7.403585,-45.184639,0.364103,2.598107,0.922992,-0.384137,-0.005777,0.022151
308,-0.526623,-8.154257,9.120034,8.831040,-2.893732,8.932521,-44.945522,0.473962,2.899745,0.923718,-0.382215,-0.005851,0.024961
309,-0.456004,-8.152465,8.152954,20.274094,0.432627,7.617032,-44.437325,0.662949,3.124964,0.925328,-0.378141,-0.004957,0.027429
310,-0.278975,-7.986112,7.245022,33.375511,3.114618,4.492843,-43.562988,0.861700,3.229150,0.928132,-0.371107,-0.003475,0.028953
311,0.006002,-7.569894,6.712865,45.233952,3.183293,-0.251320,-42.304527,0.985888,3.208984,0.932138,-0.360917,-0.002083,0.029216
312,0.351962,-7.024600,6.249478,59.091541,1.897046,-1.821395,-40.635479,1.001068,3.125881,0.937314,-0.347307,-0.001281,0.028609
313,0.298962,-6.492121,5.894203,62.023914,0.954880,-1.191756,-38.700653,0.967780,3.054623,0.943067,-0.331426,-0.000866,0.027944
314,0.167613,-5.998726,6.334239,57.415802,0.296874,0.034931,-36.785080,0.941415,3.024232,0.948486,-0.315611,-0.000533,0.027631
315,0.179312,-5.776349,6.771115,49.641582,-0.780505,1.637350,-35.053444,0.925496,3.049766,0.953143,-0.301239,-0.000315,0.027806
316,0.178143,-5.608999,6.993151,37.639557,-0.518166,3.308498,-33.643745,0.928463,3.128574,0.956757,-0.289492,-0.000147,0.028473
317,0.173585,-5.220928,8.045234,28.438246,0.150067,0.859757,-32.560440,0.936317,3.189144,0.959435,-0.280436,0.000040,0.029000
318,0.167522,-5.008534,8.399749,25.392181,0.346801,-1.129568,-31.648388,0.916530,3.180805,0.961641,-0.272786,0.000124,0.028882
319,0.341243,-5.065248,8.250357,12.134342,2.601580,-5.079935,-31.013182,0.874255,3.066735,0.963172,-0.267442,0.000195,0.027823
320,0.278432,-4.774870,8.239622,4.555581,5.004094,-6.773605,-30.732176,0.847094,2.831975,0.963883,-0.265073,0.000578,0.025785
321,0.063480,-4.170225,7.726515,4.258146,5.310684,-10.583273,-30.569628,0.823529,2.495616,0.964333,-0.263699,0.001190,0.022900
322,0.090205,-4.211814,6.429046,1.035250,6.550077,-12.985782,-30.489279,0.777003,2.056761,0.964602,-0.263010,0.001822,0.019098
323,0.138936,-3.995628,5.643870,3.659163,8.446881,-15.039064,-30.464657,0.733965,1.526762,0.964741,-0.262787,0.002679,0.014537
324,-0.231451,-3.585114,5.493759,14.452881,6.952752,-12.815996,-30.216173,0.717044,0.995778,0.965366,-0.260678,0.003776,0.010020
325,-0.049687,-3.137155,5.953801,17.113981,4.966426,-15.725685,-29.697687,0.658332,0.484431,0.966574,-0.256287,0.004470,0.005558
326,-0.185764,-3.707724,6.981391,17.425819,4.348585,-11.677287,-29.101034,0.571970,0.010754,0.967914,-0.251231,0.004808,0.001345
327,-0.139669,-3.532030,8.233838,21.531305,2.458385,-8.066664,-28.407602,0.519625,-0.331811,0.969418,-0.245355,0.005106,-0.001694
328,-0.236004,-3.614701,9.645173,23.198366,0.870358,-5.012961,-27.578350,0.473648,-0.549462,0.971165,-0.238326,0.005157,-0.003672
329,-0.160395,-3.841973,10.080883,25.421278,1.313366,-8.784716,-26.678911,0.408786,-0.769806,0.972998,-0.230690,0.005021,-0.005713
330,-0.776725,-4.259612,9.753994,28.673338,1.354873,-2.962342,-25.717638,0.387941,-0.964272,0.974888,-0.222513,0.005173,-0.007450
331,-0.522132,-3.815964,9.334736,31.263058,-0.096503,-0.650667,-24.678310,0.421276,-1.026913,0.976861,-0.213656,0.005506,-0.007969
332,-0.572371,-3.642154,9.143628,27.034880,-2.511098,2.255881,-23.666271,0.427048,-0.983763,0.978713,-0.205022,0.005408,-0.007638
333,-0.364965,-3.556811,8.928119,21.640131,-5.292272,4.835669,-22.823349,0.383554,-0.823015,0.980205,-0.197827,0.004702,-0.006378
334,-0.282329,-3.135786,9.013591,18.099722,-6.923614,10.431859,-22.124292,0.312084,-0.509402,0.981409,-0.191859,0.003526,-0.003840
335,-0.052963,-2.770875,9.027265,15.778556,-7.393000,9.057281,-21.503517,0.219881,-0.118727,0.982443,-0.186552,0.002078,-0.000660
336,-0.020929,-2.968386,9.224002,12.641034,-7.534959,8.666647,-20.974440,0.094462,0.247058,0.983293,-0.182017,0.000418,0.002270
337,-0.090570,-2.908345,9.043653,14.297016,-5.172662,6.260336,-20.482735,-0.013254,0.554859,0.984056,-0.177793,-0.000975,0.004744
338,-0.076046,-3.051179,9.015328,13.266429,-3.699714,5.595198,-19.992723,-0.078021,0.791408,0.984796,-0.173577,-0.001869,0.006683
339,-0.050609,-3.282417,8.828105,12.151669,-2.467891,3.918355,-19.560760,-0.115759,0.975403,0.985431,-0.169857,-0.002441,0.008217
340,0.083648,-3.432720,9.056231,9.155277,-1.860630,1.753049,-19.218416,-0.153213,1.088541,0.985926,-0.166907,-0.002904,0.009143
341,0.074687,-3.365971,9.174727,7.083179,-0.234412,-0.168235,-18.965618,-0.183129,1.124953,0.986289,-0.164728,-0.003194,0.009419
342,-0.094612,-3.330834,9.406553,6.487092,0.150399,-0.313101,-18.751606,-0.183405,1.117832,0.986595,-0.162886,-0.003168,0.009364
343,-0.106415,-3.085812,9.377330,4.846725,0.854814,-1.876845,-18.562557,-0.166485,1.077922,0.986866,-0.161261,-0.002951,0.009049
344,-0.199774,-3.279939,9.297882,0.853158,1.126247,-3.269561,-18.470070,-0.144708,0.986142,0.987003,-0.160468,-0.002627,0.008291
345,-0.014534,-3.198204,9.025464,-1.270679,1.650624,-3.295168,-18.492668,-0.122548,0.867751,0.986979,-0.160667,-0.002272,0.007302
346,-0.233720,-2.994913,9.021254,-5.662923,1.846814,-4.102089,-18.615854,-0.095038,0.732327,0.986814,-0.161732,-0.001852,0.006172
347,-0.215850,-3.095258,9.002049,-11.485970,1.187474,-4.122986,-18.902906,-0.072990,0.586194,0.986413,-0.164206,-0.001468,0.004941
348,-0.175346,-3.019648,8.850173,-14.014575,0.845344,-4.664282,-19.329559,-0.073127,0.436599,0.985800,-0.167880,-0.001269,0.003649
349,-0.152583,-2.963608,8.914201,-18.391954,-0.104290,-3.437086,-19.863195,-0.093348,0.305116,0.985011,-0.172470,-0.001262,0.002482
350,-0.409866,-3.075459,8.815681,-21.562042,-1.799420,-1.297132,-20.519131,-0.127897,0.241799,0.984009,-0.178105,-0.001474,0.001878
351,0.013839,-3.043206,8.351647,-25.882898,-2.472636,1.565954,-21.302864,-0.176419,0.271082,0.982767,-0.184829,-0.001950,0.002040
352,0.064198,-3.457432,7.751979,-33.249660,-2.675686,4.761205,-22.302752,-0.218440,0.400892,0.981113,-0.193394,-0.002547,0.003064
353,0.014577,-4.017323,7.486917,-38.777824,-2.750527,6.293224,-23.557846,-0.230945,0.606110,0.978929,-0.204122,-0.003053,0.004766
354,0.550863,-3.917131,6.774003,-40.615112,-1.656607,5.569221,-24.958937,-0.239675,0.817139,0.976350,-0.216069,-0.003583,0.006510
355,0.175262,-4.274264,6.487129,-43.633186,0.265355,6.076403,-26.456303,-0.206523,1.003321,0.973431,-0.228805,-0.003758,0.008111
356,0.407730,-4.284630,6.094196,-48.211830,0.930382,7.155913,-28.093433,-0.112535,1.191416,0.970048,-0.242690,-0.003476,0.009848
357,0.387251,-4.581310,6.553390,-53.422962,3.621146,6.631261,-29.883575,0.030241,1.356960,0.966120,-0.257822,-0.002798,0.011509
358,0.261360,-4.441825,7.114490,-57.117111,5.139005,5.879433,-31.780912,0.234765,1.462426,0.961699,-0.273801,-0.001524,0.012835
359,-0.123727,-5.219110,7.934155,-56.444477,5.863253,7.205142,-33.695251,0.498945,1.547263,0.956966,-0.289855,0.000254,0.014184
360,0.298168,-5.349022,8.009594,-49.693050,6.041059,3.978837,-35.473209,0.756912,1.588438,0.952327,-0.304693,0.002068,0.015214
361,-0.063494,-5.785029,8.601861,-42.433472,7.559766,0.140395,-36.999973,0.963887,1.510390,0.948173,-0.317371,0.003794,0.015167
362,-0.177346,-5.727177,8.277075,-34.893467,5.823098,-2.446127,-38.267311,1.115284,1.344295,0.944609,-0.327843,0.005349,0.014272
363,-0.285832,-6.110937,7.860871,-32.732922,4.605621,-3.048672,-39.380848,1.197057,1.164042,0.941391,-0.337002,0.006412,0.013083
364,-0.186142,-6.119507,7.505772,-33.994568,2.008664,-5.035289,-40.492760,1.197791,0.989851,0.938096,-0.346111,0.006817,0.011721
365,-0.262552,-6.336204,7.718783,-38.336697,0.678128,-3.263610,-41.692715,1.141931,0.856054,0.934439,-0.355905,0.006654,0.010527
366,-0.355806,-6.692565,7.419558,-39.430408,-0.806151,-4.238271,-42.985710,1.063461,0.765092,0.930380,-0.366419,0.006189,0.009612
367,-0.253943,-6.990672,7.636233,-37.565651,0.065613,-5.048122,-44.269653,0.955458,0.661246,0.926234,-0.376813,0.005549,0.008487
368,-0.082018,-7.113519,7.775084,-32.411438,1.477022,-7.401146,-45.423824,0.826463,0.496188,0.922413,-0.386113,0.004981,0.006779
369,-0.057938,-7.128039,7.526235,-30.488405,4.734493,-6.052566,-46.451488,0.731297,0.266211,0.918931,-0.394359,0.004948,0.004651
370,-0.057034,-7.298742,7.189846,-28.346029,6.965061,-7.682569,-47.417000,0.691619,-0.031965,0.915587,-0.402075,0.005638,0.002171
371,0.039412,-7.610421,7.174247,-24.988121,8.786559,-7.153548,-48.299221,0.676409,-0.392269,0.912467,-0.409093,0.006787,-0.000709
372,0.044040,-7.809029,6.848353,-20.652826,9.439041,-7.656253,-49.062790,0.680322,-0.783104,0.909713,-0.415138,0.008238,-0.003752
373,0.198802,-7.881479,6.511272,-17.195992,10.507830,-7.423814,-49.709953,0.689138,-1.199045,0.907335,-0.420235,0.009854,-0.006966
374,0.015829,-8.105800,6.842508,-13.050801,10.751145,-9.367296,-50.228825,0.686822,-1.650242,0.905389,-0.424297,0.011538,-0.010495
375,0.124768,-8.189529,7.056644,-9.577366,9.871528,-8.313692,-50.605900,0.665659,-2.102814,0.903939,-0.427229,0.013093,-0.014106
377,-0.009372,-7.857034,7.174540,-6.145093,7.525536,-4.044894,-50.847191,0.677580,-2.457311,0.902990,-0.429086,0.014544,-0.016828
378,-0.013770,-7.820311,7.314157,-4.487524,4.480898,1.673830,-50.983391,0.765495,-2.636991,0.902455,-0.430118,0.015931,-0.017895
379,0.095205,-7.808129,7.378044,-2.414227,1.141543,6.990985,-51.046436,0.924963,-2.618268,0.902225,-0.430584,0.017126,-0.017139
380,0.124533,-8.029602,7.330650,1.760026,-2.277471,11.100756,-51.005013,1.129627,-2.413117,0.902412,-0.430247,0.017961,-0.014761
381,-0.033623,-8.228098,7.388254,6.809441,-4.385614,12.506709,-50.815235,1.349112,-2.078030,0.903159,-0.428762,0.018412,-0.011328
382,-0.066456,-8.726021,7.811421,6.552821,-5.794713,10.474974,-50.548347,1.525485,-1.703179,0.904180,-0.426686,0.018381,-0.007756
383,0.278189,-7.754368,8.813409,7.773361,-8.159722,4.125721,-50.226841,1.540384,-1.366883,0.905391,-0.424198,0.017232,-0.005095
384,-0.319990,-7.790384,9.908249,16.803663,-10.162880,3.016954,-49.677341,1.416649,-1.052912,0.907434,-0.419912,0.015078,-0.003145
385,-0.459006,-7.590155,10.352685,23.463219,-11.119685,6.163857,-48.839630,1.304703,-0.680177,0.910494,-0.413324,0.012820,-0.000697
386,-0.253680,-7.321640,10.766577,28.337166,-10.358329,11.076225,-47.792385,1.284419,-0.217660,0.914230,-0.405035,0.011017,0.002804
387,-0.612422,-7.044769,10.561919,35.681904,-7.693841,17.160809,-46.535091,1.433451,0.326805,0.918581,-0.395025,0.010365,0.007561
388,-0.993467,-7.878252,9.563046,46.805691,-7.158350,26.393005,-45.010002,1.809943,1.013727,0.923641,-0.382830,0.011205,0.014217
389,-0.652898,-7.913964,8.028324,47.631878,-8.951290,30.690228,-43.358463,2.309692,1.884932,0.928830,-0.369593,0.012651,0.022726
390,-0.547432,-7.726520,7.525739,50.249378,-11.083755,32.055111,-41.695663,2.784075,2.881737,0.933740,-0.356241,0.013749,0.032135
391,-0.993135,-7.355247,6.905478,52.313278,-14.376832,32.747379,-39.976536,3.190866,3.975915,0.938503,-0.342397,0.014296,0.042099
392,-0.502479,-6.892630,6.456477,51.014858,-18.590216,31.374718,-38.261570,3.456111,5.150296,0.942946,-0.328526,0.013744,0.052302
393,-0.402847,-6.130186,6.251532,46.216946,-19.685953,29.407221,-36.650452,3.560436,6.340013,0.946837,-0.315409,0.012067,0.062222
394,-0.254476,-6.032991,6.907120,37.004204,-17.520042,25.064873,-35.262100,3.574692,7.436616,0.949945,-0.304029,0.010029,0.071202
395,-0.151867,-5.580008,7.014932,34.772507,-14.413439,16.489170,-34.060547,3.502637,8.306938,0.952545,-0.294088,0.007942,0.078147
396,-0.098216,-5.281329,6.923024,31.827269,-12.625654,9.152334,-32.955605,3.328220,8.910055,0.954989,-0.284831,0.005740,0.082667
397,-0.068254,-4.927639,7.736857,31.622913,-8.952048,-0.364995,-31.898378,3.066909,9.225436,0.957457,-0.275866,0.003557,0.084626
398,-0.094171,-5.084682,7.768566,33.026348,-7.243746,-8.104426,-30.825537,2.728565,9.244601,0.960118,-0.266681,0.001466,0.083974
399,-0.078062,-4.147634,7.394442,37.579823,-5.857153,-14.990620,-29.657476,2.316274,9.021436,0.963097,-0.256622,-0.000645,0.081168
400,-0.146878,-3.956848,7.066548,32.769550,-4.003150,-16.381580,-28.487011,1.896428,8.644165,0.966063,-0.246519,-0.002546,0.077096
401,0.159946,-4.217694,7.460861,31.788092,-2.492812,-19.840359,-27.429197,1.490995,8.161071,0.968725,-0.237364,-0.004261,0.072201
402,0.052404,-4.159367,6.933866,32.393150,-3.213622,-18.871059,-26.399929,1.083715,7.627475,0.971236,-0.228447,-0.006001,0.066908
403,0.127373,-4.010081,7.684884,28.952900,-0.929446,-19.969105,-25.415525,0.715262,7.074247,0.973543,-0.219931,-0.007494,0.061553
404,-0.158379,-4.547420,8.274548,24.078358,-0.513606,-17.782858,-24.565723,0.416958,6.513425,0.975481,-0.212595,-0.008536,0.056282
405,-0.068963,-4.662499,9.517492,17.409134,-1.482466,-19.578852,-23.907684,0.132179,5.959000,0.976979,-0.206902,-0.009639,0.051090
406,-0.126015,-4.040344,10.213799,14.018923,-0.230986,-18.435839,-23.378862,-0.145349,5.390274,0.978188,-0.202324,-0.010768,0.045790
407,-0.140286,-4.000597,10.549769,7.536207,0.993440,-17.495594,-22.986399,-0.360824,4.834814,0.979098,-0.198943,-0.011487,0.040706
408,-0.262071,-3.745143,9.737550,3.456636,0.602502,-16.243822,-22.770615,-0.538573,4.306392,0.979654,-0.197091,-0.012021,0.035905
409,0.058229,-3.139681,8.753347,5.760223,1.862310,-16.855350,-22.580168,-0.701114,3.781383,0.980136,-0.195468,-0.012456,0.031157
410,0.153527,-2.658725,7.433370,11.654790,3.505635,-13.396152,-22.246248,-0.812020,3.280702,0.980827,-0.192635,-0.012472,0.026721
411,0.166794,-2.724564,6.640497,10.734549,3.572351,-12.317514,-21.848976,-0.869105,2.838807,0.981584,-0.189267,-0.012139,0.022884
412,-0.004141,-2.558301,6.617848,16.215998,2.379258,-12.422741,-21.389160,-0.926448,2.418812,0.982411,-0.185359,-0.011859,0.019239
413,0.033378,-2.597647,7.408514,18.182779,2.415099,-12.924499,-20.791384,-0.993814,1.995680,0.983426,-0.180262,-0.011671,0.015564
414,0.039178,-2.434739,8.521440,19.310839,2.363901,-10.038772,-20.116470,-1.043996,1.608576,0.984515,-0.174499,-0.011421,0.012230
415,-0.274805,-2.659587,9.748405,18.241432,2.115243,-9.560661,-19.423973,-1.063191,1.274934,0.985582,-0.168576,-0.011021,0.009401
416,-0.325665,-2.560477,10.018019,19.447298,1.846228,-9.587292,-18.727812,-1.070961,0.950943,0.986610,-0.162615,-0.010571,0.006667
417,-0.288884,-2.663451,10.037725,16.103884,2.308168,-8.010185,-18.073845,-1.063282,0.650136,0.987537,-0.157010,-0.010055,0.004145
418,-0.557479,-2.485261,9.804205,15.753723,1.794164,-3.864761,-17.490978,-1.015679,0.440239,0.988333,-0.152005,-0.009344,0.002449
419,-0.541803,-2.862652,9.562798,12.432589,0.118100,-2.928136,-16.990067,-0.966558,0.322553,0.988993,-0.147694,-0.008758,0.001538
420,-0.438132,-2.615603,9.017022,10.960889,-0.732711,-3.549577,-16.588264,-0.959072,0.222391,0.989506,-0.144233,-0.008562,0.000713
421,-0.130658,-2.552657,9.141751,7.197330,-1.296250,-1.905389,-16.273058,-0.983599,0.144839,0.989898,-0.141516,-0.008676,0.000036
422,-0.120977,-2.556845,9.250389,5.702965,-1.156982,-1.917046,-16.044165,-1.015449,0.094934,0.990176,-0.139542,-0.008890,-0.000416
423,0.362835,-2.671626,9.340292,3.770220,-0.520297,-3.256706,-15.877382,-1.061192,0.019636,0.990374,-0.138106,-0.009195,-0.001109
424,0.269935,-2.560563,9.535609,2.386824,1.117507,-4.227506,-15.764714,-1.099223,-0.103272,0.990505,-0.137142,-0.009378,-0.002208
425,0.371969,-2.578692,9.526778,2.094823,1.430848,-2.581333,-15.675513,-1.102139,-0.224296,0.990608,-0.136380,-0.009261,-0.003251
426,0.140388,-2.650139,9.478037,0.853169,2.097184,-1.337853,-15.619283,-1.069581,-0.303196,0.990675,-0.135900,-0.008888,-0.003890
427,0.196335,-2.624675,9.437781,-0.637573,1.995080,0.395633,-15.613997,-1.006408,-0.336715,0.990685,-0.135856,-0.008302,-0.004104
428,0.211944,-2.564048,9.511550,-2.767361,1.823982,2.556283,-15.666224,-0.934393,-0.306588,0.990630,-0.136305,-0.007713,-0.003762
429,0.113381,-2.533143,9.422566,-4.811440,1.373821,4.062356,-15.785720,-0.853403,-0.214988,0.990496,-0.137331,-0.007119,-0.002881
430,0.173266,-2.651090,9.502254,-9.144661,1.059538,5.248009,-16.015192,-0.771164,-0.076947,0.990226,-0.139306,-0.006570,-0.001602
431,0.185198,-2.738107,9.491346,-12.278852,0.600016,4.762702,-16.373463,-0.700894,0.075547,0.989791,-0.142393,-0.006148,-0.000218
432,0.283807,-2.709219,9.542475,-15.992732,-0.125394,3.875962,-16.843473,-0.659871,0.211240,0.989200,-0.146445,-0.005966,0.000980
433,0.220395,-2.796769,9.528031,-18.259752,-0.576283,2.639736,-17.409269,-0.648697,0.318437,0.988464,-0.151322,-0.006016,0.001890
434,0.415094,-2.854991,9.405775,-19.333500,-0.971107,1.447630,-18.030340,-0.667349,0.391196,0.987628,-0.156673,-0.006287,0.002459
435,0.119787,-2.902301,9.337866,-22.514410,-1.933298,0.316642,-18.720259,-0.715238,0.434405,0.986663,-0.162612,-0.006775,0.002725
436,0.216151,-2.954620,9.297681,-24.237778,-2.522580,0.673604,-19.488361,-0.783640,0.474173,0.985547,-0.169216,-0.007440,0.002921
437,0.151317,-3.129892,9.088685,-27.169817,-2.754836,1.882018,-20.336260,-0.856056,0.544104,0.984262,-0.176495,-0.008191,0.003355
438,0.124187,-3.287029,8.805740,-28.387331,-3.636829,2.786887,-21.261662,-0.928183,0.654702,0.982797,-0.184426,-0.009015,0.004121
439,0.184715,-3.250466,8.522127,-33.526520,-4.679097,3.665793,-22.294477,-1.017879,0.805953,0.981083,-0.193257,-0.010074,0.005183
440,0.286032,-3.390964,8.439941,-34.942188,-5.512721,5.141166,-23.434340,-1.123734,1.007197,0.979095,-0.202979,-0.011386,0.006614
441,-0.061294,-3.413302,7.663802,-37.698090,-7.332805,7.950554,-24.651789,-1.225715,1.293763,0.976857,-0.213328,-0.012859,0.008746
442,0.406993,-4.185145,7.412005,-37.487144,-8.121714,6.711545,-25.945639,-1.354196,1.625361,0.974348,-0.224287,-0.014698,0.011168
443,0.552203,-4.108361,6.717355,-33.187637,-5.383087,3.722990,-27.194044,-1.503676,1.883351,0.971809,-0.234830,-0.016615,0.012888
444,-0.063679,-5.099540,7.114705,-29.074583,-3.326569,4.208243,-28.323450,-1.574974,2.070584,0.969420,-0.244356,-0.017744,0.014155
445,0.294553,-5.339334,6.806409,-18.106144,-1.368249,1.297334,-29.226360,-1.589921,2.191743,0.967448,-0.251965,-0.018248,0.015005
446,0.695675,-5.093036,6.898428,-9.894433,2.077194,-4.254620,-29.797344,-1.625349,2.146025,0.966184,-0.256783,-0.018518,0.014449
447,-0.255020,-4.458502,7.444253,-12.337006,4.390540,-2.949778,-30.215279,-1.590184,1.989649,0.965262,-0.260336,-0.017920,0.013144
448,-0.179618,-5.068758,8.476254,-22.245731,3.434818,-0.258066,-30.799854,-1.467846,1.877468,0.963943,-0.265295,-0.016698,0.012393
449,0.326816,-4.575245,8.042048,-25.649820,3.342638,-2.203106,-31.592657,-1.379703,1.783445,0.962100,-0.271986,-0.015820,0.011697
450,-0.161713,-4.525982,8.473266,-39.626503,4.211678,0.618752,-32.649395,-1.275895,1.693205,0.959566,-0.280874,-0.014837,0.011050
451,-0.102422,-5.638578,8.648531,-50.497208,3.152952,4.777978,-34.132519,-1.098036,1.699847,0.955859,-0.293296,-0.013512,0.011368
452,0.820886,-6.043115,8.216633,-50.455807,3.764161,1.219057,-35.831585,-0.957113,1.715807,0.951408,-0.307455,-0.012552,0.011677
453,0.109133,-6.082762,7.526829,-48.387775,4.690572,0.214145,-37.510685,-0.849384,1.651895,0.946810,-0.321384,-0.011653,0.011266
454,0.371138,-6.448232,7.521831,-50.743855,5.292894,0.166576,-39.199902,-0.720972,1.554478,0.941981,-0.335333,-0.010477,0.010668
455,0.150198,-6.872321,7.138506,-48.698433,5.869089,-2.168491,-40.903904,-0.609057,1.410243,0.936904,-0.349329,-0.009280,0.009673
456,0.079940,-6.761571,7.360746,-45.271343,7.353789,-3.804250,-42.507336,-0.510475,1.189784,0.931942,-0.362431,-0.007915,0.008062
457,-0.258443,-6.695890,7.139477,-41.340187,7.545323,-2.295895,-43.963158,-0.385314,0.945651,0.927278,-0.374268,-0.006207,0.006394
458,-0.010787,-7.079254,7.499864,-38.146450,7.996377,-0.856110,-45.286842,-0.222495,0.726091,0.922903,-0.384975,-0.004231,0.005100
459,-0.341863,-6.904986,7.664684,-27.165474,7.034431,-0.707193,-46.350506,-0.050596,0.528105,0.919296,-0.393539,-0.002220,0.004063
460,0.135176,-6.797184,7.765393,-14.908086,5.403726,0.803967,-46.999165,0.101784,0.378167,0.917057,-0.398743,-0.000501,0.003381
461,-0.014871,-6.471673,7.572000,-6.553941,4.225463,-1.355475,-47.284615,0.199768,0.254471,0.916062,-0.401028,0.000706,0.002733
462,0.136311,-6.547985,7.681445,-3.533595,5.003337,-1.854802,-47.370270,0.258605,0.105359,0.915763,-0.401711,0.001697,0.001749
463,0.221860,-6.476645,7.629689,2.977993,5.258648,-3.847218,-47.279263,0.285914,-0.084386,0.916083,-0.400980,0.002581,0.000326
464,0.161226,-6.558510,7.266671,6.337076,6.513213,-4.448231,-47.023293,0.295113,-0.321819,0.916975,-0.398926,0.003482,-0.001548
465,0.146804,-6.639464,6.992334,3.682609,7.777232,-5.444145,-46.792583,0.319915,-0.608145,0.917770,-0.397068,0.004670,-0.003762
466,0.244621,-7.147460,7.144958,4.197962,9.280802,-3.423334,-46.630127,0.389209,-0.916322,0.918319,-0.395747,0.006284,-0.005999
467,-0.312732,-7.486210,7.378808,8.983236,7.657079,-0.702746,-46.393791,0.531149,-1.168415,0.919118,-0.393824,0.008276,-0.007546
468,-0.035556,-7.315501,7.316199,11.622869,5.301379,1.943573,-46.035622,0.701788,-1.309832,0.920333,-0.390920,0.010106,-0.008125
469,-0.125669,-7.366730,7.732345,8.897948,4.068291,3.850864,-45.670403,0.877711,-1.354336,0.921569,-0.387960,0.011645,-0.007920
470,-0.184934,-7.642970,8.073297,8.503537,3.871441,4.435333,-45.351250,1.069317,-1.351604,0.922640,-0.385368,0.013156,-0.007285
471,-0.179154,-7.542772,8.073048,7.878648,3.434976,2.117457,-45.050079,1.232229,-1.360590,0.923643,-0.382920,0.014480,-0.006848
472,-0.024083,-7.979877,7.696816,5.669764,4.707150,-1.717628,-44.818096,1.325176,-1.451588,0.924406,-0.381025,0.015519,-0.007302
473,-0.410734,-8.119811,7.935470,-0.123560,5.100726,-4.607873,-44.741482,1.364608,-1.641883,0.924645,-0.380374,0.016464,-0.008717
474,-0.335239,-8.031874,8.429129,-5.455001,3.125016,-6.662929,-44.838074,1.335920,-1.871809,0.924306,-0.381125,0.017004,-0.010653
475,-0.555112,-7.754226,9.405984,-11.610415,-0.036201,-5.183702,-45.086109,1.242514,-2.047028,0.923464,-0.383115,0.016860,-0.012341
476,-0.495663,-7.830657,10.260036,-9.081547,-2.487671,0.926999,-45.349926,1.176449,-2.065379,0.922580,-0.385249,0.016419,-0.012672
477,-0.222880,-7.470490,11.036325,-4.946003,-4.538383,6.085039,-45.462219,1.182179,-1.897428,0.922219,-0.386176,0.015911,-0.011285
478,-0.465718,-7.599479,11.147058,5.955665,-4.896920,11.008059,-45.299366,1.278277,-1.582432,0.922791,-0.384893,0.015611,-0.008448
480,-0.210854,-8.068702,9.851833,23.893820,-5.263098,16.655809,-44.684341,1.487361,-1.134198,0.924856,-0.379968,0.015766,-0.004220
481,-0.249429,-8.161660,8.441592,41.527676,-5.924087,20.223267,-43.536358,1.777222,-0.561954,0.928597,-0.370732,0.016221,0.001198
482,-0.121370,-7.833423,7.195951,50.913548,-7.198700,17.907921,-41.995667,2.039039,0.052674,0.933443,-0.358284,0.016447,0.006805
483,-0.473836,-7.409586,6.260096,55.674709,-6.908757,18.127380,-40.269920,2.254424,0.657688,0.938648,-0.344266,0.016494,0.012159
484,0.038499,-6.670467,5.764691,54.363255,-8.430556,16.304649,-38.515778,2.410322,1.259723,0.943701,-0.329946,0.016229,0.017312
485,-0.517001,-5.567503,6.379134,44.391712,-7.815982,16.334532,-36.916416,2.520311,1.853040,0.948089,-0.316832,0.015740,0.022297
486,-0.126340,-5.463180,7.025847,32.339710,-8.037452,14.159852,-35.634590,2.604445,2.418485,0.951433,-0.306292,0.015176,0.027039
487,-0.985653,-5.076021,7.613070,25.836708,-8.106899,14.262629,-34.634106,2.668811,2.961549,0.953915,-0.298053,0.014535,0.031593
488,-0.710510,-4.815147,8.261539,18.263638,-9.946682,11.096412,-33.835304,2.690095,3.483042,0.955811,-0.291465,0.013606,0.035895
489,-0.564295,-5.022054,8.872971,13.369762,-9.382874,6.520916,-33.234314,2.596863,3.909157,0.957213,-0.286476,0.011950,0.039151
490,-0.491624,-4.982608,8.771649,16.659048,-9.642099,1.513171,-32.671799,2.407860,4.196738,0.958558,-0.281756,0.009853,0.041035
491,-0.412466,-4.356265,8.582437,19.694220,-8.792161,-3.506884,-32.002007,2.131858,4.335741,0.960209,-0.276086,0.007444,0.041480
492,0.237915,-4.068759,8.186388,19.063559,-6.820766,-8.048789,-31.286417,1.786807,4.310972,0.962003,-0.269987,0.004863,0.040415
493,0.132432,-3.735591,7.663007,21.002329,-5.622632,-9.252710,-30.554913,1.421215,4.172030,0.963829,-0.263734,0.002366,0.038376
494,-0.290407,-3.242597,6.419156,16.612181,-4.825394,-8.285628,-29.875242,1.112480,4.008280,0.965483,-0.257925,0.000360,0.036289
495,-0.123570,-3.288560,6.143086,5.098752,-2.791024,-9.689222,-29.482679,0.858809,3.811690,0.966459,-0.254549,-0.001218,0.034068
496,-0.385276,-3.759745,6.132086,3.497899,-1.671601,-9.740583,-29.344648,0.647938,3.566348,0.966862,-0.253334,-0.002414,0.031534
497,-0.536681,-3.909801,6.411303,3.086925,-2.110122,-11.129338,-29.262907,0.457958,3.293617,0.967134,-0.252605,-0.003394,0.028815
498,-0.357183,-3.949903,6.917751,1.854259,-2.284704,-8.883355,-29.197714,0.265818,3.038203,0.967356,-0.252020,-0.004438,0.026239
499,-0.257146,-4.136950,8.057303,5.001495,-2.225207,-6.869810,-29.074308,0.094014,2.845550,0.967681,-0.250950,-0.005438,0.024241
500,-0.243024,-4.230309,8.792842,12.465969,-3.110597,-5.744541,-28.749475,-0.068569,2.704612,0.968426,-0.248180,-0.006438,0.022713
501,0.014067,-3.807115,9.368424,17.582819,-2.463027,-3.931422,-28.185921,-0.218724,2.607112,0.969660,-0.243390,-0.007390,0.021600
502,-0.001178,-3.949738,9.436563,20.144785,-0.885120,-0.200497,-27.481459,-0.298791,2.571991,0.971146,-0.237411,-0.007863,0.021181
503,-0.168873,-4.121171,9.326795,26.781010,0.139437,0.463604,-26.642534,-0.298526,2.581210,0.972857,-0.230295,-0.007724,0.021317
504,-0.137410,-3.763152,9.176023,32.316479,0.656251,-0.898534,-25.607721,-0.275191,2.568753,0.974899,-0.221505,-0.007309,0.021325
505,0.064090,-3.520741,9.291182,33.747810,1.372365,-0.414611,-24.449184,-0.247695,2.534544,0.977094,-0.211645,-0.006795,0.021157
506,-0.274529,-3.475013,8.961743,31.993994,1.435750,1.461102,-23.302975,-0.186653,2.531385,0.979161,-0.201873,-0.006056,0.021305
507,-0.237046,-3.184147,9.098516,29.498161,0.910900,2.642861,-22.232962,-0.102252,2.579445,0.980992,-0.192736,-0.005215,0.021914
508,-0.205599,-2.871748,9.421425,23.446404,0.561275,2.223783,-21.292702,-0.031216,2.645864,0.982525,-0.184691,-0.004533,0.022640
509,-0.171165,-2.955592,9.623122,20.805195,0.179339,4.906782,-20.495928,0.037095,2.752655,0.983762,-0.177865,-0.003955,0.023694
510,-0.302704,-2.901441,9.468897,19.325830,-0.100161,6.025767,-19.778946,0.118227,2.923415,0.984815,-0.171718,-0.003365,0.025307
511,-0.151950,-2.708756,9.534447,17.632687,0.197027,4.866498,-19.116461,0.195728,3.094308,0.985749,-0.166035,-0.002800,0.026908
512,-0.079405,-2.607233,9.524681,15.288148,-0.159560,3.952651,-18.519009,0.250098,3.233465,0.986565,-0.160903,-0.002387,0.028197
513,-0.052501,-2.518512,9.252505,14.275428,0.539465,1.683667,-17.981550,0.287577,3.320917,0.987284,-0.156281,-0.002051,0.029012
514,0.004405,-2.339456,9.424716,10.039218,0.800224,0.078358,-17.521986,0.315501,3.342332,0.987896,-0.152327,-0.001722,0.029242
515,-0.041129,-2.451069,9.330881,8.165363,0.983085,-1.595638,-17.161760,0.333086,3.309607,0.988377,-0.149226,-0.001436,0.028988
516,0.046033,-2.217843,9.274560,4.377163,1.240623,-3.211678,-16.906689,0.340604,3.222395,0.988728,-0.147028,-0.001194,0.028248
517,-0.073173,-2.185330,9.527063,0.795750,1.553197,-4.115073,-16.764856,0.346686,3.092345,0.988940,-0.145807,-0.000941,0.027135
518,-0.059140,-2.189508,9.675788,-1.801291,1.023746,-4.658258,-16.724268,0.346364,2.940293,0.989027,-0.145457,-0.000742,0.025823
519,-0.056536,-2.282620,9.481681,-3.052003,1.215999,-7.369810,-16.761353,0.324213,2.737841,0.989025,-0.145774,-0.000684,0.024047
520,0.067706,-2.134913,9.815817,-6.457084,1.789394,-9.628261,-16.873396,0.285661,2.452446,0.988941,-0.146735,-0.000674,0.021534
521,-0.165897,-2.546479,9.613107,-6.092178,1.636777,-9.463449,-17.043280,0.247185,2.131668,0.988781,-0.148197,-0.000623,0.018715
522,0.005290,-2.478704,9.177546,-6.670048,1.492000,-9.875384,-17.232485,0.204470,1.808406,0.988585,-0.149825,-0.000600,0.015870
523,0.075091,-2.527268,9.249539,-8.625871,1.363374,-8.830256,-17.464127,0.151101,1.496746,0.988321,-0.151818,-0.000680,0.013110
524,0.012080,-2.464624,9.209087,-9.726899,1.355324,-7.464676,-17.742920,0.106617,1.224304,0.987978,-0.154219,-0.000728,0.010700
525,0.055712,-2.566622,9.030207,-11.552780,1.121537,-6.082283,-18.070717,0.072245,0.996865,0.987553,-0.157043,-0.000744,0.008690
526,0.232230,-2.532434,9.127924,-15.339433,1.463954,-7.179718,-18.491369,0.031744,0.773585,0.986986,-0.160666,-0.000811,0.006708
527,0.142991,-2.572752,9.368487,-20.243961,0.998955,-8.118528,-19.048817,-0.026148,0.519142,0.986205,-0.165465,-0.000975,0.004430
528,-0.159841,-2.758130,9.062049,-22.397467,0.974595,-8.277200,-19.726381,-0.085148,0.250521,0.985217,-0.171294,-0.001107,0.002027
529,-0.122267,-3.110669,8.346202,-24.504066,-0.432955,-6.337440,-20.498795,-0.148816,0.018597,0.984042,-0.177933,-0.001307,-0.000071
530,-0.127556,-3.096759,7.710303,-28.010166,-1.532256,-5.473437,-21.386488,-0.238071,-0.153687,0.982631,-0.185553,-0.001793,-0.001703
531,-0.089784,-3.082467,7.703604,-34.407745,-2.091390,-4.377483,-22.437309,-0.343700,-0.283649,0.980883,-0.194560,-0.002460,-0.003012
532,-0.183140,-3.687411,7.422792,-35.797012,-2.691468,-2.727484,-23.634195,-0.448118,-0.361485,0.978791,-0.204798,-0.003182,-0.003888
533,0.163025,-3.939856,7.491238,-35.709496,-1.560325,-4.672837,-24.875559,-0.557593,-0.444685,0.976507,-0.215394,-0.003916,-0.004837
534,0.198316,-3.780756,8.104383,-35.336235,0.256422,-6.771251,-26.084259,-0.667597,-0.607178,0.974167,-0.225690,-0.004480,-0.006477
535,0.193252,-4.330035,9.375788,-35.045731,1.600259,-8.030384,-27.247009,-0.757365,-0.841388,0.971806,-0.235576,-0.004694,-0.008692
536,-0.112537,-4.504586,9.635993,-22.140762,2.162234,-6.043426,-28.175024,-0.804769,-1.078420,0.969842,-0.243451,-0.004521,-0.010837
537,0.060099,-4.289996,10.033391,-14.148937,2.707833,-5.661561,-28.731812,-0.814674,-1.289342,0.968625,-0.248169,-0.004095,-0.012663
538,-0.028021,-4.305878,10.067257,-6.311072,1.144429,-2.104352,-29.004604,-0.811786,-1.434679,0.968015,-0.250479,-0.003723,-0.013894
539,0.006166,-4.426212,9.939220,-0.128846,0.620306,-1.495154,-29.044996,-0.804335,-1.502370,0.967919,-0.250821,-0.003507,-0.014451
540,-0.283277,-4.077747,8.919249,7.011112,0.073944,2.134223,-28.871189,-0.768827,-1.499457,0.968302,-0.249350,-0.003235,-0.014344
541,0.058781,-4.326715,8.303761,2.721592,-0.954784,2.266112,-28.673550,-0.728448,-1.428535,0.968743,-0.247673,-0.003072,-0.013651
542,0.165585,-4.483590,7.890090,0.757934,0.616962,2.070813,-28.613794,-0.698128,-1.362417,0.968882,-0.247164,-0.002965,-0.013025
543,0.220987,-4.413466,7.254920,-3.447806,1.705974,1.919500,-28.681789,-0.639197,-1.322341,0.968744,-0.247733,-0.002546,-0.012561
544,-0.005017,-4.570217,6.954629,-11.798279,1.705900,3.610234,-28.982197,-0.545679,-1.268504,0.968103,-0.250262,-0.001840,-0.011909
545,0.084609,-4.854938,6.766043,-21.902494,2.333305,3.869843,-29.615063,-0.422010,-1.192084,0.966721,-0.255594,-0.000902,-0.010998
546,0.032333,-5.202796,6.928945,-31.655548,0.714341,5.287520,-30.595388,-0.300420,-1.084886,0.964515,-0.263845,-0.000031,-0.009823
547,0.140260,-4.782294,6.682291,-34.507526,-0.944563,6.006143,-31.775331,-0.209268,-0.921512,0.961764,-0.273757,0.000445,-0.008234
548,-0.026546,-5.205362,7.615710,-45.130219,-2.467579,7.719699,-33.150425,-0.136474,-0.697799,0.958426,-0.285275,0.000596,-0.006176
549,0.146451,-5.540807,7.840874,-44.247520,-3.168133,6.140269,-34.669483,-0.087905,-0.453721,0.954572,-0.297954,0.000447,-0.004008
550,0.255962,-5.434475,8.207132,-41.444866,-3.143077,3.162589,-36.103611,-0.097160,-0.266341,0.950773,-0.309878,-0.000086,-0.002473
551,0.051867,-5.306935,8.433654,-37.816727,0.333851,3.166706,-37.392906,-0.081382,-0.153757,0.947229,-0.320555,-0.000243,-0.001499
552,0.008973,-5.844427,8.614401,-40.945877,1.435504,4.300415,-38.660732,0.017604,-0.073628,0.943625,-0.331014,0.000358,-0.000555
553,-0.089704,-6.326689,8.418281,-34.287300,3.715434,3.693251,-39.883301,0.171517,-0.024777,0.940039,-0.341062,0.001481,0.000307
554,-0.003238,-6.389922,8.240328,-28.660828,4.921038,3.989381,-40.908379,0.366230,-0.020380,0.936947,-0.349456,0.003057,0.000950
555,-0.012726,-6.474416,8.232760,-24.295801,5.302341,5.380887,-41.760757,0.594528,-0.015319,0.934314,-0.356413,0.004895,0.001724
556,0.049469,-6.675571,8.120724,-19.588842,5.001286,4.202504,-42.460461,0.821720,-0.011502,0.932109,-0.362106,0.006720,0.002503
557,-0.063754,-6.903020,8.294169,-11.303605,4.983979,3.196492,-42.944225,1.019271,-0.033238,0.930560,-0.366031,0.008384,0.002986
558,0.103479,-6.295569,8.023933,-5.029822,3.335176,3.200408,-43.169807,1.180416,-0.049072,0.929826,-0.367856,0.009736,0.003391
559,-0.076180,-6.187020,8.450012,-4.442565,2.159275,5.349719,-43.253254,1.330023,-0.006367,0.929543,-0.368531,0.010810,0.004226
560,-0.022973,-6.701239,8.447959,-0.954521,0.415867,6.456963,-43.266869,1.483877,0.109181,0.929479,-0.368647,0.011686,0.005659
561,-0.007315,-6.627758,8.360226,3.293915,-1.326257,5.827463,-43.163109,1.596472,0.270343,0.929790,-0.367819,0.012087,0.007318
562,-0.067502,-6.624221,8.246455,3.840236,-1.940734,5.257471,-42.981556,1.666159,0.444109,0.930351,-0.366362,0.012109,0.008932
563,-0.139678,-6.802909,8.085656,3.932384,-0.945155,0.793487,-42.803329,1.686223,0.552035,0.930908,-0.364926,0.011942,0.009854
564,-0.195517,-6.983037,7.906840,3.951297,0.969278,-1.994855,-42.645763,1.663318,0.537820,0.931413,-0.363644,0.011815,0.009649
565,-0.052925,-7.261639,8.020577,3.790470,1.201990,-2.712701,-42.507576,1.624299,0.455844,0.931862,-0.362513,0.011768,0.008845
566,-0.061886,-7.519820,7.987999,3.344761,-0.477514,-1.526441,-42.392052,1.568739,0.395462,0.932239,-0.361568,0.011516,0.008167
567,-0.115214,-6.936218,9.379642,-4.128180,-3.888852,0.549621,-42.372005,1.489678,0.433366,0.932309,-0.361410,0.010754,0.008224
568,-0.070056,-6.790448,10.361975,-5.327692,-8.559109,6.687843,-42.430058,1.404452,0.664933,0.932117,-0.361902,0.009325,0.009844
569,0.171989,-6.969866,11.505412,-0.616196,-10.388541,10.765732,-42.392223,1.347098,1.096002,0.932201,-0.361625,0.007502,0.013167
570,-0.372288,-6.447586,12.587757,8.891226,-8.259262,10.228197,-42.079266,1.340127,1.567952,0.933124,-0.359105,0.006002,0.016968
571,-0.627525,-6.005206,12.588240,19.145887,-5.909028,9.026543,-41.406094,1.386511,1.969323,0.935145,-0.353641,0.005242,0.020351
572,-0.450953,-7.079364,10.887033,31.753202,-3.872927,8.293427,-40.395485,1.463718,2.298141,0.938153,-0.345404,0.005062,0.023228
573,-0.215794,-7.526620,9.760584,41.904625,-1.075939,5.641527,-39.092522,1.549350,2.531268,0.941956,-0.334737,0.005349,0.025335
574,-0.425733,-7.140235,8.060526,49.659538,1.144383,2.366969,-37.561802,1.634097,2.635301,0.946305,-0.322143,0.006094,0.026358
575,-0.087251,-7.005713,6.341000,46.326691,-1.037730,2.143940,-36.039845,1.677829,2.692303,0.950478,-0.309556,0.006653,0.026866
576,0.290644,-6.866278,6.273904,42.008160,-0.787579,-0.125176,-34.702179,1.644548,2.733193,0.954023,-0.298437,0.006582,0.027040
577,-0.369676,-5.665870,6.034388,47.708221,-0.202462,-0.150570,-33.331474,1.612592,2.734517,0.957530,-0.286999,0.006635,0.026891
578,0.055497,-5.096492,6.009323,36.774895,-0.529341,-4.826472,-32.021706,1.550884,2.668360,0.960774,-0.276022,0.006584,0.026110
579,0.014384,-5.183969,6.873627,26.407890,0.039912,-7.487284,-31.047892,1.413470,2.495532,0.963145,-0.267816,0.006054,0.024280
580,-0.334093,-4.745075,7.302740,30.936411,-1.210132,-9.359906,-30.141129,1.248156,2.262497,0.965305,-0.260150,0.005382,0.021894
581,-0.260886,-4.774100,7.701433,23.152382,-1.038697,-10.479668,-29.267735,1.059219,1.993443,0.967332,-0.252748,0.004548,0.019165
583,0.020164,-4.689856,8.508159,11.870590,-0.833030,-12.365911,-28.697138,0.842381,1.675431,0.968650,-0.247891,0.003498,0.015985
584,-0.567813,-4.775828,9.046458,9.736456,-2.079207,-6.075766,-28.332333,0.659915,1.428807,0.969481,-0.244781,0.002532,0.013498
585,-0.418397,-4.194276,8.867301,8.030885,-6.725378,-2.037162,-28.012451,0.492579,1.379292,0.970178,-0.242058,0.001257,0.012719
586,-0.132598,-4.282209,8.707001,-2.075953,-7.388255,2.687616,-27.882059,0.302956,1.499571,0.970449,-0.240935,-0.000587,0.013337
587,-0.047882,-4.021587,8.123012,-0.456790,-8.596666,6.233946,-27.902172,0.139000,1.755910,0.970383,-0.241083,-0.002517,0.015163
588,0.065055,-4.383135,7.461575,2.602198,-7.521139,6.407769,-27.872154,-0.003479,2.067776,0.970407,-0.240799,-0.004375,0.017505
589,0.538500,-3.602656,6.962234,13.491720,-2.867526,2.109709,-27.616737,-0.118746,2.273894,0.970913,-0.238608,-0.005742,0.019021
590,0.517181,-3.405980,6.225481,18.929840,0.270828,-4.833580,-27.079809,-0.228139,2.253004,0.972026,-0.234039,-0.006538,0.018647
591,0.689418,-3.651672,6.320640,19.829670,1.263164,-5.659686,-26.457973,-0.341905,2.084860,0.973310,-0.228752,-0.007067,0.017027
592,0.195871,-3.240483,6.830332,20.433014,2.568072,-8.609200,-25.796873,-0.428736,1.842679,0.974648,-0.223134,-0.007236,0.014839
593,0.273891,-3.028836,8.009768,17.700106,1.027279,-8.368683,-25.120636,-0.512295,1.560903,0.975981,-0.217386,-0.007325,0.012323
594,-0.369479,-3.485743,8.461165,11.241711,-0.613958,-5.893367,-24.587387,-0.597064,1.341945,0.977002,-0.212846,-0.007584,0.010332
595,-0.268607,-3.935580,9.327685,6.104614,-1.771412,3.386806,-24.270321,-0.619672,1.320338,0.977588,-0.210141,-0.007709,0.010128
596,-0.567615,-3.496013,9.818669,6.699858,-0.261121,5.370159,-24.018595,-0.554134,1.467062,0.978035,-0.207990,-0.007393,0.011516
597,-0.058224,-4.031770,9.867963,10.050964,-1.575883,8.985988,-23.701094,-0.456601,1.697989,0.978584,-0.205278,-0.006942,0.013683
598,-0.172913,-4.294385,8.926697,17.268494,0.096068,8.713315,-23.248999,-0.347147,1.978501,0.979349,-0.201415,-0.006446,0.016300
599,0.082792,-4.338786,8.816841,20.897726,-0.054402,7.019820,-22.644978,-0.236178,2.220011,0.980359,-0.196255,-0.005824,0.018590
600,-0.113565,-3.928128,8.779424,26.674200,1.812159,2.024100,-21.880157,-0.147239,2.348660,0.981624,-0.189716,-0.005151,0.019878
601,0.267852,-4.092596,8.613687,28.920918,1.798166,-2.443899,-20.984713,-0.097579,2.320328,0.983081,-0.182050,-0.004524,0.019754
602,0.050014,-3.512253,8.449920,28.486525,3.808555,-4.691892,-20.059732,-0.062513,2.176208,0.984541,-0.174120,-0.003844,0.018605
603,0.236760,-3.050418,8.933879,21.300753,3.577394,-3.920047,-19.232271,-0.004960,1.999465,0.985799,-0.167020,-0.002957,0.017195
604,0.158625,-2.689925,9.243842,13.949425,4.385045,-3.499282,-18.618553,0.065979,1.839246,0.986701,-0.161752,-0.002028,0.015932
605,0.267485,-2.795383,8.939264,5.107291,4.814106,-2.277442,-18.274626,0.164380,1.699216,0.987198,-0.158804,-0.000939,0.014868
606,0.181376,-2.411509,8.948496,-7.747936,6.324880,-2.816562,-18.291437,0.295286,1.560286,0.987187,-0.158965,0.000380,0.013852
607,0.056715,-2.775826,9.254605,-24.965612,6.351435,-1.168855,-18.807619,0.462348,1.430153,0.986468,-0.163427,0.001941,0.012971
608,-0.335922,-2.892316,9.196057,-33.664967,8.732301,-0.698713,-19.767523,0.694748,1.317661,0.985063,-0.171704,0.003999,0.012368
609,-0.416421,-3.140306,9.202525,-39.616467,9.475451,-1.932632,-20.976736,0.984446,1.170747,0.983188,-0.182106,0.006587,0.011609
610,-0.611651,-3.288715,9.758220,-44.122414,9.398047,-3.778248,-22.355745,1.267723,0.965828,0.980917,-0.193928,0.009219,0.010412
611,-0.726861,-3.870866,9.721578,-38.461258,9.263083,-3.865780,-23.719046,1.536133,0.726312,0.978529,-0.205573,0.011816,0.008957
612,-0.767102,-4.091860,9.463367,-24.437517,10.236062,-7.426218,-24.769962,1.789113,0.420700,0.976591,-0.214508,0.014462,0.006934
613,-0.728106,-4.271050,9.495944,-11.611671,9.258660,-12.433283,-25.379494,1.974501,-0.017105,0.975430,-0.219637,0.016842,0.003639
614,-0.902050,-4.124568,9.127204,5.944904,8.557632,-11.902620,-25.481300,2.102715,-0.511019,0.975222,-0.220419,0.018880,-0.000302
615,-0.483793,-4.648070,8.927303,11.584244,7.292848,-11.534070,-25.212673,2.198750,-0.977487,0.975713,-0.218043,0.020585,-0.004136
616,-0.509251,-4.490231,8.950934,19.692816,6.217715,-15.115182,-24.732109,2.224056,-1.476215,0.976588,-0.213854,0.021714,-0.008425
617,-0.425158,-4.116704,8.878082,22.014488,4.048304,-15.501062,-24.067305,2.175393,-2.012154,0.977768,-0.208090,0.022223,-0.013212
618,-0.170192,-4.011992,8.892707,15.898400,1.395831,-11.530796,-23.454256,2.071351,-2.461324,0.978820,-0.202791,0.022058,-0.017353
619,0.099118,-4.199176,9.237967,5.933506,-0.766613,-9.758453,-23.109356,1.916975,-2.791899,0.979388,-0.199816,0.021263,-0.020515
620,0.063862,-3.550999,8.953840,7.514606,-2.828877,-8.570725,-22.890276,1.711490,-3.049723,0.979738,-0.197948,0.019913,-0.023116
621,0.024980,-3.390589,8.897933,3.071338,-3.488485,-3.603074,-22.695982,1.509923,-3.195467,0.980056,-0.196314,0.018399,-0.024743
622,0.325594,-3.409713,9.021765,-3.872664,-5.615039,-0.797871,-22.684368,1.308541,-3.203910,0.980086,-0.196265,0.016689,-0.025163
623,0.268252,-4.028642,9.314507,-10.244286,-5.743061,-2.909417,-22.911219,1.070950,-3.187114,0.979709,-0.198268,0.014679,-0.025399
624,0.232826,-4.301735,9.184117,-9.585006,-5.679835,-9.223205,-23.261595,0.784031,-3.298561,0.979078,-0.201323,0.012501,-0.026811
625,-0.060497,-4.592927,9.169111,-11.075546,-5.871861,-12.165780,-23.643286,0.448002,-3.549431,0.978338,-0.204647,0.010169,-0.029512
626,-0.079533,-4.865589,8.869953,-14.980032,-8.604979,-12.045359,-24.131546,0.061280,-3.821151,0.977368,-0.208901,0.007492,-0.032491
627,-0.377389,-5.070676,8.425435,-15.187446,-9.400525,-9.272335,-24.708635,-0.345591,-4.020899,0.976215,-0.213927,0.004562,-0.034914
628,-0.091921,-4.743816,7.709248,-14.197900,-11.219566,-2.739204,-25.284012,-0.722645,-4.057056,0.975077,-0.218935,0.001597,-0.035918
629,0.057959,-4.713034,7.453779,-22.014526,-13.086753,5.456867,-25.977486,-1.060641,-3.840257,0.973756,-0.224926,-0.001483,-0.034727
630,0.312724,-4.885154,7.863570,-29.429327,-13.245732,9.379989,-26.923775,-1.347043,-3.421804,0.971943,-0.233020,-0.004477,-0.031769
631,0.729354,-5.146579,8.207098,-33.759300,-11.086789,7.934178,-28.056900,-1.597575,-2.976541,0.969666,-0.242650,-0.007226,-0.028573
632,0.704132,-5.377857,8.340816,-35.003288,-8.902605,4.464611,-29.274834,-1.824301,-2.632894,0.967074,-0.252956,-0.009594,-0.026248
633,0.429771,-5.500334,8.504466,-33.655491,-6.746360,0.162406,-30.477909,-2.030795,-2.433905,0.964370,-0.263108,-0.011513,-0.025145
634,0.317689,-5.682724,8.474539,-29.778551,-3.590965,-2.120363,-31.580965,-2.197084,-2.371459,0.961772,-0.272394,-0.012814,-0.025125
635,0.202445,-5.792531,8.024918,-24.276814,-1.162751,-2.690609,-32.528351,-2.298584,-2.395627,0.959460,-0.280352,-0.013397,-0.025680
636,0.019430,-5.954853,7.810373,-17.506210,1.263202,-1.603148,-33.278690,-2.315915,-2.454585,0.957587,-0.286637,-0.013226,-0.026303
637,0.311280,-6.061070,7.766751,-10.204812,4.282504,0.581333,-33.797180,-2.231491,-2.517605,0.956284,-0.290963,-0.012242,-0.026675
638,0.430557,-6.060834,7.706615,-3.641756,6.559174,1.390279,-34.081871,-2.061888,-2.588900,0.955578,-0.293321,-0.010579,-0.026867
639,0.319579,-5.828995,7.795884,1.363871,6.649099,2.066375,-34.167156,-1.847597,-2.662737,0.955385,-0.294007,-0.008582,-0.026942
640,0.091074,-5.582377,7.788512,4.023836,6.091373,3.132105,-34.110668,-1.610852,-2.708919,0.955563,-0.293502,-0.006503,-0.026717
641,0.105251,-5.513589,7.631714,3.693919,4.075189,5.487413,-34.005741,-1.373095,-2.684010,0.955877,-0.292587,-0.004607,-0.025898
642,-0.109325,-5.427903,7.690644,0.405606,0.897910,6.120020,-33.958405,-1.177417,-2.569387,0.956053,-0.292156,-0.003277,-0.024442
643,-0.271030,-5.165061,7.724573,-0.513512,-1.323346,7.473365,-33.970303,-1.026163,-2.377361,0.956082,-0.292227,-0.002503,-0.022455
644,-0.081102,-5.063563,7.909259,-0.009190,-2.272177,9.121048,-33.973888,-0.894014,-2.114659,0.956137,-0.292233,-0.002069,-0.019926
645,0.028803,-5.179570,8.368710,-0.788683,-3.957377,10.488879,-33.969761,-0.783469,-1.785922,0.956212,-0.292179,-0.001986,-0.016901
646,-0.118507,-4.923203,8.672961,2.409906,-4.254000,10.774799,-33.906261,-0.685471,-1.416055,0.956432,-0.291633,-0.002118,-0.013564
647,0.195667,-4.660502,8.802407,7.441493,-3.395970,11.721104,-33.681412,-0.576631,-1.034309,0.957050,-0.289740,-0.002201,-0.010097
648,0.305873,-4.625981,9.217047,7.052780,-3.669725,12.115824,-33.362160,-0.465369,-0.638955,0.957888,-0.287059,-0.002290,-0.006507
649,-0.021684,-4.160430,9.538146,6.676625,-4.092591,10.987948,-33.031471,-0.366212,-0.246881,0.958733,-0.284283,-0.002451,-0.002974
650,0.118604,-3.616546,9.440852,8.974851,-4.098543,10.569852,-32.636948,-0.284489,0.128100,0.959712,-0.280972,-0.002697,0.000375
651,0.153606,-3.371516,9.604076,7.362318,-5.354720,11.565979,-32.209232,-0.225400,0.523099,0.960747,-0.277380,-0.003156,0.003840
652,-0.046550,-3.411368,10.034225,4.209263,-6.981374,13.474829,-31.852526,-0.178996,0.985194,0.961583,-0.274377,-0.003861,0.007839
653,0.004685,-3.412437,10.108665,3.479334,-7.444967,15.083280,-31.560873,-0.129347,1.515914,0.962230,-0.271913,-0.004684,0.012423
654,0.347637,-3.705424,9.960242,3.355607,-7.332712,16.639277,-31.296978,-0.073734,2.095026,0.962777,-0.269678,-0.005551,0.017430
655,0.295090,-3.926651,10.040663,3.594976,-6.221685,16.433941,-31.050512,-0.001887,2.683231,0.963249,-0.267589,-0.006283,0.022555
656,0.161708,-4.009813,10.198463,5.031430,-4.477024,13.926236,-30.784883,0.090504,3.208760,0.963746,-0.265346,-0.006670,0.027203
657,0.033888,-3.959353,10.005030,10.222819,-2.577728,9.786119,-30.412811,0.183397,3.608816,0.964494,-0.262215,-0.006715,0.030805
658,0.112488,-3.894531,9.532851,17.871786,-0.515151,4.500058,-29.835443,0.251304,3.840873,0.965733,-0.257357,-0.006509,0.032946
659,0.180255,-3.952411,9.153187,22.763588,0.831322,-1.628559,-29.066607,0.265982,3.880231,0.967425,-0.250874,-0.006250,0.033354
660,0.189770,-4.017803,8.959744,26.530680,1.442048,-7.117943,-28.174612,0.212457,3.734320,0.969395,-0.243329,-0.006133,0.032053
661,0.324324,-3.980676,8.670965,31.816118,1.500000,-11.968163,-27.150423,0.085847,3.429852,0.971622,-0.234638,-0.006297,0.029266
662,0.424934,-3.939788,8.431087,34.629681,0.783711,-16.104538,-26.007883,-0.120010,2.994138,0.974028,-0.224914,-0.006899,0.025220
663,0.381409,-3.926380,8.606080,34.752022,-0.570444,-18.519646,-24.826885,-0.395196,2.471008,0.976405,-0.214841,-0.008002,0.020317
664,0.300873,-3.938193,8.804318,36.359924,-1.364011,-18.433443,-23.622744,-0.699769,1.922259,0.978692,-0.204557,-0.009410,0.015169
665,0.344958,-3.786736,8.705231,38.907112,-1.632311,-18.855171,-22.354965,-1.005644,1.369270,0.980944,-0.193725,-0.010925,0.010021
666,0.412269,-3.579795,8.757182,38.797363,-1.836580,-19.583597,-21.046991,-1.314059,0.794969,0.983106,-0.182544,-0.012541,0.004726
667,0.429985,-3.374782,8.988029,36.868889,-1.909569,-19.684824,-19.767263,-1.617905,0.202827,0.985063,-0.171606,-0.014213,-0.000680
668,0.281485,-3.131224,9.142384,35.345150,-1.447814,-18.568096,-18.537706,-1.888093,-0.381682,0.986795,-0.161099,-0.015724,-0.005941
669,0.070061,-2.819337,9.338216,33.927341,-0.378978,-16.680338,-17.348038,-2.089071,-0.931950,0.988343,-0.150929,-0.016794,-0.010788
670,0.191590,-2.531442,9.570873,32.096836,0.537767,-14.186668,-16.202600,-2.219565,-1.426301,0.989724,-0.141125,-0.017420,-0.015049
671,0.157499,-2.269728,9.729070,32.351410,0.776938,-12.182900,-15.076656,-2.302472,-1.856859,0.990984,-0.131468,-0.017790,-0.018696
672,0.216243,-2.181456,9.810545,32.499176,1.074144,-8.795131,-13.946839,-2.345141,-2.204451,0.992163,-0.121752,-0.017974,-0.021574
673,0.265874,-2.040596,9.796657,34.177002,0.939274,-5.505089,-12.796371,-2.355523,-2.445282,0.993286,-0.111824,-0.018044,-0.023490
674,0.575197,-1.825128,9.806949,35.578487,0.600477,-3.794622,-11.599753,-2.363652,-2.603390,0.994365,-0.101473,-0.018219,-0.024680
675,0.469872,-1.637355,9.751458,36.986019,-0.346215,-1.295383,-10.360003,-2.383610,-2.688800,0.995382,-0.090727,-0.018591,-0.025239
676,0.563137,-1.422094,9.739513,36.981972,-0.523820,1.518223,-9.101872,-2.404819,-2.683857,0.996315,-0.079796,-0.019055,-0.025005
677,0.572782,-1.068410,9.729705,39.329754,-1.190013,1.447774,-7.801895,-2.437013,-2.632253,0.997161,-0.068486,-0.019648,-0.024357
678,0.756578,-0.847340,9.735658,39.350887,-1.467643,-0.209709,-6.456528,-2.496738,-2.608044,0.997890,-0.056781,-0.020465,-0.023943
679,0.626782,-0.638580,9.702931,38.947739,-2.462585,-1.340739,-5.116465,-2.584530,-2.629089,0.998463,-0.045129,-0.021500,-0.023919
680,0.571060,-0.413608,9.790930,38.221031,-2.909112,-2.509817,-3.794242,-2.690989,-2.687896,0.998883,-0.033637,-0.022686,-0.024212
681,0.494672,-0.224266,9.764640,36.642754,-3.295642,-2.905190,-2.510314,-2.805290,-2.774030,0.999155,-0.022484,-0.023935,-0.024729
682,0.399778,-0.038893,9.771162,33.744343,-3.023897,-1.867672,-1.303810,-2.911643,-2.851517,0.999296,-0.012003,-0.025114,-0.025161
683,0.262574,0.151859,9.797390,31.700314,-2.537732,-0.007655,-0.183670,-2.993158,-2.882848,0.999340,-0.002259,-0.026069,-0.025188
684,0.283034,0.289239,9.798525,28.513157,-1.610138,1.875251,0.843595,-3.045343,-2.853122,0.999315,0.006695,-0.026747,-0.024691
686,0.273123,0.394676,9.740861,24.117113,-0.734395,4.003821,1.736469,-3.069090,-2.756781,0.999247,0.014499,-0.027133,-0.023638
687,0.264633,0.395607,9.798184,20.440657,0.277248,6.017953,2.482963,-3.064156,-2.590385,0.999166,0.021049,-0.027213,-0.022011
688,0.289552,0.461861,9.852105,18.060600,0.902802,7.258457,3.117654,-3.037000,-2.368197,0.999080,0.026641,-0.027046,-0.019929
689,0.410531,0.544362,9.835550,15.799304,1.097610,7.667350,3.670326,-3.005640,-2.117512,0.998988,0.031523,-0.026800,-0.017622
690,0.417140,0.632962,9.822088,14.763234,0.928845,7.473520,4.166814,-2.981447,-1.863057,0.998884,0.035915,-0.026585,-0.015296
691,0.460247,0.684548,9.841909,14.107002,0.677511,6.556414,4.634677,-2.967128,-1.627434,0.998761,0.040049,-0.026440,-0.013138
692,0.517220,0.786233,9.831137,13.345429,0.264118,5.381449,5.080165,-2.966710,-1.427474,0.998619,0.043978,-0.026411,-0.011293
693,0.567603,0.844153,9.770339,11.572168,-0.213749,4.662766,5.485074,-2.984489,-1.260394,0.998469,0.047543,-0.026536,-0.009736
694,0.511362,0.878007,9.822984,9.495038,-0.748040,4.885589,5.823631,-3.018868,-1.103179,0.998329,0.050526,-0.026795,-0.008273
695,0.547682,0.899738,9.886615,7.097144,-1.154014,5.018388,6.083264,-3.068514,-0.941615,0.998211,0.052821,-0.027172,-0.006782
696,0.553198,0.963822,9.915848,5.373694,-1.111431,4.751402,6.274047,-3.125393,-0.783103,0.998117,0.054516,-0.027603,-0.005329
697,0.509768,1.055479,9.809165,3.586482,-0.943521,4.926896,6.410338,-3.176528,-0.626090,0.998046,0.055738,-0.027978,-0.003903
698,0.442083,1.008060,9.904932,0.828649,-0.544720,5.207633,6.468613,-3.213420,-0.460425,0.998013,0.056284,-0.028220,-0.002428
699,0.405053,1.005731,9.872332,0.170143,-0.111878,5.647033,6.464784,-3.232051,-0.281024,0.998013,0.056294,-0.028294,-0.000857
700,0.431174,0.999062,9.811606,0.041099,0.626212,6.445020,6.446085,-3.232814,-0.078875,0.998022,0.056181,-0.028202,0.000899
701,0.495334,1.003795,9.847585,-0.014683,1.214424,7.381904,6.422791,-3.219017,0.154524,0.998033,0.056036,-0.027968,0.002919
702,0.562713,0.969647,9.940951,-0.319324,1.426775,7.281220,6.391021,-3.199526,0.403375,0.998044,0.055819,-0.027678,0.005069
703,0.626837,1.046806,9.881082,1.352295,1.394460,6.257400,6.385488,-3.181363,0.633762,0.998039,0.055826,-0.027408,0.007066
704,0.702652,1.126935,9.881908,1.828236,1.239500,4.223444,6.426736,-3.167843,0.812627,0.998010,0.056227,-0.027200,0.008627
705,0.689706,1.187258,9.889486,2.211601,0.608196,2.017058,6.492653,-3.162737,0.919342,0.997970,0.056826,-0.027097,0.009569
706,0.714789,1.243086,9.882461,3.129411,-0.131506,0.016661,6.588876,-3.173182,0.953453,0.997917,0.057673,-0.027163,0.009894
707,0.682447,1.291354,9.866337,4.781487,-0.750634,-1.568703,6.735109,-3.198906,0.925274,0.997839,0.058941,-0.027389,0.009697
708,0.663360,1.347063,9.829227,5.329054,-1.000280,-2.212609,6.923451,-3.231878,0.858194,0.997738,0.060567,-0.027695,0.009175
709,0.645531,1.345614,9.871083,5.572943,-0.990336,-2.203436,7.125415,-3.264998,0.780041,0.997627,0.062308,-0.028010,0.008561
710,0.597928,1.401873,9.841047,6.181471,-0.832081,-2.177511,7.340860,-3.291379,0.702771,0.997507,0.064165,-0.028267,0.007956
711,0.521777,1.348942,9.751341,5.747591,-0.545162,-2.314909,7.556767,-3.303763,0.624694,0.997387,0.066026,-0.028405,0.007337
712,0.535003,1.298372,9.739649,4.200682,-0.059627,-2.533175,7.732029,-3.299306,0.542867,0.997291,0.067531,-0.028403,0.006666
713,0.553691,1.250417,9.754680,2.189253,0.125186,-3.459421,7.840949,-3.282505,0.444084,0.997236,0.068454,-0.028309,0.005823
714,0.508802,1.258896,9.741554,1.720192,0.151392,-4.616074,7.906145,-3.256241,0.311608,0.997209,0.068988,-0.028157,0.004670
715,0.505189,1.148740,9.776812,-0.407866,0.456951,-6.822561,7.927102,-3.215322,0.124536,0.997213,0.069125,-0.027913,0.003023
716,0.556781,1.235699,9.839603,-1.296938,1.081220,-10.808245,7.902331,-3.147506,-0.162734,0.997249,0.068841,-0.027496,0.000476
717,0.498158,1.373878,9.922811,-4.182856,0.789921,-14.052362,7.828090,-3.058030,-0.569230,0.997309,0.068102,-0.026960,-0.003133
718,0.397426,1.333143,9.864079,-7.832945,0.932364,-14.429334,7.651419,-2.959013,-1.036347,0.997414,0.066464,-0.026364,-0.007298
719,0.308473,1.310352,9.691164,-12.683903,1.795465,-15.215313,7.333456,-2.837610,-1.520926,0.997580,0.063600,-0.025556,-0.011658
720,0.276215,1.318302,9.752257,-17.261471,2.643533,-14.626471,6.860317,-2.688016,-2.006127,0.997806,0.059396,-0.024457,-0.016067
721,0.201306,1.175742,9.775331,-20.706829,2.510613,-11.536650,6.249093,-2.535926,-2.430226,0.998070,0.054012,-0.023246,-0.019964
722,0.177982,1.140597,9.755831,-18.359749,2.460227,-7.300861,5.613710,-2.402501,-2.734583,0.998321,0.048445,-0.022101,-0.022801
723,0.209767,1.355615,9.845439,-9.437868,1.718434,-2.341800,5.173254,-2.301405,-2.889024,0.998485,0.044601,-0.021193,-0.024272
724,0.415837,1.462120,10.036551,5.025993,-0.318119,6.418373,5.130291,-2.277181,-2.820601,0.998520,0.044244,-0.020946,-0.023693
725,0.453794,1.245661,9.898927,22.111300,-3.245041,15.131320,5.600471,-2.372348,-2.469562,0.998382,0.048387,-0.021724,-0.020508
726,0.333361,1.135740,9.853015,30.058298,-4.178854,19.106289,6.464883,-2.554733,-1.915375,0.998042,0.055993,-0.023196,-0.015426
727,0.373898,1.190132,9.848081,31.407917,-3.978542,19.707430,7.468935,-2.762907,-1.289466,0.997541,0.064839,-0.024789,-0.009655
728,0.387584,1.113401,9.855618,27.467680,-3.282261,17.430708,8.416544,-2.962516,-0.692237,0.996964,0.073201,-0.026223,-0.004126
729,0.339851,1.081524,9.786862,17.868046,-1.868496,11.630638,9.127780,-3.111752,-0.224939,0.996464,0.079488,-0.027222,0.000204
730,0.303131,1.424146,9.820463,6.556396,0.156051,5.331516,9.501115,-3.170979,0.050897,0.996182,0.082798,-0.027537,0.002734
731,0.423967,1.592366,9.813226,2.356470,0.653014,3.555201,9.634222,-3.169186,0.199840,0.996081,0.083991,-0.027409,0.004059
732,0.409083,1.517649,9.753240,2.174349,0.784999,3.549001,9.696355,-3.155885,0.321152,0.996034,0.084560,-0.027201,0.005119
733,0.449856,1.491364,9.693188,1.923073,0.897142,3.088101,9.745536,-3.137544,0.435804,0.995996,0.085015,-0.026955,0.006113
734,0.413386,1.498315,9.705283,1.328212,1.009371,2.805732,9.778149,-3.112419,0.539036,0.995972,0.085322,-0.026658,0.007000
735,0.465407,1.511039,9.735479,0.875258,1.159669,3.120014,9.793224,-3.084126,0.643535,0.995961,0.085476,-0.026333,0.007890
736,0.505532,1.594579,9.756136,0.497378,1.395041,3.353468,9.797788,-3.055822,0.757923,0.995956,0.085541,-0.026001,0.008865
737,0.540135,1.617045,9.779125,-0.347068,1.489715,3.666305,9.786071,-3.027563,0.881975,0.995961,0.085466,-0.025664,0.009919
738,0.551114,1.629299,9.787369,-0.777874,1.384289,3.889140,9.754163,-3.003512,1.014712,0.995978,0.085217,-0.025359,0.011048
739,0.539196,1.618061,9.827909,-0.531166,0.987391,3.762541,9.719253,-2.988175,1.147594,0.995994,0.084942,-0.025131,0.012184
740,0.527462,1.621589,9.831906,0.040553,0.405928,3.451294,9.698364,-2.986706,1.270516,0.995997,0.084787,-0.025029,0.013247
741,0.511400,1.643187,9.818670,0.371311,-0.201384,2.746335,9.695271,-3.000714,1.373287,0.995983,0.084784,-0.025075,0.014149
742,0.497102,1.642006,9.822149,0.679280,-0.501864,2.068817,9.705366,-3.024218,1.450699,0.995960,0.084891,-0.025221,0.014842
743,0.419831,1.633003,9.810766,1.048249,-0.592925,1.826126,9.727095,-3.046911,1.511892,0.995931,0.085095,-0.025370,0.015395
744,0.414115,1.601954,9.779525,1.488790,-0.711114,2.135771,9.760435,-3.069001,1.573685,0.995892,0.085401,-0.025511,0.015956
745,0.402726,1.571683,9.741792,2.156466,-1.009279,2.889457,9.808497,-3.099944,1.651922,0.995838,0.085839,-0.025715,0.016669
746,0.412940,1.569379,9.733788,2.579845,-1.170078,4.247412,9.870998,-3.144117,1.763648,0.995763,0.086412,-0.026006,0.017687
747,0.442827,1.587153,9.764415,3.781417,-1.356916,5.625222,9.957692,-3.203247,1.919321,0.995657,0.087208,-0.026388,0.019104
748,0.538358,1.644689,9.843739,5.250144,-1.719623,6.433923,10.088247,-3.282923,2.109142,0.995504,0.088397,-0.026912,0.020844
749,0.584470,1.721525,9.837527,6.272094,-1.707379,6.885615,10.262861,-3.377965,2.318202,0.995302,0.089977,-0.027541,0.022775
750,0.576437,1.772289,9.829189,6.067484,-1.347254,7.248793,10.453505,-3.470345,2.541269,0.995079,0.091702,-0.028127,0.024830
751,0.600460,1.731800,9.781158,5.198930,-1.344142,7.026015,10.623637,-3.557235,2.767616,0.994866,0.093251,-0.028661,0.026907
752,0.610853,1.653295,9.709107,2.933545,-1.305972,6.372972,10.734445,-3.641851,2.980008,0.994699,0.094283,-0.029195,0.028847
753,0.659455,1.549754,9.664439,1.892675,-1.191643,5.872601,10.780944,-3.722529,3.174511,0.994586,0.094753,-0.029723,0.030612
754,0.728540,1.637266,9.505462,2.057254,-1.318805,4.328576,10.814382,-3.802227,3.335433,0.994490,0.095103,-0.030272,0.032082
755,0.845066,1.701378,9.602503,-1.716011,-1.416068,2.146796,10.798738,-3.881813,3.434080,0.994450,0.095011,-0.030885,0.032999
756,0.846119,1.686280,9.773189,-3.044742,-1.638718,1.039320,10.701672,-3.959591,3.477884,0.994492,0.094199,-0.031553,0.033416
757,0.796912,1.789348,9.818689,-2.952517,-2.481967,0.081277,10.590581,-4.042602,3.484330,0.994554,0.093256,-0.032300,0.033507
