seq,ax,ay,az,wroll,wpitch,wyaw,roll,pitch,yaw,q0,q1,q2,q3
62,0.081671,-0.328412,9.917795,0.146145,-0.671835,0.109437,-1.896567,-0.471550,0.015614,0.999855,-0.016549,-0.004117,0.000068
63,0.050085,-0.275878,9.942628,-0.586094,-0.316172,-0.047731,-1.866187,-0.451494,0.014877,0.999860,-0.016284,-0.003942,0.000066
64,0.071465,-0.275494,9.922168,-1.157928,-0.137491,0.219307,-1.817552,-0.429357,0.017377,0.999867,-0.015860,-0.003749,0.000092
65,0.081863,-0.289961,9.921908,-1.256834,-0.134442,0.568742,-1.801986,-0.434029,0.030221,0.999869,-0.015724,-0.003791,0.000204
66,0.082840,-0.316190,9.929941,-1.279641,0.083707,0.568740,-1.828169,-0.445855,0.049078,0.999865,-0.015951,-0.003897,0.000366
67,0.074694,-0.358479,9.929410,-1.292022,0.057747,0.579422,-1.906016,-0.446683,0.068405,0.999854,-0.016630,-0.003907,0.000532
68,0.074167,-0.364709,9.921944,-1.048167,-0.639578,0.841884,-2.003683,-0.451054,0.092862,0.999839,-0.017481,-0.003950,0.000741
69,0.070871,-0.374857,9.910821,-0.737119,-1.356723,0.954806,-2.081888,-0.475196,0.124338,0.999826,-0.018162,-0.004166,0.001010
70,0.075446,-0.398592,9.899150,-0.751110,-1.481795,0.899877,-2.158478,-0.510595,0.157379,0.999812,-0.018829,-0.004481,0.001289
71,0.087923,-0.389691,9.889475,-0.832199,-1.429887,0.814427,-2.228079,-0.552594,0.188143,0.999798,-0.019434,-0.004853,0.001548
72,0.100500,-0.363730,9.889643,-0.685694,-1.423802,0.796116,-2.250510,-0.602756,0.216781,0.999792,-0.019628,-0.005296,0.001788
73,0.106515,-0.370444,9.911940,-0.575673,-1.106437,0.805269,-2.240920,-0.649418,0.244787,0.999791,-0.019542,-0.005708,0.002025
74,0.115676,-0.387748,9.925763,-0.632055,-0.695983,0.696927,-2.246156,-0.682492,0.270821,0.999788,-0.019586,-0.006001,0.002246
75,0.116880,-0.375821,9.930457,-0.592327,-0.726508,0.580956,-2.255815,-0.706561,0.292907,0.999784,-0.019668,-0.006215,0.002434
76,0.109934,-0.379135,9.924795,-0.506777,-0.847002,0.617579,-2.254802,-0.721175,0.313663,0.999783,-0.019658,-0.006346,0.002613
77,0.111115,-0.405402,9.909816,-0.593768,-0.691256,0.693879,-2.276056,-0.725702,0.336550,0.999779,-0.019842,-0.006390,0.002811
78,0.113896,-0.417441,9.894590,-0.683950,-0.445485,0.548921,-2.327965,-0.724319,0.358381,0.999769,-0.020294,-0.006383,0.002998
79,0.109269,-0.412235,9.885939,-0.639831,-0.050165,0.307831,-2.376822,-0.710866,0.373309,0.999761,-0.020719,-0.006270,0.003128
80,0.103665,-0.419810,9.899953,-0.508675,0.442844,0.098786,-2.410868,-0.676968,0.379977,0.999756,-0.021017,-0.005976,0.003191
81,0.104925,-0.419063,9.920460,-0.429367,0.583352,0.005710,-2.434429,-0.635405,0.381080,0.999754,-0.021224,-0.005614,0.003207
82,0.116400,-0.408483,9.937755,-0.232475,0.360591,0.013340,-2.435767,-0.614815,0.380619,0.999755,-0.021236,-0.005435,0.003207
83,0.115826,-0.409778,9.937265,0.010251,0.239985,-0.145360,-2.418765,-0.616576,0.377770,0.999758,-0.021088,-0.005449,0.003182
84,0.115573,-0.402669,9.922543,0.225519,-0.019491,-0.249127,-2.392184,-0.626862,0.370799,0.999762,-0.020856,-0.005537,0.003121
85,0.110585,-0.391749,9.899652,0.334008,-0.161444,-0.221663,-2.353312,-0.638578,0.362758,0.999769,-0.020517,-0.005636,0.003051
86,0.106003,-0.391938,9.901737,0.353987,0.268876,-0.468865,-2.313366,-0.635516,0.350871,0.999777,-0.020169,-0.005607,0.002949
87,0.104179,-0.391325,9.894472,0.174017,0.719063,-0.766420,-2.286325,-0.612098,0.329439,0.999783,-0.019935,-0.005398,0.002768
88,0.106259,-0.391074,9.908247,0.206111,0.798431,-0.693175,-2.269784,-0.583677,0.304017,0.999788,-0.019792,-0.005145,0.002552
89,0.091417,-0.405698,9.921387,0.228970,0.948008,-0.893069,-2.268360,-0.548394,0.276507,0.999790,-0.019782,-0.004832,0.002318
90,0.087352,-0.403757,9.927214,0.231933,1.051838,-1.015140,-2.278040,-0.502904,0.243577,0.999791,-0.019869,-0.004430,0.002038
91,0.089472,-0.406763,9.924368,0.416483,0.774140,-0.636709,-2.284277,-0.469394,0.215013,0.999791,-0.019925,-0.004133,0.001794
92,0.077038,-0.391005,9.931817,0.485124,0.655126,-0.535997,-2.274316,-0.444752,0.194584,0.999794,-0.019839,-0.003914,0.001621
93,0.069129,-0.386995,9.927567,0.469913,0.774196,-0.641285,-2.248683,-0.412200,0.173966,0.999800,-0.019617,-0.003626,0.001447
94,0.075123,-0.383012,9.897903,0.576778,0.832197,-0.529891,-2.221149,-0.383040,0.153345,0.999806,-0.019377,-0.003368,0.001273
95,0.065246,-0.387625,9.914485,0.570684,1.132794,-0.729788,-2.199900,-0.353264,0.131086,0.999810,-0.019193,-0.003104,0.001085
96,0.053405,-0.379829,9.913287,0.462334,1.662324,-1.179935,-2.184107,-0.301117,0.097509,0.999815,-0.019056,-0.002643,0.000801
97,0.051126,-0.386403,9.911454,0.686617,2.060624,-1.182985,-2.170468,-0.233860,0.055829,0.999818,-0.018939,-0.002050,0.000448
98,0.037300,-0.386068,9.913974,0.523271,2.236122,-0.906791,-2.164584,-0.160383,0.018381,0.999821,-0.018888,-0.001402,0.000134
99,0.017753,-0.377243,9.948303,0.364531,2.301788,-0.590923,-2.158620,-0.075525,-0.009382,0.999822,-0.018836,-0.000657,-0.000094
100,0.022030,-0.385006,9.907669,0.474348,2.161406,-0.224701,-2.154469,-0.000844,-0.025748,0.999823,-0.018800,-0.000003,-0.000225
101,0.016305,-0.380334,9.875259,0.516995,2.283383,0.091163,-2.153665,0.053704,-0.030747,0.999823,-0.018793,0.000474,-0.000259
102,-0.007592,-0.377591,9.849875,0.626800,2.858588,0.336834,-2.146969,0.125843,-0.026840,0.999824,-0.018734,0.001102,-0.000214
103,-0.010897,-0.388948,9.849119,0.934934,3.822925,0.405498,-2.141739,0.227977,-0.018682,0.999823,-0.018689,0.001992,-0.000126
104,-0.032719,-0.371846,9.874953,0.913483,5.077169,0.274266,-2.128134,0.363194,-0.012932,0.999822,-0.018570,0.003171,-0.000054
105,-0.085230,-0.358619,9.930365,0.736507,5.927169,0.234594,-2.094599,0.558781,-0.011163,0.999821,-0.018277,0.004877,-0.000008
106,-0.133591,-0.360723,9.961787,0.657212,6.290565,0.164410,-2.060621,0.807483,-0.011798,0.999813,-0.017980,0.007047,0.000024
107,-0.174044,-0.373311,9.986870,0.503054,6.292356,-0.096514,-2.049296,1.070337,-0.018299,0.999797,-0.017880,0.009342,0.000007
108,-0.287677,-0.359925,9.981403,0.615908,7.678410,0.069830,-2.043628,1.405642,-0.027259,0.999766,-0.017829,0.012269,-0.000019
109,-0.333787,-0.371400,9.930223,-0.285956,10.411901,0.256012,-2.046952,1.818952,-0.032776,0.999715,-0.017855,0.015875,-0.000002
110,-0.406667,-0.380299,9.904821,-1.558661,13.966130,0.663444,-2.094352,2.295439,-0.032690,0.999633,-0.018266,0.020032,0.000081
112,-0.499710,-0.396447,9.896904,-1.812082,17.740116,1.751438,-2.173038,2.899870,-0.013098,0.999500,-0.018953,0.025301,0.000366
113,-0.666192,-0.411523,9.910427,-2.192172,22.304672,2.967613,-2.263736,3.672143,0.038390,0.999291,-0.019754,0.032027,0.000968
114,-0.774429,-0.399021,9.863005,-2.686658,24.128738,2.998150,-2.357369,4.566439,0.105616,0.998994,-0.020591,0.039812,0.001740
115,-0.954370,-0.424393,9.855100,-2.021406,23.592203,3.024111,-2.440707,5.483459,0.171900,0.998626,-0.021345,0.047791,0.002517
116,-1.090612,-0.472317,9.848160,-0.846581,22.883244,3.042434,-2.509055,6.380857,0.237172,0.998206,-0.021975,0.055596,0.003285
117,-1.261282,-0.484531,9.815569,-0.257779,23.141714,2.094838,-2.562763,7.268338,0.284740,0.997733,-0.022475,0.063314,0.003897
118,-1.389132,-0.478086,9.788050,0.175403,22.979015,1.429538,-2.597518,8.154317,0.304660,0.997205,-0.022797,0.071021,0.004263
119,-1.485312,-0.475037,9.787864,0.558276,22.805485,1.186917,-2.611563,9.002816,0.309967,0.996648,-0.022930,0.078401,0.004484
120,-1.621107,-0.455260,9.774871,0.742835,23.559582,1.074000,-2.605213,9.834315,0.310217,0.996053,-0.022881,0.085631,0.004645
121,-1.765409,-0.419350,9.728306,1.028209,23.468306,0.381248,-2.572251,10.674735,0.299909,0.995405,-0.022591,0.092938,0.004693
122,-1.900685,-0.395708,9.734231,1.235858,22.594219,0.836008,-2.511717,11.496327,0.290558,0.994724,-0.022061,0.100076,0.004717
123,-1.997054,-0.380901,9.684488,1.664805,20.892981,0.804004,-2.430576,12.255686,0.293100,0.994054,-0.021361,0.106669,0.004807
124,-2.114073,-0.358376,9.663394,1.982378,20.029381,1.045141,-2.331414,12.953258,0.303492,0.993403,-0.020513,0.112721,0.004926
125,-2.251126,-0.376795,9.667457,2.252596,19.289377,1.176402,-2.231109,13.624273,0.320602,0.992742,-0.019663,0.118537,0.005087
126,-2.336323,-0.354270,9.659472,2.657039,17.552910,1.515176,-2.128583,14.246821,0.346271,0.992099,-0.018806,0.123929,0.005301
127,-2.395032,-0.373953,9.634473,2.597539,15.355468,1.222196,-2.031930,14.774382,0.373329,0.991531,-0.018003,0.128496,0.005510
128,-2.459426,-0.345922,9.607813,2.748567,13.794206,0.805601,-1.946631,15.212977,0.388686,0.991044,-0.017286,0.132292,0.005610
129,-2.572452,-0.363275,9.598573,2.685926,13.191251,0.141794,-1.872606,15.619992,0.385079,0.990579,-0.016646,0.135815,0.005549
130,-2.566911,-0.353825,9.518879,2.798696,12.844614,-0.499143,-1.818748,16.002953,0.355806,0.990128,-0.016148,0.139132,0.005284
131,-2.637371,-0.339515,9.477078,2.890101,15.230829,-1.124827,-1.768799,16.403196,0.303404,0.989645,-0.015655,0.142599,0.004822
132,-2.753689,-0.323790,9.429984,2.851819,18.627342,-1.669627,-1.721014,16.926172,0.228786,0.988993,-0.015148,0.147126,0.004185
133,-2.837689,-0.333842,9.369557,2.641084,21.680649,-1.941291,-1.688972,17.581203,0.134877,0.988143,-0.014745,0.152790,0.003415
134,-2.959787,-0.335091,9.307214,2.390621,24.999523,-2.402187,-1.682358,18.354254,0.020936,0.987093,-0.014522,0.159467,0.002522
135,-3.141637,-0.301323,9.307450,1.757198,27.874481,-2.277110,-1.685096,19.255287,-0.099971,0.985811,-0.014352,0.167239,0.001599
136,-3.321080,-0.354959,9.266844,1.003189,29.182449,-1.558462,-1.717675,20.252993,-0.212689,0.984315,-0.014429,0.175829,0.000808
137,-3.473589,-0.349289,9.212007,1.033423,29.039295,-1.592125,-1.779352,21.277376,-0.322413,0.982697,-0.014741,0.184635,0.000102
138,-3.647712,-0.336325,9.177968,0.805835,28.084330,-1.998099,-1.836378,22.278893,-0.437472,0.981039,-0.014985,0.193231,-0.000649
139,-3.815545,-0.312863,9.163542,0.878954,26.825676,-1.265696,-1.872908,23.238398,-0.539362,0.979382,-0.015061,0.201452,-0.001318
140,-3.938858,-0.326150,9.080358,1.626571,24.683449,-0.724024,-1.878357,24.129522,-0.614075,0.977785,-0.014909,0.209072,-0.001814
141,-4.051756,-0.269994,9.013710,1.802047,22.783758,-1.218422,-1.849236,24.936712,-0.678317,0.976292,-0.014478,0.215962,-0.002295
142,-4.155115,-0.276336,8.987869,1.156649,20.815292,-1.126836,-1.812473,25.657015,-0.740143,0.974919,-0.013987,0.222101,-0.002785
143,-4.225606,-0.278485,8.922127,1.203984,19.753094,-0.517982,-1.789256,26.301201,-0.791088,0.973658,-0.013633,0.227583,-0.003169
144,-4.279249,-0.297222,8.851305,1.538132,19.786385,-0.183828,-1.767012,26.903698,-0.830320,0.972451,-0.013311,0.232703,-0.003459
145,-4.399916,-0.311848,8.802998,1.577701,20.806940,-0.830882,-1.761099,27.521198,-0.884723,0.971183,-0.013090,0.237946,-0.003843
146,-4.510967,-0.282438,8.751146,2.152882,21.484243,-1.157485,-1.751341,28.183046,-0.957346,0.969792,-0.012789,0.243558,-0.004381
147,-4.636125,-0.240776,8.658643,2.885344,22.358500,-1.477922,-1.698483,28.892782,-1.030028,0.968269,-0.012110,0.249566,-0.005006
148,-4.796869,-0.252096,8.643943,2.632088,22.326490,-1.615228,-1.634975,29.642244,-1.107903,0.966621,-0.011319,0.255898,-0.005696
149,-4.892457,-0.252504,8.579548,2.183460,20.420662,-1.842593,-1.601113,30.363775,-1.198452,0.964991,-0.010745,0.261985,-0.006433
150,-4.947045,-0.212489,8.508332,1.948498,18.417070,-1.380221,-1.566701,30.998957,-1.277630,0.963524,-0.010194,0.267335,-0.007089
151,-5.036613,-0.242499,8.471831,1.097056,16.324869,-1.015515,-1.543133,31.545118,-1.339391,0.962238,-0.009781,0.271928,-0.007587
152,-5.067051,-0.259151,8.436613,0.887933,14.687273,-0.634085,-1.555209,32.004711,-1.398358,0.961136,-0.009681,0.275790,-0.007988
153,-5.117382,-0.228507,8.344891,1.197640,15.509392,-0.824870,-1.559896,32.436203,-1.451385,0.960088,-0.009532,0.279412,-0.008359
154,-5.241716,-0.187166,8.287951,1.090886,17.943033,-0.483030,-1.528456,32.951122,-1.486025,0.958824,-0.009112,0.283723,-0.008652
155,-5.371464,-0.154472,8.224064,1.289425,21.211584,0.775968,-1.448593,33.607841,-1.474399,0.957191,-0.008381,0.289206,-0.008662
156,-5.480271,-0.165231,8.129689,1.544425,24.246836,1.537522,-1.338404,34.403893,-1.422991,0.955172,-0.007484,0.295836,-0.008408
157,-5.605656,-0.157909,8.036779,1.883295,26.722170,2.146449,-1.218360,35.311646,-1.352586,0.952813,-0.006551,0.303380,-0.008022
158,-5.781386,-0.181651,8.000508,1.813131,27.280998,3.045247,-1.098560,36.281258,-1.263273,0.950227,-0.005677,0.311418,-0.007491
159,-5.860775,-0.176502,7.903738,2.136570,25.625639,2.817848,-0.989381,37.218216,-1.171677,0.947661,-0.004919,0.319165,-0.006935
160,-5.958162,-0.188849,7.851389,1.945709,22.836329,1.430692,-0.915326,38.042797,-1.122149,0.945347,-0.004360,0.325969,-0.006654
161,-6.054388,-0.179309,7.796721,1.960802,20.852543,1.163527,-0.878266,38.754795,-1.114153,0.943306,-0.004004,0.331834,-0.006629
162,-6.148574,-0.167883,7.723045,1.389948,19.131149,0.601858,-0.858662,39.391178,-1.121525,0.941450,-0.003756,0.337066,-0.006689
163,-6.177392,-0.150439,7.632105,1.283004,17.836950,-0.046767,-0.857179,39.964298,-1.148655,0.939751,-0.003604,0.341771,-0.006864
164,-6.254587,-0.176530,7.572683,0.805241,17.232410,-0.893783,-0.893709,40.493389,-1.213185,0.938159,-0.003653,0.346110,-0.007234
165,-6.319237,-0.172485,7.494500,0.576176,17.209265,-1.179284,-0.969462,41.014786,-1.310490,0.936566,-0.003917,0.350383,-0.007747
166,-6.412874,-0.158423,7.430227,0.063335,17.497469,-1.650911,-1.054859,41.553108,-1.416585,0.934900,-0.004221,0.354789,-0.008292
167,-6.501893,-0.154187,7.362808,-0.106118,17.750664,-1.638771,-1.141471,42.116943,-1.522864,0.933133,-0.004520,0.359394,-0.008822
168,-6.591157,-0.141457,7.295846,0.398943,18.864540,-1.397695,-1.201958,42.716702,-1.613395,0.931231,-0.004640,0.364281,-0.009292
169,-6.661472,-0.132534,7.214898,0.711789,19.809080,-0.965828,-1.220832,43.358105,-1.677667,0.929173,-0.004491,0.369491,-0.009669
170,-6.744622,-0.149858,7.126909,0.714871,20.694132,-0.628571,-1.224995,44.035851,-1.726681,0.926969,-0.004261,0.374982,-0.009961
171,-6.803716,-0.134921,7.026267,1.201665,21.179407,-0.294369,-1.213189,44.739502,-1.762424,0.924648,-0.003936,0.380666,-0.010193
172,-6.879119,-0.153233,6.942397,1.473293,21.692127,0.612043,-1.173181,45.455841,-1.772479,0.922252,-0.003466,0.386435,-0.010310
173,-6.985260,-0.159330,6.875414,1.323718,21.699753,1.378024,-1.121218,46.178322,-1.755518,0.919803,-0.002992,0.392236,-0.010255
174,-7.097197,-0.141186,6.795617,1.337415,21.692141,2.024978,-1.046627,46.905762,-1.703808,0.917302,-0.002461,0.398059,-0.010004
175,-7.162966,-0.136624,6.694155,1.789059,21.559414,2.880991,-0.932430,47.633564,-1.611034,0.914767,-0.001766,0.403865,-0.009575
176,-7.251528,-0.126763,6.614199,2.182704,21.637243,3.091522,-0.787179,48.356197,-1.492716,0.912215,-0.000931,0.409612,-0.009070
177,-7.317748,-0.083327,6.514325,2.223887,21.953094,2.227829,-0.630618,49.080975,-1.377563,0.909616,-0.000013,0.415360,-0.008650
178,-7.379161,-0.043679,6.391772,1.688329,21.686054,1.001033,-0.491062,49.807758,-1.290834,0.906970,0.000857,0.421110,-0.008412
179,-7.455845,-0.051804,6.303518,1.229063,21.965294,0.186232,-0.407876,50.535236,-1.255517,0.904281,0.001458,0.426854,-0.008389
180,-7.575061,-0.066584,6.228847,-0.045110,21.788292,-1.641857,-0.436959,51.265041,-1.312132,0.901540,0.001516,0.432605,-0.008674
181,-7.649986,-0.077200,6.128820,-1.528374,21.480078,-2.618529,-0.594115,51.989880,-1.462794,0.898777,0.000935,0.438310,-0.009201
182,-7.739580,-0.092926,6.054207,-1.406373,20.646927,-2.136429,-0.795390,52.691303,-1.636836,0.896064,0.000119,0.443818,-0.009720
183,-7.789854,-0.148536,5.976905,-1.356131,19.810644,-1.642177,-1.000924,53.349560,-1.808087,0.893486,-0.000721,0.448976,-0.010177
184,-7.832961,-0.125515,5.873522,-1.163968,18.981932,-2.022272,-1.200789,53.966949,-1.978287,0.891038,-0.001504,0.453802,-0.010629
185,-7.854023,-0.114899,5.766471,-0.278951,18.870378,-1.479073,-1.336464,54.564411,-2.110915,0.888647,-0.001921,0.458456,-0.011025
186,-7.876910,-0.136209,5.659220,1.359895,19.494307,-0.439919,-1.384137,55.167774,-2.191697,0.886214,-0.001849,0.463133,-0.011358
187,-7.917896,-0.137521,5.531711,1.507901,21.342077,-0.735964,-1.394364,55.822132,-2.259843,0.883550,-0.001520,0.468187,-0.011730
188,-8.025876,-0.098441,5.405181,1.649845,23.907188,-0.906819,-1.389224,56.582001,-2.324785,0.880423,-0.001059,0.474034,-0.012117
189,-8.154620,-0.134296,5.321711,1.889446,26.222183,0.211734,-1.358708,57.449989,-2.366086,0.876806,-0.000473,0.480685,-0.012407
190,-8.330044,-0.131306,5.262366,1.733789,25.659298,0.692386,-1.315098,58.350815,-2.382926,0.873001,0.000118,0.487556,-0.012561
191,-8.473355,-0.136601,5.195310,0.860936,21.655397,0.257461,-1.293051,59.165291,-2.402013,0.869515,0.000536,0.493744,-0.012657
192,-8.555903,-0.146804,5.142622,-0.156903,15.540998,-0.217180,-1.340617,59.781239,-2.459846,0.866844,0.000556,0.498415,-0.012779
193,-8.533522,-0.158156,5.088226,-0.645268,8.593203,-0.279865,-1.438590,60.130981,-2.541939,0.865312,0.000249,0.501068,-0.012907
194,-8.504015,-0.154718,5.032359,-1.127552,1.979141,-0.644739,-1.576836,60.165691,-2.646009,0.865148,-0.000331,0.501345,-0.013081
195,-8.416147,-0.171895,4.981334,-1.156667,-1.769565,-0.617512,-1.748933,59.960678,-2.772548,0.866027,-0.001128,0.499818,-0.013329
196,-8.362354,-0.142426,4.970914,-0.923249,-2.580829,-0.646619,-1.854431,59.687443,-2.843134,0.867205,-0.001688,0.497766,-0.013465
197,-8.367220,-0.141038,4.983114,-0.631739,-2.384769,-0.423758,-1.859918,59.447754,-2.833061,0.868244,-0.001835,0.495952,-0.013420
198,-8.374841,-0.158082,4.996632,-0.344816,-1.944282,-0.236002,-1.853162,59.274616,-2.817573,0.868993,-0.001895,0.494639,-0.013372
199,-8.373590,-0.157331,5.017740,-0.106754,-1.744721,0.003588,-1.849813,59.146347,-2.809175,0.869547,-0.001939,0.493666,-0.013352
200,-8.367575,-0.165722,5.033173,0.048894,-1.873169,0.188222,-1.839392,59.032063,-2.796766,0.870040,-0.001942,0.492798,-0.013329
201,-8.357802,-0.164931,5.036481,0.163326,-2.036646,0.258386,-1.829674,58.926327,-2.786572,0.870495,-0.001939,0.491994,-0.013317
202,-8.338823,-0.146384,5.040638,0.335778,-2.122238,0.305724,-1.784827,58.829578,-2.749319,0.870914,-0.001782,0.491253,-0.013248
203,-8.363116,-0.155186,5.063596,0.360228,-2.097908,0.313408,-1.726629,58.743042,-2.702991,0.871291,-0.001560,0.490588,-0.013164
204,-8.355555,-0.137073,5.070318,0.424354,-1.864468,0.157825,-1.669801,58.672268,-2.660500,0.871599,-0.001327,0.490043,-0.013099
205,-8.376111,-0.115183,5.095079,0.314587,-1.634053,0.124418,-1.573475,58.615112,-2.585423,0.871852,-0.000928,0.489597,-0.012951
206,-8.368073,-0.120754,5.108734,0.163628,-1.914838,0.435882,-1.468567,58.554020,-2.496968,0.872123,-0.000521,0.489120,-0.012738
207,-8.341725,-0.124981,5.114765,0.004983,-1.837087,0.654174,-1.395189,58.478241,-2.426460,0.872454,-0.000280,0.488535,-0.012529
209,-8.327276,-0.113294,5.115482,-0.037706,-1.484682,0.915163,-1.325026,58.407066,-2.351830,0.872766,-0.000079,0.487985,-0.012272
210,-8.313685,-0.132014,5.114085,0.026377,-1.437419,1.043332,-1.274080,58.351128,-2.290598,0.873010,0.000038,0.487554,-0.012032
211,-8.296193,-0.107520,5.107115,0.095028,-1.121542,0.754907,-1.233366,58.311012,-2.241457,0.873186,0.000131,0.487244,-0.011838
212,-8.327211,-0.101013,5.124131,0.108793,-0.762881,0.606944,-1.169255,58.294075,-2.177522,0.873264,0.000344,0.487109,-0.011626
213,-8.349125,-0.101612,5.148679,0.319396,-0.538492,0.570366,-1.110656,58.288502,-2.123192,0.873293,0.000559,0.487060,-0.011462
214,-8.352268,-0.095763,5.161743,0.084420,-0.584249,0.024112,-1.075792,58.274086,-2.093861,0.873357,0.000697,0.486947,-0.011388
215,-8.343087,-0.084758,5.162727,-0.271088,-0.742971,-0.488545,-1.066340,58.247028,-2.087026,0.873472,0.000736,0.486740,-0.011380
216,-8.325054,-0.101721,5.167552,-0.329059,-1.142835,-0.036851,-1.079699,58.201092,-2.094172,0.873667,0.000656,0.486391,-0.011385
217,-8.283949,-0.116020,5.157125,-0.281805,-1.200947,0.219421,-1.119871,58.136433,-2.117659,0.873939,0.000437,0.485902,-0.011403
218,-8.290973,-0.114673,5.169406,-0.326124,-1.068322,0.036200,-1.169949,58.072350,-2.148941,0.874207,0.000176,0.485418,-0.011440
219,-8.289080,-0.118901,5.175475,-0.117129,-1.008905,0.260420,-1.207855,58.018513,-2.171852,0.874433,-0.000026,0.485012,-0.011463
220,-8.296245,-0.124656,5.187770,0.088813,-0.902157,0.667746,-1.224459,57.973289,-2.176993,0.874623,-0.000140,0.484668,-0.011439
221,-8.318154,-0.127396,5.205696,0.053652,-0.845739,0.275479,-1.242100,57.935913,-2.185303,0.874780,-0.000246,0.484385,-0.011434
222,-8.321761,-0.112721,5.217285,0.061249,-1.050243,0.051116,-1.253451,57.898094,-2.193298,0.874939,-0.000306,0.484097,-0.011453
223,-8.286652,-0.111645,5.191529,-0.094391,-1.247086,0.045019,-1.246674,57.860073,-2.185795,0.875100,-0.000294,0.483806,-0.011431
224,-8.285213,-0.097112,5.185496,-0.233213,-1.207332,0.148843,-1.219626,57.835697,-2.156079,0.875206,-0.000217,0.483617,-0.011322
225,-8.288693,-0.095499,5.192660,-0.246883,-1.153801,0.322902,-1.168636,57.821564,-2.101507,0.875271,-0.000061,0.483504,-0.011122
226,-8.263382,-0.088844,5.193224,-0.213245,-1.109471,0.492388,-1.106327,57.800220,-2.034632,0.875368,0.000129,0.483335,-0.010878
227,-8.278855,-0.085491,5.199081,-0.344408,-0.941558,0.353636,-1.045257,57.778923,-1.967224,0.875464,0.000308,0.483167,-0.010623
228,-8.298570,-0.087283,5.213309,-0.275694,-0.912469,0.314038,-1.003742,57.767891,-1.917120,0.875515,0.000412,0.483079,-0.010417
229,-8.278522,-0.091828,5.224408,-0.226848,-1.173367,0.455976,-0.979795,57.740353,-1.882607,0.875634,0.000445,0.482867,-0.010258
230,-8.263451,-0.097711,5.224092,-0.281799,-1.333637,0.410168,-0.976972,57.689148,-1.864966,0.875851,0.000384,0.482475,-0.010142
231,-8.272490,-0.089941,5.228248,-0.353538,-1.246680,0.300272,-0.981063,57.642128,-1.852757,0.876050,0.000294,0.482116,-0.010038
232,-8.256701,-0.083324,5.232616,-0.326059,-1.274144,0.489504,-0.962485,57.600937,-1.820073,0.876226,0.000292,0.481800,-0.009871
233,-8.259009,-0.073181,5.241709,-0.370267,-1.272629,1.070951,-0.901237,57.556934,-1.744255,0.876417,0.000435,0.481459,-0.009555
234,-8.271096,-0.078332,5.253913,-0.327501,-1.028475,1.362466,-0.820291,57.520596,-1.644058,0.876577,0.000628,0.481175,-0.009133
235,-8.262087,-0.064182,5.272480,-0.272535,-1.057502,1.129051,-0.741707,57.479645,-1.546778,0.876756,0.000815,0.480856,-0.008723
236,-8.236680,-0.059710,5.259917,0.012854,-1.240687,0.939900,-0.662750,57.427078,-1.457767,0.876983,0.001040,0.480448,-0.008378
237,-8.233863,-0.048358,5.261267,0.273832,-0.943166,0.868250,-0.579937,57.384418,-1.375571,0.877166,0.001324,0.480117,-0.008100
238,-8.218224,-0.056410,5.265426,0.534785,-0.593755,0.849970,-0.507756,57.353802,-1.310557,0.877298,0.001601,0.479878,-0.007907
239,-8.217913,-0.045631,5.258056,0.467640,-0.787548,0.756880,-0.452087,57.330917,-1.263203,0.877396,0.001826,0.479700,-0.007780
240,-8.242327,-0.045536,5.255082,0.414225,-0.747753,0.837745,-0.400114,57.329594,-1.217368,0.877404,0.002032,0.479687,-0.007647
241,-8.245795,-0.018326,5.261343,0.290655,-0.363036,0.932401,-0.321336,57.348274,-1.144934,0.877329,0.002334,0.479826,-0.007420
242,-8.236045,-0.023940,5.264062,0.333432,-0.217942,1.242244,-0.219458,57.364983,-1.048313,0.877263,0.002711,0.479950,-0.007106
243,-8.242822,-0.038949,5.266625,0.244902,-0.176658,1.196424,-0.165371,57.375244,-0.988939,0.877222,0.002877,0.480027,-0.006878
244,-8.249068,-0.030738,5.276374,0.217362,0.175883,0.663763,-0.158860,57.385830,-0.973224,0.877179,0.002862,0.480108,-0.006784
245,-8.241201,-0.021609,5.278905,0.333285,0.413923,0.514148,-0.151588,57.394722,-0.964259,0.877142,0.002880,0.480175,-0.006746
246,-8.243229,-0.049104,5.280258,0.302679,0.322324,0.356839,-0.179331,57.398384,-0.988754,0.877126,0.002771,0.480204,-0.006817
247,-8.264050,-0.045241,5.290717,-0.059099,0.101023,-0.430748,-0.269553,57.396881,-1.068853,0.877129,0.002416,0.480197,-0.007052
248,-8.262045,-0.020912,5.285756,-0.179700,-0.181295,-0.894711,-0.343764,57.390938,-1.139912,0.877151,0.002145,0.480154,-0.007285
249,-8.247319,-0.022243,5.271325,-0.075909,-0.414751,-0.844311,-0.373917,57.383118,-1.177309,0.877182,0.002070,0.480096,-0.007446
250,-8.244628,-0.032679,5.269470,-0.153708,-0.504743,-0.943459,-0.408075,57.375072,-1.218863,0.877214,0.001982,0.480036,-0.007621
251,-8.242947,-0.040798,5.268917,-0.143029,-0.570311,-0.742042,-0.458955,57.366211,-1.272624,0.877248,0.001817,0.479970,-0.007820
252,-8.234102,-0.054893,5.259350,0.062938,-0.655695,-0.317887,-0.510857,57.359245,-1.324647,0.877274,0.001637,0.479920,-0.008002
253,-8.230546,-0.052841,5.260133,0.148350,-0.426724,-0.238599,-0.548687,57.357365,-1.364389,0.877280,0.001513,0.479908,-0.008148
254,-8.246848,-0.056733,5.281054,0.285658,-0.054355,0.187094,-0.560199,57.357822,-1.380598,0.877277,0.001493,0.479912,-0.008224
255,-8.255536,-0.057390,5.294274,0.342092,0.003614,0.298447,-0.554119,57.353760,-1.379919,0.877294,0.001536,0.479880,-0.008244
256,-8.257309,-0.042697,5.303366,0.131521,-0.223814,-0.006728,-0.534310,57.337193,-1.367246,0.877364,0.001633,0.479752,-0.008232
257,-8.251718,-0.038468,5.293576,-0.129372,-0.399352,-0.119583,-0.509295,57.315571,-1.347303,0.877456,0.001739,0.479585,-0.008186
258,-8.240625,-0.033722,5.292802,-0.164417,-0.504672,-0.108823,-0.484957,57.294266,-1.324681,0.877546,0.001828,0.479421,-0.008116
259,-8.237459,-0.025653,5.289708,-0.313889,-0.570308,-0.583279,-0.463820,57.272385,-1.306337,0.877638,0.001911,0.479252,-0.008066
260,-8.239428,-0.022256,5.281350,-0.348902,-0.478708,-0.642659,-0.449250,57.263699,-1.295751,0.877675,0.001977,0.479184,-0.008046
261,-8.246873,-0.037996,5.281010,-0.199311,-0.358047,-0.474729,-0.452671,57.272259,-1.300951,0.877639,0.001974,0.479250,-0.008071
262,-8.245742,-0.025111,5.289918,0.052510,-0.135164,-0.459403,-0.450257,57.283604,-1.305245,0.877591,0.002011,0.479337,-0.008113
263,-8.244053,-0.031500,5.287071,0.090714,-0.159521,-0.263996,-0.428001,57.290493,-1.295025,0.877563,0.002140,0.479388,-0.008127
264,-8.228670,-0.040243,5.276043,0.084629,-0.246442,-0.204454,-0.423848,57.294975,-1.298181,0.877544,0.002185,0.479422,-0.008169
265,-8.225144,-0.054244,5.278068,0.133425,-0.223515,-0.189248,-0.453529,57.294689,-1.329728,0.877543,0.002090,0.479422,-0.008286
266,-8.229605,-0.037268,5.271320,0.038795,-0.156321,-0.206068,-0.476383,57.298885,-1.354908,0.877524,0.002021,0.479455,-0.008383
267,-8.221473,-0.059008,5.268988,0.057084,-0.108945,-0.093184,-0.498065,57.308868,-1.377175,0.877481,0.001949,0.479532,-0.008462
268,-8.211419,-0.076667,5.279334,0.217208,-0.029598,-0.036876,-0.563435,57.305916,-1.437196,0.877490,0.001699,0.479514,-0.008648
269,-8.219388,-0.070953,5.286165,0.203370,-0.069340,-0.012626,-0.629673,57.290359,-1.499270,0.877551,0.001450,0.479399,-0.008848
270,-8.240926,-0.050864,5.288740,0.134679,-0.040372,-0.099642,-0.643861,57.283581,-1.516949,0.877578,0.001414,0.479348,-0.008924
271,-8.245337,-0.051998,5.305292,0.301035,0.150351,0.007222,-0.617563,57.281967,-1.501776,0.877586,0.001552,0.479334,-0.008918
272,-8.259491,-0.045501,5.307912,0.236987,0.107590,-0.032389,-0.581479,57.279243,-1.479216,0.877599,0.001734,0.479310,-0.008897
273,-8.264903,-0.023576,5.295592,0.143994,-0.064800,-0.105497,-0.518410,57.288231,-1.432740,0.877564,0.002023,0.479375,-0.008804
274,-8.256270,-0.032949,5.296373,0.179185,-0.305829,0.178473,-0.445989,57.295788,-1.375646,0.877535,0.002340,0.479428,-0.008669
275,-8.233933,-0.031274,5.291833,0.214334,-0.414166,0.383029,-0.388809,57.284767,-1.327943,0.877584,0.002577,0.479341,-0.008544
276,-8.231345,-0.038252,5.285269,0.087698,-0.609494,0.170950,-0.358367,57.265873,-1.301514,0.877664,0.002698,0.479194,-0.008470
277,-8.214875,-0.041083,5.284731,0.035794,-0.726996,-0.068654,-0.368489,57.242306,-1.310761,0.877762,0.002657,0.479014,-0.008500
278,-8.222461,-0.047106,5.293163,-0.116844,-0.714812,-0.151124,-0.405726,57.213596,-1.342835,0.877880,0.002502,0.478797,-0.008593
279,-8.214783,-0.033497,5.287607,-0.119914,-0.600364,-0.329687,-0.434999,57.192066,-1.368384,0.877969,0.002383,0.478633,-0.008668
280,-8.208910,-0.050665,5.296430,-0.068047,-0.676665,-0.174064,-0.460281,57.169956,-1.391459,0.878060,0.002283,0.478465,-0.008741
281,-8.192203,-0.051988,5.294567,-0.058933,-0.691969,0.192093,-0.490353,57.137932,-1.414684,0.878192,0.002146,0.478222,-0.008796
282,-8.192685,-0.027202,5.295465,-0.254233,-0.730158,0.140239,-0.474191,57.106152,-1.393615,0.878326,0.002178,0.477977,-0.008704
283,-8.190812,-0.028590,5.291525,-0.304517,-0.698106,-0.048865,-0.432813,57.084297,-1.350117,0.878420,0.002312,0.477808,-0.008545
284,-8.198490,-0.047227,5.293598,-0.249567,-0.409642,0.027458,-0.430887,57.078499,-1.340860,0.878445,0.002287,0.477763,-0.008483
285,-8.209931,-0.036148,5.294811,-0.267886,-0.156228,-0.041220,-0.444901,57.091320,-1.345471,0.878391,0.002200,0.477862,-0.008459
286,-8.217495,-0.027847,5.304295,-0.238857,-0.108812,-0.239533,-0.436059,57.109341,-1.333482,0.878317,0.002220,0.478000,-0.008402
287,-8.236388,-0.048457,5.304603,0.075494,-0.023245,0.180114,-0.432702,57.130188,-1.328907,0.878230,0.002229,0.478160,-0.008380
288,-8.239344,-0.047724,5.300932,0.289090,0.189005,0.393693,-0.434522,57.162216,-1.330359,0.878096,0.002224,0.478405,-0.008381
289,-8.237366,-0.024597,5.307542,0.344041,0.282190,0.262490,-0.395640,57.190933,-1.300649,0.877978,0.002401,0.478623,-0.008313
290,-8.232817,-0.024855,5.308228,0.475328,0.138778,0.442639,-0.324293,57.203239,-1.245817,0.877929,0.002720,0.478713,-0.008190
291,-8.229275,-0.020427,5.299123,0.388396,0.178461,0.239761,-0.261510,57.210438,-1.198997,0.877900,0.003006,0.478765,-0.008093
292,-8.217999,-0.005769,5.300860,0.293848,0.268480,0.087261,-0.201354,57.215775,-1.155050,0.877880,0.003284,0.478803,-0.008008
293,-8.217835,-0.000584,5.309647,0.156592,0.085292,0.047706,-0.137762,57.206181,-1.106698,0.877921,0.003568,0.478727,-0.007903
294,-8.230008,-0.023266,5.311528,-0.035658,-0.204719,-0.062136,-0.125191,57.187283,-1.097956,0.878000,0.003626,0.478581,-0.007890
295,-8.232546,-0.028101,5.309324,-0.360737,-0.426011,-0.510847,-0.185397,57.170025,-1.148162,0.878071,0.003373,0.478452,-0.008024
296,-8.221229,-0.026176,5.303861,-0.359266,-0.645748,-0.530767,-0.260891,57.151505,-1.210891,0.878146,0.003055,0.478313,-0.008191
297,-8.201826,-0.034469,5.296400,-0.266225,-0.754089,-0.694105,-0.330633,57.127674,-1.271735,0.878242,0.002772,0.478134,-0.008367
298,-8.209901,-0.040034,5.305063,-0.141142,-0.557247,-0.640763,-0.400096,57.105297,-1.336376,0.878333,0.002507,0.477966,-0.008575
299,-8.208695,-0.030998,5.312535,0.000762,-0.525211,-0.431721,-0.434636,57.085243,-1.373052,0.878414,0.002393,0.477815,-0.008713
300,-8.212153,-0.033846,5.314166,0.101501,-0.462655,-0.332495,-0.434346,57.067478,-1.381091,0.878488,0.002427,0.477678,-0.008778
301,-8.225385,-0.049968,5.325050,0.096916,-0.245961,-0.126505,-0.447182,57.058239,-1.398749,0.878525,0.002401,0.477608,-0.008860
302,-8.241979,-0.040721,5.344972,-0.157932,-0.218500,-0.063970,-0.465339,57.049149,-1.414827,0.878562,0.002328,0.477539,-0.008909
303,-8.223741,-0.052867,5.338944,-0.402098,-0.638173,-0.201332,-0.493488,57.026154,-1.432954,0.878657,0.002185,0.477365,-0.008932
304,-8.208291,-0.051412,5.321387,-0.641700,-0.880811,-0.477574,-0.549555,56.997395,-1.471428,0.878775,0.001912,0.477148,-0.008996
305,-8.201189,-0.053603,5.321521,-0.663081,-0.699199,-0.286860,-0.602175,56.976330,-1.504119,0.878861,0.001642,0.476990,-0.009030
306,-8.190056,-0.045351,5.322789,-0.583716,-0.755642,-0.065574,-0.620066,56.955425,-1.504760,0.878948,0.001505,0.476831,-0.008962
307,-8.161877,-0.069731,5.304076,-0.206816,-0.741890,0.048865,-0.635798,56.934017,-1.506903,0.879037,0.001391,0.476668,-0.008915
308,-8.187836,-0.055396,5.311404,-0.009990,-0.239782,-0.096126,-0.652987,56.933315,-1.518614,0.879039,0.001307,0.476664,-0.008934
309,-8.219114,-0.050387,5.331310,0.257076,0.292892,0.190794,-0.626535,56.959488,-1.499040,0.878932,0.001432,0.476863,-0.008891
310,-8.224178,-0.047868,5.339406,0.417343,0.242630,0.166450,-0.576376,56.987511,-1.463216,0.878817,0.001671,0.477074,-0.008822
312,-8.212248,-0.051429,5.329991,0.408214,0.190797,-0.059345,-0.541778,57.004471,-1.444805,0.878747,0.001862,0.477202,-0.008824
313,-8.236308,-0.034043,5.335660,0.151899,0.257995,-0.208825,-0.512822,57.023331,-1.430818,0.878669,0.002028,0.477345,-0.008836
314,-8.219273,-0.026850,5.318961,0.159607,0.004775,0.189564,-0.454919,57.044670,-1.386792,0.878583,0.002291,0.477505,-0.008737
315,-8.186045,-0.025595,5.307511,0.301597,-0.134042,0.543702,-0.374735,57.051327,-1.319299,0.878558,0.002625,0.477551,-0.008554
316,-8.175518,-0.017697,5.309732,0.417640,0.180260,0.620108,-0.284486,57.044670,-1.243081,0.878590,0.002999,0.477495,-0.008346
317,-8.216143,-0.004544,5.338246,0.477233,0.419756,0.618709,-0.181820,57.039894,-1.158251,0.878613,0.003432,0.477454,-0.008123
318,-8.216154,-0.006677,5.349699,0.492561,0.337245,0.650859,-0.086907,57.030373,-1.080698,0.878655,0.003836,0.477377,-0.007925
319,-8.208765,-0.017092,5.354677,0.353705,0.135651,0.316686,-0.046126,57.004105,-1.049563,0.878765,0.004017,0.477173,-0.007857
320,-8.210382,-0.006692,5.348478,0.103429,-0.099496,-0.231160,-0.052581,56.973671,-1.060598,0.878891,0.004011,0.476940,-0.007916
321,-8.210223,-0.018383,5.340314,0.013365,-0.307089,-0.226634,-0.085049,56.953415,-1.093603,0.878974,0.003898,0.476786,-0.008035
322,-8.196783,-0.035300,5.330716,-0.038603,-0.394072,-0.197774,-0.154813,56.940758,-1.155574,0.879025,0.003620,0.476692,-0.008221
323,-8.214211,-0.039307,5.338121,0.004012,-0.413876,-0.092656,-0.237554,56.933792,-1.227059,0.879051,0.003282,0.476642,-0.008425
324,-8.214540,-0.031699,5.345328,0.049716,-0.441306,0.001838,-0.288084,56.926640,-1.270953,0.879079,0.003076,0.476590,-0.008552
325,-8.205476,-0.040693,5.349128,0.009993,-0.526767,-0.089793,-0.322540,56.908550,-1.301416,0.879153,0.002936,0.476453,-0.008644
326,-8.201487,-0.025144,5.348201,-0.113626,-0.580204,-0.262252,-0.345709,56.884102,-1.322526,0.879253,0.002844,0.476266,-0.008711
327,-8.193635,-0.022308,5.349662,-0.086128,-0.627536,-0.147759,-0.337995,56.858288,-1.316944,0.879361,0.002877,0.476068,-0.008702
328,-8.182622,-0.016659,5.345028,-0.144060,-0.590939,-0.196507,-0.314951,56.833073,-1.297508,0.879466,0.002971,0.475873,-0.008651
329,-8.178405,-0.011965,5.355819,-0.087531,-0.435338,-0.110951,-0.280322,56.807381,-1.268042,0.879574,0.003112,0.475674,-0.008570
330,-8.186702,-0.033610,5.362346,-0.121080,-0.685646,0.226312,-0.266310,56.777271,-1.252302,0.879700,0.003151,0.475442,-0.008509
331,-8.182996,-0.025097,5.354561,-0.266059,-0.977105,-0.052957,-0.278952,56.748322,-1.255826,0.879820,0.003066,0.475221,-0.008486
332,-8.181668,-0.012130,5.357929,-0.246193,-0.847365,-0.220763,-0.274643,56.725327,-1.247504,0.879916,0.003063,0.475044,-0.008441
333,-8.171411,-0.015609,5.365112,-0.180526,-0.861085,0.072293,-0.251068,56.699379,-1.223131,0.880025,0.003140,0.474844,-0.008353
334,-8.169707,-0.027610,5.358302,-0.261387,-0.844283,0.008224,-0.247700,56.674587,-1.213351,0.880128,0.003123,0.474654,-0.008293
335,-8.170440,-0.011493,5.368615,-0.111831,-0.371207,-0.330507,-0.251168,56.662029,-1.213954,0.880180,0.003098,0.474557,-0.008285
336,-8.164496,-0.027769,5.371532,0.004157,-0.139257,0.038792,-0.249643,56.655304,-1.213831,0.880208,0.003109,0.474506,-0.008290
337,-8.168087,-0.030209,5.365086,-0.012654,-0.239940,0.150148,-0.260677,56.654621,-1.221184,0.880211,0.003054,0.474501,-0.008301
338,-8.168956,-0.033969,5.362428,0.001045,-0.113215,-0.162720,-0.284485,56.663189,-1.241014,0.880174,0.002954,0.474568,-0.008354
339,-8.162393,-0.031980,5.362543,0.083413,-0.107049,0.012713,-0.308097,56.672089,-1.263282,0.880136,0.002866,0.474638,-0.008427
340,-8.164083,-0.028482,5.351297,0.049831,-0.219889,0.270579,-0.305857,56.682167,-1.260656,0.880095,0.002873,0.474715,-0.008415
341,-8.168122,-0.019039,5.364819,0.141409,-0.045865,0.009677,-0.281441,56.691730,-1.240336,0.880056,0.002978,0.474787,-0.008360
342,-8.174511,-0.037001,5.376915,0.133777,-0.036713,0.015778,-0.277586,56.689423,-1.240711,0.880066,0.003009,0.474769,-0.008379
343,-8.171148,-0.026133,5.374059,0.057458,-0.285473,0.034054,-0.288283,56.677391,-1.251844,0.880115,0.002971,0.474677,-0.008421
344,-8.177544,-0.017565,5.368380,0.004071,-0.315981,-0.232952,-0.278933,56.669537,-1.246681,0.880148,0.003021,0.474616,-0.008420
345,-8.172585,-0.024253,5.380535,0.077339,-0.084034,-0.264959,-0.273961,56.664055,-1.248201,0.880170,0.003065,0.474574,-0.008453
346,-8.165174,-0.020866,5.378613,0.049886,-0.168005,-0.065041,-0.270515,56.650845,-1.250106,0.880224,0.003098,0.474472,-0.008483
347,-8.163623,-0.010950,5.377775,-0.009583,-0.219929,-0.136697,-0.247491,56.635834,-1.233267,0.880287,0.003204,0.474355,-0.008450
348,-8.164578,-0.016749,5.383314,-0.041582,-0.088740,-0.212924,-0.227410,56.622608,-1.218975,0.880342,0.003298,0.474253,-0.008424
349,-8.165119,-0.015400,5.394870,-0.056815,-0.096444,-0.092336,-0.218992,56.604698,-1.213369,0.880417,0.003338,0.474115,-0.008417
350,-8.165075,-0.014264,5.390650,-0.195648,-0.307098,-0.226578,-0.213708,56.582703,-1.208354,0.880508,0.003356,0.473945,-0.008401
351,-8.169681,-0.025656,5.388545,-0.276521,-0.423087,-0.357804,-0.235150,56.566662,-1.225019,0.880574,0.003258,0.473823,-0.008442
352,-8.159162,-0.016773,5.381725,-0.246002,-0.407806,-0.293717,-0.260548,56.557262,-1.244898,0.880612,0.003144,0.473752,-0.008490
353,-8.161782,-0.010821,5.374554,-0.134569,-0.325338,-0.136485,-0.250809,56.558674,-1.235399,0.880606,0.003180,0.473763,-0.008457
354,-8.161722,-0.017090,5.376618,0.040956,-0.058205,-0.015870,-0.227699,56.571423,-1.216195,0.880554,0.003280,0.473860,-0.008404
355,-8.163110,-0.018644,5.374548,0.140161,0.166195,0.216100,-0.206621,56.591038,-1.199286,0.880474,0.003373,0.474009,-0.008360
356,-8.166327,-0.007039,5.378560,0.260741,0.320384,0.318387,-0.165061,56.613422,-1.165278,0.880382,0.003554,0.474179,-0.008270
357,-8.177189,-0.024779,5.384550,0.202763,0.282276,0.260412,-0.138320,56.631645,-1.144105,0.880308,0.003673,0.474318,-0.008217
358,-8.171662,-0.025143,5.384049,0.066909,0.128166,0.251187,-0.151288,56.639919,-1.154007,0.880273,0.003615,0.474382,-0.008239
359,-8.181933,-0.025241,5.381453,-0.091837,-0.030520,0.022223,-0.177682,56.643471,-1.173200,0.880258,0.003492,0.474411,-0.008277
360,-8.176191,-0.023161,5.380227,-0.110185,-0.151045,-0.284545,-0.212523,56.645218,-1.201889,0.880250,0.003343,0.474426,-0.008353
361,-8.173576,-0.030151,5.388846,-0.125480,-0.198370,-0.287651,-0.254512,56.635017,-1.238911,0.880290,0.003173,0.474349,-0.008464
362,-8.170198,-0.028017,5.385167,-0.142296,-0.325067,-0.278543,-0.293453,56.617214,-1.272872,0.880362,0.003013,0.474215,-0.008565
363,-8.186107,-0.032150,5.386816,-0.095010,-0.465445,-0.499830,-0.329249,56.605373,-1.306558,0.880410,0.002876,0.474126,-0.008676
364,-8.181479,-0.016203,5.391201,-0.085834,-0.616480,-0.545574,-0.344059,56.593555,-1.325940,0.880458,0.002841,0.474035,-0.008765
365,-8.184394,-0.012540,5.407287,-0.041507,-0.762993,-0.130410,-0.313955,56.565964,-1.305168,0.880572,0.002984,0.473822,-0.008732
366,-8.185901,-0.020859,5.403422,-0.139105,-0.987331,-0.145576,-0.283182,56.531429,-1.279421,0.880716,0.003111,0.473555,-0.008663
367,-8.175039,-0.007857,5.402264,-0.222973,-1.175009,-0.346908,-0.262385,56.497566,-1.261465,0.880857,0.003193,0.473293,-0.008613
368,-8.152965,-0.002014,5.412170,-0.264083,-1.283392,-0.197232,-0.225148,56.448032,-1.228548,0.881063,0.003339,0.472911,-0.008517
369,-8.147845,-0.018949,5.406157,-0.282340,-1.442147,0.024108,-0.202978,56.390930,-1.203972,0.881300,0.003403,0.472471,-0.008423
370,-8.136347,-0.020172,5.399499,-0.343374,-1.373463,-0.305488,-0.218434,56.347565,-1.210655,0.881478,0.003308,0.472138,-0.008413
371,-8.128856,-0.033465,5.408704,-0.199967,-1.065191,-0.137681,-0.257930,56.313938,-1.239995,0.881616,0.003122,0.471881,-0.008478
372,-8.124041,-0.044076,5.409419,0.015118,-0.785919,0.084998,-0.308043,56.288521,-1.279539,0.881719,0.002897,0.471689,-0.008578
373,-8.130576,-0.040008,5.409773,0.105080,-0.585955,-0.079901,-0.348933,56.278999,-1.315110,0.881756,0.002727,0.471617,-0.008684
374,-8.129638,-0.045586,5.425348,0.172170,-0.402793,-0.002155,-0.379269,56.272541,-1.344893,0.881781,0.002616,0.471569,-0.008789
375,-8.141249,-0.055927,5.443116,0.089700,-0.659173,-0.020571,-0.420881,56.249901,-1.383274,0.881872,0.002451,0.471397,-0.008914
376,-8.153007,-0.027826,5.449706,-0.201768,-1.397754,-0.545515,-0.447274,56.208878,-1.408766,0.882040,0.002348,0.471083,-0.009005
377,-8.183016,-0.036522,5.486899,-0.499284,-2.313351,-0.572922,-0.460168,56.138580,-1.419862,0.882328,0.002287,0.470543,-0.009043
378,-8.192170,-0.036904,5.524571,-0.842587,-3.753948,-0.524049,-0.489342,56.012524,-1.435224,0.882844,0.002111,0.469574,-0.009053
379,-8.187772,-0.020560,5.553413,-1.402557,-5.942268,-0.765079,-0.527550,55.822247,-1.447065,0.883622,0.001843,0.468110,-0.009004
380,-8.194361,-0.039584,5.597803,-1.928959,-8.753130,-0.116500,-0.574557,55.555828,-1.446904,0.884709,0.001449,0.466059,-0.008835
381,-8.147680,-0.053109,5.650619,-2.098319,-11.731891,0.890633,-0.607349,55.183895,-1.409277,0.886220,0.000999,0.463188,-0.008444
382,-8.074888,-0.045033,5.708677,-2.417217,-14.736686,0.849462,-0.621718,54.693554,-1.340031,0.888198,0.000553,0.459393,-0.007895
383,-7.977214,-0.065935,5.765568,-2.472139,-17.344826,0.934928,-0.645391,54.092781,-1.272187,0.890598,0.000032,0.454732,-0.007327
384,-7.897181,-0.089358,5.843352,-2.574404,-19.309074,0.940986,-0.694763,53.405830,-1.221501,0.893311,-0.000626,0.449388,-0.006798
385,-7.795955,-0.068270,5.920815,-2.717865,-20.594309,0.171883,-0.759940,52.659878,-1.186967,0.896217,-0.001349,0.443568,-0.006342
386,-7.723122,-0.081362,6.031463,-2.879610,-21.626257,-0.430859,-0.844592,51.871311,-1.176659,0.899247,-0.002137,0.437395,-0.006010
387,-7.634216,-0.108546,6.130023,-2.821648,-22.520878,-0.531606,-0.957296,51.049416,-1.193212,0.902357,-0.003052,0.430940,-0.005796
388,-7.584377,-0.141271,6.275968,-3.136055,-23.929741,-1.273296,-1.109420,50.188038,-1.244386,0.905562,-0.004162,0.424155,-0.005728
389,-7.524017,-0.194878,6.419261,-3.163654,-26.499840,-2.849745,-1.337961,49.257412,-1.371745,0.908959,-0.005625,0.416805,-0.006015
390,-7.407712,-0.233767,6.550278,-2.840347,-29.796309,-4.610894,-1.640115,48.220985,-1.590129,0.912659,-0.007395,0.408598,-0.006818
391,-7.288864,-0.275627,6.665443,-2.678810,-33.153820,-6.307976,-1.989576,47.070232,-1.881329,0.916668,-0.009361,0.399458,-0.008117
392,-7.137905,-0.280921,6.779057,-2.328015,-35.965000,-7.432784,-2.340562,45.823528,-2.203683,0.920896,-0.011324,0.389522,-0.009759
393,-6.948015,-0.282922,6.874330,-1.525442,-37.456215,-7.649548,-2.629687,44.512875,-2.503160,0.925223,-0.012961,0.379026,-0.011521
394,-6.753923,-0.281089,6.973767,-0.535064,-37.613720,-7.045243,-2.821338,43.185349,-2.745424,0.929492,-0.014071,0.368337,-0.013211
395,-6.602468,-0.296901,7.079701,0.119688,-37.461357,-6.445442,-2.927905,41.880627,-2.931327,0.933577,-0.014714,0.357772,-0.014753
396,-6.453504,-0.263356,7.228013,0.721133,-37.124252,-5.917267,-2.955482,40.605896,-3.064406,0.937463,-0.014903,0.347391,-0.016124
397,-6.308427,-0.272050,7.388283,1.469155,-36.614697,-4.699306,-2.903880,39.351902,-3.140305,0.941190,-0.014627,0.337119,-0.017264
398,-6.171754,-0.292685,7.561563,1.945544,-35.937286,-2.823695,-2.798629,38.119427,-3.159178,0.944758,-0.014074,0.326968,-0.018075
399,-6.037464,-0.284708,7.739071,1.846640,-35.014225,-1.277714,-2.654002,36.913258,-3.117748,0.948158,-0.013349,0.316982,-0.018469
400,-5.887110,-0.268104,7.890821,2.101763,-33.233608,0.407127,-2.469311,35.751045,-3.016660,0.951349,-0.012422,0.307312,-0.018434
401,-5.723218,-0.279968,7.977934,2.486548,-31.211866,1.991220,-2.256620,34.658611,-2.868144,0.954271,-0.011339,0.298183,-0.018023
402,-5.604301,-0.269672,8.078397,2.498935,-29.995724,2.449124,-2.044451,33.639698,-2.702038,0.956923,-0.010251,0.289640,-0.017404
403,-5.479042,-0.220935,8.149484,2.421304,-29.829285,2.247835,-1.834201,32.668667,-2.537398,0.959378,-0.009130,0.281477,-0.016744
404,-5.312270,-0.203560,8.215491,3.179899,-29.824553,3.012466,-1.607265,31.709251,-2.365860,0.961737,-0.007850,0.273391,-0.016026
405,-5.184869,-0.191127,8.298632,3.439473,-30.150944,3.366591,-1.370492,30.745560,-2.186448,0.964038,-0.006472,0.265251,-0.015225
406,-5.047959,-0.158418,8.392742,3.776843,-30.434580,2.823451,-1.139090,29.775414,-2.021583,0.966278,-0.005073,0.257042,-0.014494
407,-4.902584,-0.111424,8.492877,4.079145,-30.155174,2.542783,-0.903313,28.800323,-1.875876,0.968455,-0.003563,0.248777,-0.013894
408,-4.783183,-0.096093,8.596470,4.645427,-29.608725,2.495574,-0.662498,27.839458,-1.743948,0.970526,-0.001950,0.240616,-0.013380
409,-4.658486,-0.030391,8.699079,4.198519,-29.977795,1.541974,-0.427505,26.888458,-1.634801,0.972503,-0.000311,0.232525,-0.013008
410,-4.499988,-0.007911,8.802762,2.926116,-30.403353,0.644845,-0.232533,25.916912,-1.562054,0.974447,0.001079,0.224250,-0.012829
411,-4.332200,0.025755,8.899478,1.688799,-30.598593,0.686148,-0.092569,24.915518,-1.511376,0.976372,0.002056,0.215711,-0.012704
412,-4.171378,0.000861,8.945112,0.893924,-30.146883,0.640436,-0.006329,23.911539,-1.471824,0.978227,0.002607,0.207140,-0.012554
413,-3.992228,0.002618,8.973424,0.011973,-29.853849,0.022451,0.021503,22.922146,-1.456441,0.979980,0.002709,0.198684,-0.012493
415,-3.797383,-0.029016,9.044394,-0.761722,-30.618366,-0.413985,-0.005893,21.909422,-1.468259,0.981697,0.002384,0.190018,-0.012569
416,-3.652783,-0.039517,9.129465,-0.830517,-31.752213,-1.122067,-0.071821,20.853373,-1.506141,0.983404,0.001762,0.180970,-0.012813
417,-3.403792,-0.025313,9.216736,-0.768048,-35.793087,-2.126164,-0.139393,19.681852,-1.569573,0.985196,0.001143,0.170914,-0.013287
418,-3.161655,0.001489,9.344099,-1.041170,-40.910042,-2.884543,-0.192774,18.298613,-1.652607,0.987177,0.000632,0.159015,-0.013970
419,-2.890829,-0.001584,9.481572,-0.972404,-44.563881,-3.333134,-0.235254,16.718588,-1.748458,0.989263,0.000187,0.145394,-0.014797
420,-2.650615,0.002813,9.554969,-0.349693,-44.781414,-3.487213,-0.258831,15.058960,-1.851210,0.991250,-0.000122,0.131055,-0.015719
421,-2.347497,0.029570,9.608005,0.692728,-44.391632,-3.000387,-0.233198,13.403172,-1.943905,0.993026,-0.000041,0.116715,-0.016610
422,-2.176816,-0.017285,9.665075,1.097275,-40.981869,-2.438803,-0.184937,11.844378,-2.022254,0.994510,0.000216,0.103190,-0.017386
423,-1.961550,0.003460,9.680380,1.460554,-36.860710,-1.910810,-0.133571,10.473721,-2.087656,0.995662,0.000502,0.091279,-0.018035
424,-1.795327,-0.008448,9.703909,1.138676,-33.342049,-1.588822,-0.080837,9.278311,-2.140948,0.996551,0.000808,0.080879,-0.018564
425,-1.628124,-0.028842,9.726029,0.682422,-32.049515,-1.768881,-0.059257,8.204023,-2.196110,0.997256,0.000855,0.071529,-0.019077
426,-1.450944,-0.025020,9.721765,0.100986,-30.872852,-1.770416,-0.065813,7.189295,-2.256176,0.997840,0.000661,0.062696,-0.019613
427,-1.282992,-0.010219,9.731887,-0.575025,-29.189556,-1.584257,-0.085614,6.228620,-2.311890,0.998320,0.000350,0.054332,-0.020103
428,-1.136966,-0.059238,9.779840,-1.888932,-27.065228,-2.313657,-0.150080,5.339201,-2.377097,0.998700,-0.000342,0.046594,-0.020659
429,-0.971452,-0.026724,9.732396,-3.245567,-23.852901,-3.180393,-0.261215,4.541179,-2.467788,0.998983,-0.001424,0.039659,-0.021427
430,-0.853870,-0.031014,9.763340,-4.888965,-18.275372,-3.372656,-0.399818,3.892988,-2.572930,0.999168,-0.002724,0.034036,-0.022320
431,-0.768282,-0.065274,9.840648,-6.275998,-12.436837,-3.935717,-0.586899,3.448631,-2.690123,0.999262,-0.004412,0.030202,-0.023309
432,-0.731010,-0.138769,9.864029,-6.710952,-7.251290,-5.133570,-0.825260,3.209347,-2.838436,0.999280,-0.006503,0.028172,-0.024556
433,-0.722935,-0.164528,9.869779,-6.125113,-2.561531,-5.264798,-1.072022,3.160863,-3.010983,0.999238,-0.008624,0.027815,-0.026004
434,-0.753917,-0.242992,9.952546,-4.756510,0.823688,-4.466736,-1.292941,3.271838,-3.174946,0.999154,-0.010483,0.028848,-0.027368
435,-0.773956,-0.254403,9.922807,-2.763818,2.382443,-3.610685,-1.459820,3.479099,-3.313378,0.999051,-0.011850,0.030709,-0.028508
436,-0.810830,-0.266743,9.906260,-0.870258,3.370911,-2.254115,-1.549525,3.811285,-3.415506,0.998925,-0.012517,0.033639,-0.029333
437,-0.826845,-0.238636,9.908676,0.692348,3.727888,-0.488577,-1.544378,4.215756,-3.463833,0.998791,-0.012350,0.037168,-0.029704
438,-0.842422,-0.222060,9.891484,1.928631,3.417670,0.936686,-1.443328,4.549459,-3.455117,0.998694,-0.011383,0.040049,-0.029621
439,-0.842177,-0.180909,9.866810,2.926888,2.685769,1.693582,-1.298424,4.760894,-3.408621,0.998645,-0.010081,0.041850,-0.029243
440,-0.852045,-0.167727,9.881905,3.009526,1.909238,1.455562,-1.147291,4.871571,-3.353566,0.998631,-0.008755,0.042772,-0.028808
441,-0.867323,-0.144931,9.871331,2.938016,1.215046,1.171759,-1.002348,4.945492,-3.306998,0.998626,-0.007490,0.043377,-0.028450
442,-0.872566,-0.123026,9.872630,2.550723,0.789433,0.851343,-0.849121,5.003374,-3.268586,0.998622,-0.006155,0.043841,-0.028169
443,-0.874559,-0.117769,9.864147,2.073409,0.611010,0.421060,-0.709745,5.049367,-3.242314,0.998618,-0.004939,0.044206,-0.027990
444,-0.878447,-0.116893,9.866966,1.362458,0.504262,-0.080958,-0.625849,5.081447,-3.234527,0.998611,-0.004203,0.044465,-0.027953
445,-0.875323,-0.101174,9.876266,1.588341,0.167047,0.256275,-0.567094,5.095459,-3.230881,0.998609,-0.003689,0.044573,-0.027943
446,-0.878725,-0.102835,9.881148,1.632599,-0.119847,0.431758,-0.511091,5.092260,-3.219262,0.998614,-0.003206,0.044531,-0.027864
447,-0.875817,-0.099790,9.875893,1.562342,-0.599013,0.721678,-0.469057,5.075318,-3.201011,0.998626,-0.002851,0.044373,-0.027722
448,-0.868297,-0.088938,9.892874,1.499704,-1.311677,1.182500,-0.430375,5.032502,-3.170251,0.998651,-0.002536,0.043989,-0.027470
449,-0.861016,-0.083526,9.898175,1.171564,-2.135757,1.399175,-0.395276,4.959264,-3.127816,0.998690,-0.002264,0.043342,-0.027117
450,-0.862670,-0.089232,9.902255,0.439004,-2.474540,1.049728,-0.388092,4.877151,-3.088341,0.998730,-0.002236,0.042624,-0.026779
451,-0.838453,-0.078545,9.882787,0.042139,-2.935375,0.909332,-0.402362,4.786089,-3.057100,0.998770,-0.002393,0.041833,-0.026505
452,-0.810223,-0.071566,9.871473,-0.134921,-3.396286,0.858971,-0.412115,4.664506,-3.027682,0.998820,-0.002517,0.040775,-0.026250
453,-0.789305,-0.084895,9.872124,-0.380656,-3.559685,0.646862,-0.431104,4.523764,-3.002665,0.998875,-0.002724,0.039552,-0.026031
454,-0.762430,-0.068965,9.880046,-0.337963,-3.716991,0.556828,-0.448036,4.375364,-2.982139,0.998929,-0.002912,0.038261,-0.025853
455,-0.732215,-0.065909,9.885046,-0.379100,-4.014714,0.608713,-0.445495,4.213283,-2.960660,0.998987,-0.002934,0.036847,-0.025673
456,-0.723142,-0.069532,9.891365,-0.516361,-4.010250,0.442392,-0.444579,4.056855,-2.940968,0.999040,-0.002968,0.035483,-0.025508
457,-0.705660,-0.084391,9.899188,-0.592657,-3.898866,0.302006,-0.462275,3.923591,-2.927477,0.999083,-0.003156,0.034325,-0.025391
458,-0.685837,-0.073113,9.893256,-0.531623,-3.732498,0.292851,-0.480940,3.804798,-2.916545,0.999120,-0.003348,0.033293,-0.025295
459,-0.669649,-0.102746,9.888557,-0.430962,-3.598143,0.320315,-0.506311,3.697519,-2.905917,0.999152,-0.003597,0.032363,-0.025200
460,-0.665979,-0.108086,9.897192,-0.260214,-3.208884,0.251640,-0.548314,3.613629,-2.897363,0.999176,-0.003984,0.031640,-0.025118
461,-0.641456,-0.104705,9.914500,0.034172,-2.921850,0.356922,-0.574865,3.543533,-2.887720,0.999196,-0.004234,0.031034,-0.025030
462,-0.620337,-0.102812,9.911142,0.174507,-2.503663,0.486624,-0.580630,3.470015,-2.873370,0.999218,-0.004304,0.030394,-0.024907
463,-0.600305,-0.103016,9.910422,0.221788,-2.332736,0.582756,-0.577491,3.394109,-2.854983,0.999242,-0.004298,0.029731,-0.024751
464,-0.585727,-0.087286,9.906432,0.177574,-2.219827,0.482047,-0.562051,3.316498,-2.835999,0.999267,-0.004185,0.029050,-0.024594
465,-0.559565,-0.079580,9.888090,0.200579,-2.433516,0.649905,-0.531481,3.227364,-2.815017,0.999294,-0.003943,0.028265,-0.024423
466,-0.549967,-0.082292,9.890199,0.157956,-2.416813,0.697214,-0.503459,3.130413,-2.790620,0.999324,-0.003725,0.027413,-0.024221
467,-0.551122,-0.087305,9.892118,0.281591,-2.355767,0.508001,-0.488004,3.052862,-2.769421,0.999347,-0.003612,0.026733,-0.024043
468,-0.541933,-0.094451,9.893746,0.199150,-2.262591,0.250119,-0.487443,2.994741,-2.756543,0.999363,-0.003623,0.026226,-0.023934
469,-0.540504,-0.102683,9.894154,0.166996,-2.004567,0.062425,-0.503185,2.952235,-2.751878,0.999373,-0.003770,0.025858,-0.023891
470,-0.534257,-0.105577,9.896081,0.192794,-1.520668,-0.256499,-0.526019,2.929425,-2.756086,0.999376,-0.003973,0.025664,-0.023924
471,-0.527489,-0.105301,9.900421,0.206399,-1.300763,-0.401467,-0.545423,2.916703,-2.767949,0.999376,-0.004142,0.025557,-0.024023
472,-0.519250,-0.093628,9.899579,0.021710,-1.172449,-0.361794,-0.552888,2.902814,-2.780841,0.999376,-0.004207,0.025438,-0.024135
473,-0.530037,-0.100250,9.880480,0.174286,-0.467302,-0.439615,-0.553603,2.909142,-2.794120,0.999372,-0.004209,0.025494,-0.024250
474,-0.528449,-0.089138,9.867227,0.493209,0.546128,-0.325169,-0.542120,2.953540,-2.806839,0.999360,-0.004097,0.025879,-0.024362
475,-0.528622,-0.078884,9.903351,0.629097,1.322997,-0.033711,-0.507508,3.019056,-2.812266,0.999345,-0.003780,0.026444,-0.024414
476,-0.529934,-0.073479,9.914520,0.731447,1.660321,0.059376,-0.462349,3.087745,-2.811070,0.999331,-0.003371,0.027033,-0.024411
477,-0.541135,-0.079154,9.949517,0.601803,1.881624,0.021232,-0.428156,3.155548,-2.809547,0.999316,-0.003059,0.027617,-0.024403
478,-0.535897,-0.070193,9.968752,0.533157,1.489425,0.353884,-0.404746,3.204683,-2.803469,0.999306,-0.002846,0.028040,-0.024354
479,-0.537776,-0.075622,9.979938,0.298161,0.590523,0.474432,-0.390756,3.212934,-2.789927,0.999307,-0.002725,0.028109,-0.024239
480,-0.543253,-0.081063,9.948641,0.034106,-0.250401,0.314204,-0.398552,3.190989,-2.777591,0.999315,-0.002801,0.027919,-0.024130
481,-0.548649,-0.080530,9.922633,-0.243707,-0.570921,0.292836,-0.420483,3.162208,-2.768416,0.999323,-0.003000,0.027672,-0.024046
482,-0.545179,-0.077342,9.902806,-0.190362,-0.808990,0.530876,-0.439411,3.134319,-2.755184,0.999332,-0.003175,0.027433,-0.023927
483,-0.548650,-0.077352,9.910937,-0.336874,-0.976826,0.399646,-0.451973,3.107737,-2.739676,0.999341,-0.003293,0.027203,-0.023790
484,-0.542213,-0.065423,9.901506,-0.478742,-0.882179,0.187545,-0.456271,3.084932,-2.729156,0.999349,-0.003338,0.027005,-0.023698
485,-0.538439,-0.074915,9.898464,-0.471047,-0.761594,0.268423,-0.458875,3.064958,-2.720636,0.999355,-0.003367,0.026831,-0.023624
486,-0.532086,-0.083175,9.898237,-0.417640,-0.753937,0.373712,-0.473095,3.045191,-2.709712,0.999362,-0.003498,0.026661,-0.023526
487,-0.522909,-0.077312,9.896100,-0.350497,-0.650180,0.303519,-0.484899,3.020731,-2.698193,0.999369,-0.003608,0.026450,-0.023424
488,-0.514678,-0.081414,9.886017,-0.182620,-0.462532,0.062424,-0.488316,2.994074,-2.691656,0.999376,-0.003645,0.026218,-0.023367
489,-0.523686,-0.082903,9.914415,-0.115464,-0.392347,-0.048968,-0.490294,2.978333,-2.691154,0.999380,-0.003666,0.026081,-0.023363
490,-0.518812,-0.078689,9.904492,0.021899,-0.428936,-0.023025,-0.486000,2.971232,-2.691931,0.999382,-0.003630,0.026018,-0.023371
491,-0.517527,-0.085930,9.914173,0.084477,-0.396868,0.030383,-0.480947,2.962389,-2.691521,0.999384,-0.003587,0.025940,-0.023369
492,-0.520382,-0.097380,9.915594,0.168342,-0.384621,-0.071856,-0.489072,2.957158,-2.692740,0.999385,-0.003659,0.025896,-0.023378
493,-0.518546,-0.080371,9.929927,0.102690,-0.351001,-0.003191,-0.492133,2.954715,-2.694277,0.999385,-0.003686,0.025875,-0.023391
494,-0.511441,-0.077940,9.925230,0.119520,-0.392183,0.115834,-0.479320,2.945951,-2.691827,0.999388,-0.003577,0.025796,-0.023373
495,-0.512377,-0.082708,9.928357,0.053934,-0.413544,0.067005,-0.470368,2.932977,-2.688361,0.999391,-0.003502,0.025681,-0.023345
496,-0.509274,-0.077095,9.906590,0.049375,-0.459309,0.033437,-0.465018,2.920843,-2.686384,0.999395,-0.003458,0.025574,-0.023330
497,-0.506167,-0.059983,9.898653,0.046418,-0.447092,0.068538,-0.444354,2.907905,-2.683594,0.999399,-0.003281,0.025457,-0.023311
498,-0.513241,-0.061850,9.900578,0.247976,-0.402796,0.125004,-0.412045,2.902556,-2.678872,0.999402,-0.003002,0.025404,-0.023277
499,-0.504778,-0.083512,9.908735,0.223570,-0.446999,0.305064,-0.401740,2.898204,-2.671484,0.999404,-0.002914,0.025364,-0.023215
500,-0.498046,-0.082122,9.905962,0.134971,-0.491255,0.427133,-0.414353,2.881799,-2.660125,0.999410,-0.003030,0.025223,-0.023113
501,-0.495617,-0.068336,9.906939,0.153247,-0.483650,0.443916,-0.416028,2.860596,-2.645836,0.999417,-0.003052,0.025038,-0.022989
502,-0.496179,-0.085472,9.904437,0.202037,-0.527910,0.541574,-0.417184,2.842433,-2.629663,0.999425,-0.003069,0.024879,-0.022849
503,-0.493439,-0.090267,9.893413,0.038640,-0.625555,0.553775,-0.436790,2.826008,-2.612461,0.999431,-0.003247,0.024739,-0.022695
504,-0.503276,-0.063576,9.892690,0.050823,-0.581237,0.617863,-0.439260,2.819246,-2.593004,0.999436,-0.003275,0.024680,-0.022525
505,-0.504312,-0.052056,9.912165,0.186768,-0.561280,0.863545,-0.406485,2.824327,-2.566781,0.999441,-0.002993,0.024717,-0.022303
506,-0.497767,-0.059017,9.914107,0.188429,-0.487941,1.075655,-0.371462,2.826155,-2.532953,0.999448,-0.002695,0.024726,-0.022016
507,-0.491464,-0.052400,9.928064,0.081704,-0.413133,1.188579,-0.347165,2.819067,-2.494186,0.999458,-0.002493,0.024659,-0.021683
508,-0.481130,-0.056088,9.921513,0.022254,-0.477245,1.257248,-0.331119,2.799799,-2.452679,0.999470,-0.002365,0.024487,-0.021325
509,-0.474934,-0.064912,9.907426,0.013084,-0.561235,1.107707,-0.331410,2.769632,-2.413254,0.999484,-0.002382,0.024223,-0.020982
510,-0.473693,-0.067047,9.898054,0.037432,-0.585707,0.901703,-0.342414,2.739364,-2.380264,0.999496,-0.002490,0.023960,-0.020693
512,-0.477446,-0.077792,9.902952,-0.052707,-0.547565,0.459179,-0.363495,2.719419,-2.358491,0.999503,-0.002682,0.023789,-0.020499
513,-0.477287,-0.066597,9.888949,0.015873,-0.503270,0.063961,-0.381025,2.710567,-2.350477,0.999506,-0.002838,0.023715,-0.020426
514,-0.486664,-0.055838,9.905625,0.096771,-0.355158,0.053282,-0.374292,2.715714,-2.348202,0.999506,-0.002779,0.023759,-0.020407
515,-0.478787,-0.069020,9.929899,0.179193,-0.170423,0.204350,-0.364939,2.726552,-2.343629,0.999504,-0.002697,0.023851,-0.020369
516,-0.468477,-0.072062,9.932865,0.044863,-0.045286,0.105162,-0.370915,2.725442,-2.338915,0.999505,-0.002750,0.023843,-0.020327
517,-0.460156,-0.061236,9.926966,-0.011618,-0.104862,0.129576,-0.374608,2.709925,-2.335191,0.999509,-0.002786,0.023708,-0.020294
518,-0.468030,-0.068108,9.931178,-0.200834,0.020208,0.129575,-0.378056,2.697438,-2.330863,0.999512,-0.002819,0.023599,-0.020256
519,-0.464295,-0.077119,9.930423,-0.365691,0.130054,-0.021494,-0.398775,2.695635,-2.329610,0.999512,-0.003000,0.023587,-0.020241
520,-0.457154,-0.103315,9.909164,-0.471156,-0.091256,-0.006243,-0.448142,2.686285,-2.331737,0.999512,-0.003432,0.023515,-0.020249
521,-0.468420,-0.108212,9.888365,-0.517185,-0.205719,-0.007781,-0.514946,2.677514,-2.334285,0.999512,-0.004016,0.023450,-0.020258
522,-0.478918,-0.109648,9.911796,-0.546376,-0.057628,0.063928,-0.572318,2.688368,-2.335174,0.999507,-0.004514,0.023555,-0.020254
523,-0.471332,-0.108652,9.933983,-0.421365,-0.171995,0.327909,-0.611228,2.700140,-2.329690,0.999504,-0.004852,0.023664,-0.020197
524,-0.466416,-0.121044,9.929281,-0.390941,-0.338309,0.463711,-0.643012,2.694045,-2.317281,0.999506,-0.005133,0.023616,-0.020083
525,-0.474641,-0.092673,9.914485,-0.339045,-0.316922,0.381312,-0.651810,2.688056,-2.302935,0.999510,-0.005214,0.023565,-0.019956
526,-0.466849,-0.084895,9.923766,-0.195430,-0.341302,0.408788,-0.624209,2.684159,-2.287946,0.999514,-0.004977,0.023525,-0.019831
527,-0.464078,-0.094213,9.915041,-0.038099,-0.226858,0.323343,-0.595330,2.674923,-2.274120,0.999520,-0.004730,0.023439,-0.019717
528,-0.460081,-0.098261,9.907652,-0.013613,-0.193301,0.213481,-0.581517,2.665240,-2.264425,0.999524,-0.004613,0.023352,-0.019636
529,-0.456735,-0.093684,9.903847,0.175646,-0.399328,0.181437,-0.569619,2.649930,-2.257323,0.999529,-0.004513,0.023216,-0.019577
530,-0.464211,-0.083054,9.913326,0.042977,-0.324554,-0.099328,-0.548686,2.638690,-2.255039,0.999532,-0.004333,0.023114,-0.019562
531,-0.462926,-0.084342,9.925524,0.001877,-0.184128,-0.116109,-0.527910,2.638520,-2.257619,0.999532,-0.004151,0.023109,-0.019589
532,-0.452165,-0.094009,9.911642,0.169760,-0.506094,0.146352,-0.518845,2.627676,-2.256724,0.999535,-0.004074,0.023013,-0.019583
533,-0.453015,-0.086853,9.905224,0.102619,-0.678548,0.240959,-0.513875,2.603215,-2.250078,0.999541,-0.004036,0.022799,-0.019527
534,-0.449899,-0.074483,9.918386,0.148464,-0.545802,0.421022,-0.495838,2.580867,-2.238248,0.999548,-0.003885,0.022600,-0.019429
535,-0.431394,-0.084441,9.925252,0.429295,-0.721349,0.790298,-0.473029,2.546808,-2.217309,0.999559,-0.003696,0.022299,-0.019252
536,-0.430542,-0.089921,9.921304,0.325507,-0.961023,0.846755,-0.464285,2.498423,-2.189997,0.999573,-0.003633,0.021874,-0.019017
537,-0.429420,-0.084487,9.929867,0.182024,-0.893939,0.770456,-0.463909,2.456480,-2.163177,0.999586,-0.003642,0.021508,-0.018785
538,-0.427926,-0.078245,9.919637,0.168283,-0.773396,0.634648,-0.458558,2.427724,-2.139581,0.999595,-0.003605,0.021255,-0.018581
539,-0.424535,-0.086520,9.908390,0.110278,-0.735222,0.599551,-0.457006,2.407970,-2.118960,0.999602,-0.003598,0.021082,-0.018402
540,-0.429895,-0.087793,9.924323,0.006455,-0.423868,0.462215,-0.466519,2.401844,-2.101608,0.999605,-0.003685,0.021029,-0.018249
541,-0.422212,-0.081758,9.917459,0.184951,-0.211693,0.396600,-0.470142,2.405784,-2.087509,0.999607,-0.003719,0.021064,-0.018126
542,-0.422039,-0.067332,9.916224,0.151430,-0.187233,0.405758,-0.453932,2.408184,-2.073649,0.999609,-0.003580,0.021082,-0.018008
543,-0.413519,-0.080640,9.920506,0.278128,-0.248263,0.443908,-0.436934,2.402349,-2.059029,0.999613,-0.003435,0.021028,-0.017883
544,-0.415553,-0.074439,9.913948,0.230822,-0.193346,0.273004,-0.428624,2.391936,-2.047044,0.999617,-0.003366,0.020935,-0.017781
545,-0.413547,-0.057395,9.899123,0.218682,-0.263539,0.259273,-0.407005,2.384122,-2.037536,0.999621,-0.003181,0.020864,-0.017702
546,-0.414458,-0.068415,9.923835,0.214176,-0.286423,0.242491,-0.384982,2.376021,-2.028500,0.999624,-0.002991,0.020789,-0.017628
547,-0.416087,-0.074770,9.918158,0.235517,-0.242149,0.031913,-0.381952,2.371710,-2.024056,0.999626,-0.002966,0.020751,-0.017589
548,-0.421319,-0.067782,9.899609,0.211064,-0.222251,-0.117629,-0.382205,2.376148,-2.025750,0.999625,-0.002968,0.020790,-0.017604
549,-0.424516,-0.078380,9.907408,0.326980,-0.112290,-0.242757,-0.384340,2.389536,-2.032174,0.999621,-0.002983,0.020907,-0.017659
550,-0.425963,-0.085858,9.907039,0.410784,-0.170175,-0.195457,-0.396782,2.404732,-2.040471,0.999617,-0.003088,0.021042,-0.017729
551,-0.427299,-0.080443,9.902783,-0.268373,-0.124305,0.317249,-0.418431,2.418276,-2.039418,0.999614,-0.003275,0.021163,-0.017715
552,-0.425860,-0.060476,9.908306,-0.585766,-0.133388,0.718568,-0.431924,2.428599,-2.022110,0.999614,-0.003394,0.021255,-0.017561
553,-0.430059,-0.064657,9.921254,-0.568896,-0.211146,0.643802,-0.433235,2.435847,-1.998624,0.999616,-0.003409,0.021318,-0.017356
554,-0.428775,-0.088370,9.921935,-0.797797,-0.519321,0.507995,-0.457663,2.436084,-1.979426,0.999618,-0.003625,0.021323,-0.017184
555,-0.431077,-0.092215,9.927566,-0.837572,-0.668803,0.561398,-0.504367,2.428261,-1.962287,0.999621,-0.004037,0.021261,-0.017026
556,-0.421386,-0.093062,9.929792,-0.251687,-0.716073,0.308091,-0.536183,2.412214,-1.948188,0.999625,-0.004320,0.021125,-0.016898
557,-0.410715,-0.112800,9.923886,-0.022897,-0.650485,-0.001676,-0.560222,2.384043,-1.943689,0.999630,-0.004534,0.020883,-0.016856
558,-0.408055,-0.120505,9.929977,-0.248901,-0.386549,-0.081032,-0.598149,2.356945,-1.946282,0.999632,-0.004869,0.020652,-0.016873
559,-0.406661,-0.100749,9.921883,-0.139113,-0.221776,0.129543,-0.620402,2.341335,-1.946019,0.999634,-0.005065,0.020519,-0.016867
560,-0.400709,-0.100733,9.907771,-0.122292,-0.142452,0.065455,-0.617388,2.330568,-1.942406,0.999637,-0.005041,0.020425,-0.016837
561,-0.404043,-0.087111,9.900931,-0.084043,-0.197398,-0.174112,-0.600739,2.322319,-1.943338,0.999639,-0.004897,0.020350,-0.016848
562,-0.403170,-0.096761,9.916755,0.054919,-0.214175,-0.152745,-0.580776,2.316987,-1.947879,0.999640,-0.004723,0.020301,-0.016891
563,-0.395443,-0.093231,9.917851,0.013775,-0.034135,-0.131380,-0.568635,2.309051,-1.952124,0.999641,-0.004617,0.020230,-0.016931
564,-0.401937,-0.091436,9.926044,0.065711,-0.044832,-0.210726,-0.556466,2.304460,-1.957372,0.999642,-0.004511,0.020189,-0.016979
565,-0.405493,-0.086958,9.927174,0.064250,-0.110417,-0.184782,-0.541838,2.307699,-1.963431,0.999641,-0.004382,0.020215,-0.017034
566,-0.400908,-0.103588,9.916209,0.132915,0.095610,-0.297700,-0.539154,2.312958,-1.971486,0.999639,-0.004356,0.020261,-0.017105
567,-0.402539,-0.099597,9.908820,0.143534,0.268053,-0.468606,-0.547518,2.321644,-1.984828,0.999635,-0.004425,0.020338,-0.017219
568,-0.402157,-0.088042,9.895665,0.230513,-0.002023,-0.232087,-0.541621,2.328463,-1.996551,0.999632,-0.004371,0.020397,-0.017323
569,-0.394635,-0.083261,9.910010,0.148179,-0.041726,-0.135951,-0.522489,2.321990,-2.002153,0.999633,-0.004204,0.020338,-0.017375
570,-0.390453,-0.086353,9.922626,0.091774,0.078744,-0.409091,-0.507640,2.306954,-2.010798,0.999635,-0.004075,0.020205,-0.017454
571,-0.399112,-0.084769,9.923068,0.049077,-0.125778,-0.407564,-0.500229,2.296387,-2.024189,0.999635,-0.004010,0.020112,-0.017572
572,-0.399409,-0.084113,9.900888,0.068935,-0.514882,-0.184778,-0.494430,2.286934,-2.033806,0.999636,-0.003959,0.020029,-0.017658
573,-0.405718,-0.097836,9.902975,0.294732,-0.604864,-0.259549,-0.496406,2.277893,-2.041364,0.999636,-0.003976,0.019951,-0.017724
574,-0.400750,-0.088115,9.897981,0.401491,-0.569701,-0.271758,-0.496513,2.271515,-2.050509,0.999636,-0.003977,0.019896,-0.017804
575,-0.388386,-0.086907,9.886995,0.470145,-0.642933,0.060892,-0.484885,2.253743,-2.053963,0.999639,-0.003877,0.019739,-0.017836
576,-0.383266,-0.084539,9.895638,0.424358,-0.591090,0.181440,-0.471370,2.225497,-2.049813,0.999645,-0.003765,0.019490,-0.017804
577,-0.385256,-0.071073,9.929914,0.288588,-0.377486,0.015116,-0.451796,2.204107,-2.046113,0.999649,-0.003598,0.019300,-0.017775
578,-0.375792,-0.072625,9.931897,0.200148,-0.487381,0.167710,-0.430979,2.184244,-2.042469,0.999654,-0.003420,0.019124,-0.017748
579,-0.379115,-0.076231,9.907504,0.194059,-0.449253,0.102096,-0.421170,2.164637,-2.037736,0.999658,-0.003338,0.018951,-0.017709
580,-0.383328,-0.078730,9.911288,0.218445,-0.209643,-0.227505,-0.420212,2.161270,-2.039968,0.999658,-0.003330,0.018922,-0.017729
581,-0.378831,-0.081043,9.917763,0.334361,-0.258423,-0.270233,-0.422232,2.163580,-2.048624,0.999656,-0.003346,0.018942,-0.017804
582,-0.381959,-0.082196,9.911201,0.442634,-0.243117,-0.346531,-0.423120,2.164407,-2.059356,0.999655,-0.003352,0.018950,-0.017897
583,-0.381217,-0.064912,9.917802,0.480780,-0.075212,-0.473182,-0.408886,2.169683,-2.073012,0.999652,-0.003224,0.018994,-0.018019
584,-0.369474,-0.061507,9.940300,0.404552,-0.050800,-0.384676,-0.381006,2.166914,-2.086787,0.999651,-0.002979,0.018966,-0.018143
585,-0.369970,-0.059370,9.930767,0.345103,-0.139353,-0.222926,-0.356514,2.153753,-2.096435,0.999652,-0.002766,0.018848,-0.018232
586,-0.376268,-0.049114,9.916530,0.249044,-0.084430,-0.174094,-0.332030,2.148090,-2.102479,0.999653,-0.002553,0.018794,-0.018289
587,-0.376398,-0.053331,9.912922,0.140767,-0.122548,0.007493,-0.312766,2.150700,-2.104753,0.999653,-0.002384,0.018814,-0.018312
588,-0.378426,-0.063199,9.922187,0.033933,-0.056893,0.079212,-0.313585,2.155691,-2.103432,0.999652,-0.002390,0.018858,-0.018300
589,-0.378164,-0.067655,9.916538,0.029269,0.089637,0.063950,-0.329705,2.164461,-2.101697,0.999650,-0.002530,0.018937,-0.018282
590,-0.378756,-0.070444,9.918824,-0.060863,0.075937,-0.047447,-0.350823,2.173949,-2.102217,0.999648,-0.002712,0.019023,-0.018283
591,-0.384448,-0.063473,9.915933,-0.111280,0.031732,-0.055078,-0.366176,2.184878,-2.104410,0.999646,-0.002844,0.019121,-0.018299
592,-0.384565,-0.069892,9.913656,-0.060961,0.027209,0.070047,-0.376195,2.196906,-2.104441,0.999643,-0.002930,0.019227,-0.018297
593,-0.379040,-0.062280,9.905184,-0.036560,0.059274,0.013586,-0.380675,2.202497,-2.103168,0.999643,-0.002968,0.019277,-0.018285
594,-0.376656,-0.045930,9.906754,-0.074621,-0.078080,0.138715,-0.364966,2.198111,-2.099955,0.999644,-0.002832,0.019236,-0.018260
595,-0.379651,-0.048067,9.925865,0.065899,-0.253584,0.350825,-0.337791,2.188248,-2.090721,0.999648,-0.002598,0.019145,-0.018184
596,-0.371700,-0.056141,9.931211,0.098010,-0.371115,0.395079,-0.321062,2.170900,-2.077704,0.999653,-0.002457,0.018991,-0.018074
597,-0.363932,-0.050840,9.919047,0.052259,-0.435280,0.349302,-0.312582,2.142260,-2.065007,0.999660,-0.002390,0.018740,-0.017965
598,-0.363522,-0.061838,9.909440,0.113286,-0.557428,0.443908,-0.311670,2.110979,-2.051775,0.999667,-0.002389,0.018466,-0.017851
599,-0.368302,-0.076847,9.906376,0.111642,-0.528451,0.359978,-0.331124,2.089859,-2.039141,0.999672,-0.002564,0.018285,-0.017738
600,-0.361852,-0.069778,9.900932,-0.016673,-0.330066,0.286728,-0.356539,2.078456,-2.029275,0.999675,-0.002789,0.018189,-0.017648
601,-0.362103,-0.069605,9.892975,0.033603,-0.053860,0.155497,-0.371887,2.074886,-2.022439,0.999676,-0.002925,0.018160,-0.017586
602,-0.368953,-0.063946,9.905610,0.071721,0.013331,0.083777,-0.375928,2.084352,-2.018660,0.999675,-0.002959,0.018243,-0.017553
603,-0.367543,-0.056450,9.908630,0.058022,-0.050692,0.155498,-0.366749,2.096835,-2.014415,0.999674,-0.002878,0.018351,-0.017517
604,-0.361971,-0.054812,9.911380,0.108445,-0.030831,0.141766,-0.350538,2.100123,-2.008964,0.999675,-0.002737,0.018377,-0.017472
605,-0.367749,-0.055834,9.914169,0.193948,-0.036923,0.013590,-0.335035,2.101522,-2.005986,0.999675,-0.002602,0.018386,-0.017448
606,-0.370279,-0.050500,9.935320,0.107018,-0.219996,0.057844,-0.320417,2.104843,-2.004418,0.999675,-0.002474,0.018413,-0.017437
607,-0.361929,-0.065869,9.928036,0.139052,-0.226089,0.033428,-0.318380,2.099515,-2.002931,0.999676,-0.002457,0.018366,-0.017424
608,-0.358877,-0.070346,9.911592,0.203041,-0.065896,-0.285493,-0.332561,2.088892,-2.007830,0.999677,-0.002582,0.018276,-0.017465
609,-0.371297,-0.068293,9.906180,0.190735,0.129444,-0.598312,-0.346628,2.094085,-2.023310,0.999674,-0.002701,0.018324,-0.017597
610,-0.373956,-0.057873,9.905746,0.263945,0.251602,-0.546431,-0.346493,2.117044,-2.042686,0.999667,-0.002693,0.018525,-0.017766
611,-0.372910,-0.072979,9.906283,0.414970,0.225732,-0.470136,-0.344303,2.139107,-2.060001,0.999661,-0.002668,0.018717,-0.017917
612,-0.378464,-0.051738,9.913363,0.399690,0.266989,-0.538803,-0.335400,2.158672,-2.077024,0.999655,-0.002585,0.018887,-0.018066
613,-0.386018,-0.043846,9.931163,0.277702,0.311317,-0.438089,-0.307701,2.183478,-2.092726,0.999649,-0.002336,0.019099,-0.018207
615,-0.382023,-0.033329,9.926270,0.164914,0.134369,-0.201564,-0.274365,2.202552,-2.102424,0.999645,-0.002041,0.019260,-0.018297
616,-0.380627,-0.027213,9.931704,-0.069924,-0.070097,-0.103899,-0.241952,2.205296,-2.106333,0.999645,-0.001757,0.019279,-0.018336
617,-0.379772,-0.013047,9.907826,-0.173498,0.009239,-0.052010,-0.208258,2.201872,-2.107474,0.999645,-0.001463,0.019244,-0.018352
618,-0.383037,-0.028584,9.908405,-0.202350,0.163358,-0.033694,-0.186648,2.204978,-2.107840,0.999645,-0.001274,0.019268,-0.018359
619,-0.384033,-0.031127,9.913575,-0.243517,0.164901,-0.036744,-0.187496,2.213828,-2.108778,0.999643,-0.001280,0.019345,-0.018366
620,-0.375791,-0.043960,9.920021,-0.078757,-0.036541,0.134157,-0.200759,2.211844,-2.107468,0.999644,-0.001396,0.019330,-0.018353
621,-0.372237,-0.057340,9.893847,0.175941,-0.224298,0.060908,-0.225374,2.193955,-2.105212,0.999647,-0.001614,0.019178,-0.018329
622,-0.354509,-0.062950,9.891892,-0.077544,-0.396859,-0.502166,-0.260085,2.157074,-2.113903,0.999651,-0.001922,0.018862,-0.018400
623,-0.361942,-0.058061,9.912593,-0.186026,-0.612154,-0.744794,-0.293884,2.112496,-2.135690,0.999654,-0.002220,0.018478,-0.018586
624,-0.368091,-0.055618,9.912717,-0.192199,-0.645758,-0.816515,-0.314885,2.084473,-2.162126,0.999654,-0.002404,0.018238,-0.018814
625,-0.372872,-0.059471,9.924088,-0.292947,-0.451912,-0.979791,-0.331528,2.076849,-2.192257,0.999650,-0.002545,0.018175,-0.019074
626,-0.365063,-0.062105,9.942551,-0.453206,-0.181761,-1.054563,-0.352503,2.078502,-2.226391,0.999643,-0.002723,0.018194,-0.019369
627,-0.382142,-0.068180,9.952739,-0.225887,0.103685,-0.819571,-0.373805,2.096494,-2.257964,0.999634,-0.002900,0.018355,-0.019640
628,-0.380263,-0.063099,9.924805,-0.166395,0.204541,-0.564740,-0.385258,2.130534,-2.281240,0.999625,-0.002991,0.018654,-0.019840
629,-0.374844,-0.063297,9.931772,-0.199946,0.058137,-0.248873,-0.387920,2.151953,-2.294694,0.999619,-0.003008,0.018842,-0.019956
630,-0.371356,-0.057110,9.924711,-0.122072,-0.115803,-0.145108,-0.383089,2.153843,-2.300867,0.999618,-0.002964,0.018858,-0.020011
631,-0.367848,-0.068619,9.916968,-0.180027,-0.297414,-0.113062,-0.382301,2.141762,-2.304902,0.999619,-0.002959,0.018753,-0.020047
632,-0.351528,-0.054735,9.910364,-0.381414,-0.479092,0.076152,-0.384676,2.110160,-2.305169,0.999624,-0.002985,0.018477,-0.020050
633,-0.347097,-0.071350,9.935909,-0.424115,-0.254928,-0.135951,-0.392921,2.068613,-2.305885,0.999630,-0.003064,0.018116,-0.020056
634,-0.358250,-0.083638,9.940073,-0.376888,0.315692,-0.694443,-0.422227,2.054320,-2.320293,0.999629,-0.003320,0.017997,-0.020178
635,-0.367969,-0.102081,9.942229,-0.349591,0.779614,-0.842464,-0.469293,2.080454,-2.347288,0.999619,-0.003722,0.018234,-0.020405
636,-0.391499,-0.112626,9.929656,-0.171289,1.168886,-0.831789,-0.525225,2.145006,-2.377181,0.999601,-0.004193,0.018808,-0.020654
637,-0.409876,-0.117697,9.920298,0.190133,1.662026,-0.772284,-0.570629,2.245000,-2.406069,0.999577,-0.004566,0.019690,-0.020894
638,-0.411353,-0.096324,9.901543,0.452498,1.848425,-0.355707,-0.579532,2.350597,-2.426193,0.999555,-0.004621,0.020614,-0.021063
639,-0.400056,-0.095488,9.907168,0.579177,1.625704,0.155480,-0.557092,2.421199,-2.429877,0.999542,-0.004411,0.021225,-0.021095
640,-0.409590,-0.086103,9.893718,0.414435,1.683629,0.263822,-0.528819,2.464554,-2.422928,0.999537,-0.004158,0.021598,-0.021038
641,-0.410666,-0.055435,9.905316,0.374938,1.703372,0.343177,-0.479692,2.502270,-2.411787,0.999533,-0.003725,0.021918,-0.020949
642,-0.417237,-0.079439,9.902361,0.420868,1.308037,0.607167,-0.435318,2.528568,-2.395039,0.999533,-0.003336,0.022139,-0.020810
643,-0.439946,-0.080017,9.915205,0.259115,1.051630,0.436263,-0.424159,2.557672,-2.377982,0.999530,-0.003237,0.022390,-0.020662
644,-0.453660,-0.070256,9.917344,0.317094,0.961649,0.436263,-0.415082,2.601110,-2.363722,0.999525,-0.003152,0.022767,-0.020538
645,-0.450709,-0.058444,9.934361,0.463647,0.758740,0.433214,-0.388577,2.637601,-2.348833,0.999521,-0.002918,0.023080,-0.020412
646,-0.452369,-0.058948,9.916498,0.363019,0.825861,0.311144,-0.357433,2.660190,-2.335817,0.999519,-0.002645,0.023271,-0.020304
647,-0.466940,-0.044397,9.923671,-0.016837,1.227185,-0.090170,-0.331621,2.695495,-2.331418,0.999514,-0.002414,0.023574,-0.020270
648,-0.468174,-0.046139,9.893767,-0.198313,1.619379,-0.215290,-0.313390,2.749233,-2.335751,0.999502,-0.002245,0.024040,-0.020310
649,-0.482522,-0.055273,9.874730,-0.532452,2.280146,-0.470118,-0.318527,2.822417,-2.347192,0.999485,-0.002274,0.024679,-0.020407
650,-0.504303,-0.064776,9.890264,-0.923132,3.157650,-0.897379,-0.352497,2.932206,-2.370973,0.999456,-0.002545,0.025644,-0.020604
651,-0.518430,-0.075802,9.900034,-1.228412,3.748291,-1.226983,-0.409308,3.068645,-2.408175,0.999416,-0.003007,0.026845,-0.020910
652,-0.531108,-0.086460,9.891635,-1.617641,4.166441,-1.152219,-0.482664,3.209577,-2.450175,0.999373,-0.003611,0.028089,-0.021254
653,-0.532800,-0.120872,9.918676,-1.869623,4.561570,-0.781431,-0.583648,3.337355,-2.486062,0.999331,-0.004458,0.029223,-0.021536
654,-0.567999,-0.148839,9.943649,-1.381652,5.338130,-0.393866,-0.704382,3.474989,-2.511233,0.999285,-0.005478,0.030447,-0.021716
655,-0.608093,-0.165931,9.905124,-0.698389,6.110228,0.303461,-0.809884,3.661645,-2.519425,0.999228,-0.006360,0.032095,-0.021747
656,-0.652082,-0.163417,9.885160,-0.149317,7.297497,1.048098,-0.875102,3.905346,-2.503375,0.999157,-0.006886,0.034232,-0.021571
657,-0.696953,-0.174886,9.865334,0.889655,9.395810,1.336489,-0.897292,4.217076,-2.470283,0.999066,-0.007030,0.036952,-0.021252
658,-0.767844,-0.158702,9.809543,1.158114,12.885777,0.877180,-0.881467,4.624169,-2.440461,0.998936,-0.006825,0.040496,-0.020967
659,-0.867526,-0.111437,9.800876,-0.509656,17.108244,0.056242,-0.856593,5.170365,-2.431319,0.998737,-0.006509,0.045252,-0.020856
660,-0.992306,-0.108837,9.831744,-0.869626,20.195534,0.121874,-0.849993,5.860482,-2.435084,0.998448,-0.006320,0.051265,-0.020841
661,-1.103744,-0.114152,9.842388,-0.713847,22.295582,0.155464,-0.849835,6.643971,-2.438420,0.998075,-0.006169,0.058090,-0.020812
662,-1.223341,-0.102396,9.836454,-1.162324,23.814205,0.103603,-0.852710,7.477917,-2.442356,0.997628,-0.006034,0.065352,-0.020781
663,-1.363152,-0.117630,9.854439,-1.240008,24.586603,0.259268,-0.865413,8.340701,-2.445057,0.997109,-0.005979,0.072864,-0.020729
664,-1.507737,-0.154813,9.824789,0.559102,24.487679,0.971885,-0.866727,9.210777,-2.435732,0.996531,-0.005831,0.080432,-0.020578
665,-1.632396,-0.111357,9.754704,1.529646,25.250866,0.483601,-0.818200,10.084746,-2.421503,0.995896,-0.005254,0.088021,-0.020420
666,-1.807172,-0.081274,9.690247,2.144773,27.599520,0.401235,-0.719633,11.016817,-2.412123,0.995155,-0.004229,0.096100,-0.020348
667,-1.999889,-0.066805,9.655747,2.407444,30.239759,1.000969,-0.597104,12.058489,-2.391315,0.994250,-0.002989,0.105120,-0.020204
668,-2.213983,-0.024925,9.622002,3.353764,32.655827,2.221766,-0.439678,13.212690,-2.335391,0.993155,-0.001466,0.115100,-0.019802
669,-2.381090,0.013571,9.574896,3.271671,34.118210,2.527025,-0.246718,14.436043,-2.246111,0.991888,0.000327,0.125663,-0.019174
670,-2.582057,0.011169,9.547276,2.624940,36.015423,2.974188,-0.068790,15.701686,-2.140983,0.990456,0.001957,0.136582,-0.018425
671,-2.780172,-0.030003,9.526303,1.286766,37.836273,3.094753,0.039586,17.016747,-2.032604,0.988838,0.002966,0.147925,-0.017593
672,-2.993698,-0.023815,9.479516,0.638159,39.618908,2.287511,0.080957,18.379227,-1.942846,0.987021,0.003405,0.159667,-0.016849
673,-3.208972,-0.043115,9.403595,-0.298919,40.197559,1.095711,0.071517,19.774071,-1.892243,0.985012,0.003450,0.171673,-0.016374
674,-3.407128,-0.037404,9.278640,-0.242652,39.431831,0.959838,0.032476,21.157801,-1.868716,0.982871,0.003272,0.183560,-0.016082
675,-3.608972,-0.069108,9.189375,-0.490075,38.698086,0.295977,-0.022652,22.504622,-1.864151,0.980648,0.002980,0.195107,-0.015916
676,-3.830757,-0.079845,9.107532,-0.919130,37.378357,-1.078991,-0.115644,23.811760,-1.903705,0.978356,0.002440,0.206292,-0.016047
677,-4.031975,-0.053988,9.026699,-0.821670,34.663925,-1.544482,-0.213524,25.049784,-1.974154,0.976062,0.001917,0.216862,-0.016413
678,-4.184737,-0.074673,8.948059,-0.147347,32.294250,-1.083714,-0.286003,26.183449,-2.041773,0.973861,0.001605,0.226517,-0.016789
679,-4.344218,-0.105017,8.888119,-0.654131,31.386288,-1.346259,-0.366866,27.236227,-2.112966,0.971730,0.001230,0.235466,-0.017166
680,-4.455860,-0.090942,8.774354,-0.858771,31.012285,-1.205957,-0.460057,28.245668,-2.188188,0.969609,0.000766,0.244029,-0.017538
681,-4.567894,-0.074721,8.652143,-0.510929,31.207357,-0.481180,-0.520866,29.233673,-2.238432,0.967463,0.000532,0.252389,-0.017754
682,-4.684783,-0.137740,8.545692,-0.855900,32.435421,0.136754,-0.582211,30.232920,-2.270999,0.965222,0.000264,0.260824,-0.017806
683,-4.837167,-0.131727,8.438920,-1.812835,33.452908,-0.139543,-0.682306,31.269608,-2.309115,0.962819,-0.000302,0.269561,-0.017799
684,-5.055179,-0.165017,8.367200,-2.246385,34.731453,-0.161020,-0.813514,32.369099,-2.358701,0.960182,-0.001080,0.278806,-0.017788
685,-5.285198,-0.188353,8.303914,-2.490759,35.352497,-0.493812,-0.974325,33.534393,-2.426673,0.957287,-0.002031,0.288581,-0.017822
686,-5.478127,-0.210893,8.236359,-2.610010,35.059586,-1.153159,-1.158752,34.719456,-2.522182,0.954237,-0.003083,0.298495,-0.017989
687,-5.665782,-0.210908,8.163304,-1.749574,33.503181,-1.057151,-1.330038,35.868969,-2.628530,0.951177,-0.003977,0.308081,-0.018247
688,-5.821747,-0.244211,8.086443,-0.828075,31.115082,-0.854316,-1.464515,36.938385,-2.728791,0.948244,-0.004576,0.316968,-0.018535
689,-5.962471,-0.236142,7.992409,-0.593219,28.523943,-1.435797,-1.580083,37.907166,-2.835142,0.945513,-0.005002,0.324994,-0.018918
690,-6.061868,-0.233807,7.880582,0.119315,25.517679,-0.564554,-1.657906,38.767952,-2.924212,0.943032,-0.005175,0.332103,-0.019267
691,-6.135559,-0.195868,7.797456,1.582697,22.302242,1.455779,-1.629391,39.503033,-2.930181,0.940887,-0.004738,0.338139,-0.019258
692,-6.176381,-0.210894,7.689141,2.469316,20.308945,2.720803,-1.501281,40.126911,-2.852966,0.939053,-0.003762,0.343231,-0.018889
693,-6.211281,-0.228373,7.596967,2.196144,19.795696,2.566644,-1.373998,40.689999,-2.766654,0.937376,-0.002846,0.347817,-0.018466
694,-6.248240,-0.226402,7.512422,0.415277,19.605877,1.226770,-1.328195,41.226601,-2.729046,0.935747,-0.002462,0.352194,-0.018208
695,-6.362816,-0.189986,7.456996,-1.025290,19.823517,0.015091,-1.366741,41.769814,-2.743750,0.934066,-0.002606,0.356631,-0.018116
696,-6.490785,-0.202040,7.379750,-1.777633,21.028595,-0.929522,-1.464856,42.369408,-2.801805,0.932178,-0.003081,0.361529,-0.018176
697,-6.621437,-0.192625,7.301200,-2.157635,22.709959,-2.177774,-1.613042,43.055229,-2.910047,0.929980,-0.003773,0.367127,-0.018455
698,-6.723970,-0.117000,7.159742,-2.082753,24.731798,-3.119167,-1.747033,43.841034,-3.034654,0.927420,-0.004254,0.373520,-0.018873
699,-6.816262,-0.085073,6.998809,-0.155208,28.375883,-1.872194,-1.775947,44.759853,-3.108808,0.924388,-0.003998,0.380949,-0.019182
700,-6.924292,-0.113362,6.824115,1.049065,32.937218,-0.802200,-1.711297,45.850574,-3.128051,0.920727,-0.003118,0.389717,-0.019321
701,-7.050685,-0.120026,6.663377,1.740555,37.568871,0.023587,-1.613079,47.119328,-3.124306,0.916366,-0.002003,0.399867,-0.019362
702,-7.217955,-0.146480,6.513993,2.116089,40.956940,1.299441,-1.495567,48.532795,-3.094981,0.911379,-0.000796,0.411116,-0.019256
703,-7.431451,-0.154643,6.394216,2.441177,42.533741,2.964310,-1.347453,50.029198,-3.016923,0.905954,0.000479,0.422954,-0.018883
704,-7.606346,-0.159937,6.262840,3.416243,41.586555,4.854942,-1.127304,51.516361,-2.858627,0.900419,0.001982,0.434639,-0.018190
705,-7.720269,-0.169137,6.138605,4.139458,39.020111,5.771935,-0.841138,52.894436,-2.636916,0.895159,0.003677,0.445394,-0.017333
706,-7.841039,-0.171932,5.983262,3.573183,35.826263,5.370412,-0.568580,54.126400,-2.418776,0.890343,0.005185,0.454959,-0.016538
707,-7.896775,-0.102725,5.810855,2.779552,33.434898,4.352416,-0.333790,55.233639,-2.224175,0.885923,0.006416,0.463517,-0.015847
708,-7.952315,-0.112035,5.660807,2.077488,32.319061,3.860867,-0.145087,56.252895,-2.060017,0.881777,0.007358,0.471362,-0.015256
709,-8.021178,-0.103907,5.477339,0.383523,31.906639,2.438429,-0.068323,57.239368,-1.972745,0.877693,0.007722,0.478931,-0.014826
710,-8.137475,-0.136863,5.289973,-1.612624,32.423649,1.519458,-0.150205,58.254997,-1.989357,0.873417,0.007305,0.486701,-0.014526
712,-8.306766,-0.085922,5.095666,-3.504986,34.500416,1.055241,-0.326463,59.366989,-2.045855,0.868657,0.006366,0.495172,-0.014099
713,-8.469386,-0.104648,4.906222,-4.303195,35.806866,1.601273,-0.511808,60.589745,-2.074663,0.863331,0.005277,0.504432,-0.013379
714,-8.614604,-0.132882,4.673614,-4.344559,36.046928,2.467718,-0.691871,61.885696,-2.078334,0.857580,0.004147,0.514183,-0.012451
715,-8.746293,-0.153047,4.476781,-3.677908,35.574535,3.346334,-0.830737,63.208523,-2.044027,0.851598,0.003174,0.524062,-0.011392
716,-8.847071,-0.075350,4.276545,-3.093582,33.765453,3.138625,-0.857488,64.498070,-1.925250,0.845661,0.002637,0.533616,-0.010216
717,-8.877999,-0.095136,4.091661,-2.129236,30.006157,2.650253,-0.813792,65.678207,-1.772079,0.840135,0.002419,0.542296,-0.009142
718,-8.940643,-0.039087,3.903736,-1.875949,26.701496,2.760097,-0.721351,66.723465,-1.594813,0.835166,0.002396,0.549932,-0.008162
719,-8.973927,0.000188,3.750364,-1.213646,25.043259,3.588795,-0.477430,67.675522,-1.285096,0.830584,0.002784,0.556842,-0.006995
720,-9.010314,0.035930,3.599595,-0.291901,25.376289,4.318397,-0.063248,68.592659,-0.830200,0.826115,0.003626,0.563461,-0.005674
721,-9.035333,0.036064,3.451886,0.945702,27.572447,4.883184,0.475221,69.544067,-0.282001,0.821412,0.004810,0.570298,-0.004387
722,-9.091725,0.066507,3.296911,1.513402,31.041214,5.022189,1.102011,70.586197,0.329226,0.816182,0.006189,0.577753,-0.003211
723,-9.174122,0.080500,3.140779,1.820154,35.509464,4.059435,1.757284,71.759583,0.954277,0.810200,0.007544,0.586101,-0.002241
724,-9.275226,0.111940,2.950526,2.303898,39.687820,3.104273,2.402773,73.080200,1.553555,0.803359,0.008774,0.595428,-0.001592
725,-9.400373,0.137119,2.745873,2.236783,42.581375,2.745747,3.104496,74.524704,2.199968,0.795748,0.009936,0.605546,-0.001125
726,-9.506248,0.141409,2.547161,2.220012,43.773479,3.495006,3.953190,76.025841,2.997637,0.787689,0.011067,0.615973,-0.000638
727,-9.582735,0.124227,2.326017,2.610633,43.320534,4.473046,5.027784,77.513512,4.021936,0.779544,0.012236,0.626228,-0.000103
728,-9.592238,0.104167,2.092599,2.552598,41.764233,4.115749,6.248583,78.943703,5.191318,0.771568,0.013283,0.636008,0.000296
729,-9.623913,0.131016,1.854210,1.427931,39.519669,2.987793,7.518998,80.296028,6.427464,0.763907,0.013972,0.645175,0.000550
730,-9.637009,0.146604,1.635827,0.638977,37.519207,2.078068,8.878646,81.567528,7.779270,0.756600,0.014296,0.653722,0.000765
731,-9.655047,0.166156,1.415417,-0.101134,36.225216,0.982215,10.397870,82.777428,9.311291,0.749553,0.014314,0.661789,0.000931
732,-9.699676,0.175946,1.203223,-0.482642,35.317303,0.454050,12.273034,83.951363,11.214037,0.742618,0.014119,0.669565,0.001068
733,-9.740830,0.182164,1.003392,-0.381949,34.238491,0.728554,14.984701,85.085182,13.956106,0.735785,0.013917,0.677071,0.001235
734,-9.744671,0.190115,0.833516,-0.264464,33.036026,0.606357,19.214991,86.151169,18.211971,0.729171,0.013804,0.684191,0.001433
735,-9.761872,0.172640,0.642007,-0.166817,31.598516,0.693198,26.071964,87.132828,25.090014,0.722816,0.013696,0.690903,0.001581
736,-9.744416,0.198989,0.448133,-0.185137,30.496735,0.589320,39.003273,88.001297,38.039936,0.716624,0.013625,0.697325,0.001738
737,-9.707134,0.250774,0.259380,-0.420129,29.953493,0.334534,66.829918,88.605766,65.888077,0.710480,0.013693,0.703581,0.002070
738,-9.711023,0.285046,0.092213,-0.546776,30.655428,0.565156,109.078423,88.584038,108.163406,0.704241,0.013924,0.709820,0.002635
739,-9.714458,0.236518,-0.083790,-0.204968,31.766317,0.937634,137.194565,87.948715,136.304001,0.697753,0.014167,0.716191,0.003178
740,-9.693079,0.197997,-0.244304,-0.249218,31.999769,0.505741,151.249466,87.074036,150.378830,0.691095,0.014174,0.722617,0.003433
741,-9.775915,0.187747,-0.404484,-0.272103,29.675701,0.069149,158.861786,86.166664,158.011856,0.684696,0.013934,0.728687,0.003450
742,-9.798720,0.154205,-0.513754,-0.446050,24.749756,0.241316,163.216843,85.372208,162.388947,0.679239,0.013545,0.733784,0.003336
743,-9.788586,0.146441,-0.621523,-0.877875,17.421804,0.302033,165.717117,84.797791,164.918182,0.675319,0.013058,0.737403,0.003209
744,-9.769769,0.193261,-0.702509,-1.433308,10.237173,0.440682,166.859970,84.468803,166.103973,0.673095,0.012635,0.739440,0.003316
745,-9.741686,0.232961,-0.744750,-1.508103,4.611626,1.035813,166.636398,84.413452,165.933487,0.672776,0.012503,0.739731,0.003838
746,-9.678316,0.228577,-0.762870,-1.363179,1.364687,1.533376,165.531860,84.552628,164.879807,0.673809,0.012599,0.738784,0.004561
747,-9.678383,0.270507,-0.791769,-0.772689,0.594602,1.190237,164.148376,84.695778,163.534332,0.674912,0.012891,0.737766,0.005321
748,-9.694842,0.252471,-0.779493,-0.208130,1.718472,1.178211,163.000900,84.778503,162.405380,0.675611,0.013247,0.737116,0.005905
749,-9.725198,0.259075,-0.767166,0.139761,2.415160,0.924931,162.373398,84.827141,161.780289,0.676016,0.013476,0.736738,0.006164
750,-9.769100,0.265189,-0.788341,0.261822,2.100286,0.354221,162.073547,84.851402,161.475159,0.676217,0.013622,0.736550,0.006245
751,-9.762502,0.292070,-0.807203,0.113792,1.373618,-0.083646,161.850143,84.852692,161.247620,0.676264,0.013764,0.736504,0.006335
752,-9.705427,0.272397,-0.814075,-0.350101,0.639467,0.381844,161.607559,84.848358,161.010468,0.676280,0.013865,0.736485,0.006503
753,-9.679933,0.304916,-0.844055,-0.829252,-0.340179,0.536078,161.197693,84.831871,160.620667,0.676252,0.013984,0.736506,0.006870
754,-9.675164,0.313110,-0.850374,-1.029164,-0.898520,0.812508,160.468109,84.800392,159.922409,0.676194,0.014231,0.736548,0.007503
755,-9.679774,0.337266,-0.828101,-1.079543,-1.073923,1.580338,159.356964,84.783081,158.846451,0.676303,0.014626,0.736431,0.008332
756,-9.693766,0.323809,-0.799884,-0.749965,-1.417375,2.100891,157.997574,84.806046,157.516495,0.676719,0.015093,0.736029,0.009162
757,-9.715307,0.322748,-0.775811,-0.214375,-2.179091,1.882699,156.777374,84.886223,156.309616,0.677459,0.015440,0.735335,0.009673
758,-9.722321,0.315653,-0.755798,0.458557,-2.927132,1.571271,155.776505,85.014099,155.300827,0.678436,0.015668,0.734427,0.009803
759,-9.723169,0.305471,-0.727833,1.096404,-3.244874,1.601517,154.984589,85.171799,154.478058,0.679538,0.015837,0.733407,0.009591
760,-9.691150,0.297116,-0.711808,1.462643,-3.570192,0.743588,154.496750,85.341919,153.942307,0.680639,0.015916,0.732390,0.009079
761,-9.709560,0.323616,-0.716422,1.821252,-4.107426,-0.405692,154.265839,85.496719,153.652603,0.681590,0.015977,0.731512,0.008415
762,-9.717192,0.315072,-0.719191,2.410273,-4.259893,-0.888018,154.260391,85.620644,153.573608,0.682312,0.016113,0.730843,0.007644
763,-9.721066,0.302883,-0.670068,3.264805,-3.783691,-1.469542,154.542419,85.750702,153.758728,0.683012,0.016262,0.730196,0.006598
764,-9.728465,0.267878,-0.645779,4.053724,-3.373245,-2.498263,155.377640,85.912895,154.470703,0.683797,0.016279,0.729473,0.005094
765,-9.742374,0.219474,-0.622421,4.883854,-3.219193,-3.205210,157.229584,86.099770,156.172455,0.684566,0.016037,0.728768,0.002998
766,-9.728197,0.195052,-0.591619,5.526299,-2.567742,-3.663503,159.794113,86.291336,158.562790,0.685309,0.015727,0.728082,0.000539
767,-9.757810,0.179987,-0.567660,5.576674,-1.606588,-4.240695,162.584076,86.458786,161.168961,0.685951,0.015524,0.727480,-0.001932
768,-9.778910,0.163289,-0.567762,4.989203,-1.643349,-4.712425,165.448227,86.590790,163.859879,0.686442,0.015363,0.727010,-0.004230
769,-9.769533,0.179925,-0.577874,3.971408,-2.366619,-4.443799,167.669327,86.684708,165.935883,0.686815,0.015362,0.726645,-0.006022
770,-9.761804,0.218362,-0.577944,3.136700,-2.720478,-3.381244,168.064209,86.742981,166.218170,0.687138,0.015859,0.726321,-0.006914
771,-9.751343,0.180518,-0.559229,2.051733,-2.828655,-1.624267,167.155472,86.791855,165.228119,0.687508,0.016612,0.725951,-0.007164
772,-9.711107,0.168936,-0.527503,1.288746,-3.248234,-0.277955,165.817688,86.867058,163.837341,0.688081,0.017274,0.725393,-0.007156
773,-9.695726,0.184931,-0.512078,0.873673,-3.330656,0.578492,163.761810,86.954765,161.746765,0.688803,0.018000,0.724693,-0.006858
774,-9.686812,0.182596,-0.487207,0.765312,-2.891229,1.050371,161.321976,87.030998,159.280182,0.689510,0.018769,0.724004,-0.006419
775,-9.700203,0.159439,-0.466429,0.682904,-2.348069,1.085611,159.494095,87.104706,157.427475,0.690150,0.019306,0.723382,-0.006189
776,-9.712481,0.148886,-0.460722,0.670700,-2.073440,0.855098,158.697495,87.176033,156.606445,0.690659,0.019524,0.722890,-0.006273
777,-9.740711,0.169878,-0.460560,0.653921,-1.800246,0.525389,158.294250,87.225822,156.179428,0.690995,0.019668,0.722563,-0.006422
778,-9.759250,0.158815,-0.443880,0.576104,-1.723883,0.624493,157.909134,87.266556,155.772324,0.691276,0.019814,0.722289,-0.006548
779,-9.784103,0.152930,-0.435159,0.400629,-2.288448,0.712846,157.589981,87.326576,155.435089,0.691661,0.019867,0.721918,-0.006718
780,-9.768014,0.190271,-0.414831,0.244986,-2.814909,0.578539,156.518875,87.401657,154.351974,0.692217,0.020032,0.721380,-0.006702
781,-9.764086,0.207525,-0.387566,0.077125,-2.879098,0.564991,154.311066,87.483002,152.138443,0.692943,0.020399,0.720675,-0.006406
782,-9.753373,0.203953,-0.361455,-0.046486,-2.842647,0.609435,151.753342,87.572227,149.580032,0.693761,0.020746,0.719881,-0.006068
783,-9.760679,0.203869,-0.353273,-0.185353,-2.581856,0.527137,149.527863,87.656570,147.357864,0.694510,0.020955,0.719155,-0.005819
784,-9.758148,0.190735,-0.341026,-0.243338,-2.098194,0.069344,148.226471,87.729187,146.062653,0.695072,0.020950,0.718612,-0.005747
785,-9.775899,0.199013,-0.340162,-0.336417,-1.939469,-0.368662,147.778763,87.791229,145.623795,0.695458,0.020778,0.718243,-0.005812
786,-9.764925,0.197457,-0.326222,-0.301317,-1.982124,-0.266458,147.430466,87.843506,145.285324,0.695780,0.020606,0.717936,-0.005862
787,-9.756854,0.174532,-0.314454,-0.278425,-1.977498,-0.094133,147.210983,87.905571,145.074524,0.696133,0.020381,0.717599,-0.005980
788,-9.737330,0.172021,-0.310841,-0.209752,-1.725657,-0.602439,147.549713,87.971260,145.420151,0.696438,0.020049,0.717310,-0.006226
789,-9.728641,0.189727,-0.315785,-0.099881,-1.269262,-0.668116,148.034348,88.007568,145.909348,0.696571,0.019811,0.717186,-0.006408
790,-9.718596,0.169470,-0.310736,0.161057,-0.449648,-0.245453,148.645889,88.009438,146.519455,0.696508,0.019704,0.717248,-0.006533
791,-9.730083,0.185135,-0.319416,0.304498,-0.093894,-0.411780,149.426285,87.986275,147.291779,0.696295,0.019687,0.717454,-0.006649
792,-9.707610,0.185014,-0.331781,0.470827,-0.122618,-0.117196,149.973511,87.939011,147.825974,0.695980,0.019818,0.717757,-0.006680
793,-9.700464,0.213260,-0.322800,0.617314,-0.271928,0.641384,149.399765,87.880859,147.234039,0.695733,0.020228,0.717987,-0.006493
794,-9.703126,0.233855,-0.316148,0.800416,-0.596842,1.558819,147.096420,87.818245,144.907211,0.695689,0.021033,0.718010,-0.005978
795,-9.716582,0.223789,-0.320948,0.922482,-1.223930,2.120649,144.322128,87.764977,142.103775,0.695795,0.021944,0.717885,-0.005426
796,-9.742421,0.207957,-0.317403,1.052185,-1.144508,2.354151,142.311798,87.736267,140.058975,0.695948,0.022654,0.717717,-0.005142
797,-9.794445,0.225002,-0.300553,0.985049,-0.801164,2.024451,140.821808,87.726860,138.533173,0.696133,0.023195,0.717520,-0.005043
798,-9.816275,0.216213,-0.299362,0.811097,-0.822560,1.720630,139.726364,87.733757,137.406082,0.696339,0.023569,0.717308,-0.005060
799,-9.822551,0.236922,-0.283015,0.605101,-0.683764,0.815584,138.975143,87.757462,136.629898,0.696571,0.023764,0.717076,-0.005173
800,-9.815471,0.235782,-0.265290,0.353322,-0.468758,0.182205,138.299988,87.798950,135.938217,0.696874,0.023812,0.716779,-0.005328
801,-9.768435,0.249194,-0.273506,0.104595,-0.505503,-0.483165,137.950821,87.841782,135.581375,0.697126,0.023741,0.716534,-0.005494
802,-9.740095,0.286812,-0.280671,0.064918,-0.491765,-0.817185,137.478027,87.846687,135.106354,0.697224,0.023814,0.716437,-0.005449
803,-9.715643,0.273233,-0.275375,0.113741,-0.503917,-0.462908,136.772156,87.829308,134.398163,0.697260,0.024020,0.716397,-0.005271
804,-9.713105,0.242871,-0.280440,-0.058688,-0.590823,0.107856,136.559967,87.826965,134.184845,0.697285,0.024072,0.716371,-0.005232
805,-9.725986,0.253864,-0.287689,-0.189913,-0.435053,0.387064,136.680359,87.820580,134.308624,0.697236,0.024059,0.716419,-0.005204
806,-9.759004,0.261183,-0.265650,-0.163971,-0.409053,0.727371,136.187042,87.805809,133.820801,0.697252,0.024171,0.716401,-0.005025
807,-9.761439,0.265258,-0.258594,-0.157871,-0.462523,0.625183,135.084991,87.802422,132.723831,0.697423,0.024337,0.716230,-0.004796
808,-9.770872,0.265349,-0.269852,-0.321147,-0.299276,0.208633,134.386765,87.801529,132.033356,0.697539,0.024406,0.716116,-0.004630
809,-9.760309,0.270167,-0.258585,-0.264687,-0.137525,-0.233875,134.217697,87.804741,131.874069,0.697583,0.024358,0.716075,-0.004559
810,-9.752865,0.298391,-0.253696,-0.272322,-0.331359,-0.606071,133.694366,87.807503,131.360153,0.697686,0.024370,0.715975,-0.004430
811,-9.733837,0.295416,-0.248403,-0.298271,-0.593882,-0.560074,132.707977,87.808846,130.384018,0.697864,0.024456,0.715800,-0.004216
812,-9.729788,0.241930,-0.252423,-0.455441,-1.033383,-0.113000,132.308472,87.843231,129.997070,0.698080,0.024280,0.715595,-0.004240
813,-9.717950,0.262398,-0.236831,-0.409660,-1.170754,0.034858,132.000443,87.897453,129.702530,0.698359,0.023991,0.715333,-0.004362
815,-9.728423,0.261412,-0.232681,-0.386771,-1.114357,0.335417,131.011002,87.933411,128.725845,0.698677,0.023885,0.715026,-0.004310
816,-9.723582,0.253275,-0.227754,-0.383720,-0.905340,0.492527,130.109299,87.958855,127.836342,0.698933,0.023816,0.714778,-0.004229
817,-9.720338,0.250616,-0.234196,-0.336413,-0.539085,0.535151,129.779617,87.972328,127.517677,0.699044,0.023727,0.714673,-0.004182
818,-9.728250,0.291096,-0.232265,-0.209760,-0.036966,0.313939,129.528610,87.948814,127.275452,0.698994,0.023820,0.714719,-0.003981
819,-9.732849,0.281089,-0.236061,-0.122782,0.326306,0.340031,129.339508,87.900719,127.091827,0.698839,0.024043,0.714865,-0.003690
820,-9.743063,0.275995,-0.237681,-0.035803,0.414910,0.187485,129.698685,87.866409,127.453613,0.698639,0.024143,0.715058,-0.003558
821,-9.740545,0.257432,-0.236146,0.019134,0.294423,0.558199,130.275330,87.854698,128.030228,0.698488,0.024117,0.715206,-0.003585
822,-9.749246,0.283944,-0.232268,0.032869,0.181506,0.713778,130.303177,87.842873,128.056808,0.698437,0.024176,0.715255,-0.003540
823,-9.756833,0.269022,-0.231769,0.042025,0.022771,0.959429,129.822769,87.827950,127.575050,0.698464,0.024328,0.715224,-0.003407
824,-9.757461,0.268965,-0.238287,0.002353,-0.369410,1.244673,129.364258,87.821747,127.115067,0.698523,0.024434,0.715163,-0.003318
825,-9.759841,0.308558,-0.245171,-0.183809,-0.592152,1.578876,128.360199,87.785568,126.113129,0.698571,0.024740,0.715106,-0.002985
826,-9.771320,0.324798,-0.237946,-0.290628,-0.518856,1.720982,126.725616,87.716034,124.485687,0.698627,0.025275,0.715036,-0.002360
827,-9.762351,0.316715,-0.236800,-0.351666,-0.546294,1.841660,125.236046,87.654228,123.006172,0.698705,0.025739,0.714944,-0.001773
828,-9.750825,0.329639,-0.234090,-0.392866,-0.404353,1.901202,124.084435,87.603630,121.865829,0.698771,0.026092,0.714869,-0.001280
829,-9.759119,0.349027,-0.234888,-0.452377,-0.207471,1.747139,123.079346,87.544891,120.874084,0.698791,0.026454,0.714836,-0.000755
830,-9.736787,0.339609,-0.227954,-0.250954,-0.057907,1.686104,122.355034,87.496262,120.160614,0.698792,0.026743,0.714824,-0.000331
831,-9.730931,0.342677,-0.221227,-0.058685,-0.138805,1.422013,121.819351,87.474777,119.629166,0.698845,0.026905,0.714767,-0.000116
832,-9.734787,0.365443,-0.217133,0.072543,-0.346393,1.045046,121.090004,87.461090,118.899094,0.698972,0.027083,0.714636,0.000053
833,-9.753619,0.387342,-0.212706,0.104583,-0.547893,0.782656,119.998680,87.438301,117.804749,0.699162,0.027371,0.714439,0.000303
834,-9.746111,0.372075,-0.202773,0.203763,-0.282483,0.808641,118.953232,87.424583,116.754089,0.699373,0.027618,0.714223,0.000485
835,-9.766288,0.369399,-0.197349,0.243434,-0.030824,0.538472,118.323021,87.432877,116.116394,0.699553,0.027699,0.714044,0.000474
836,-9.766294,0.394368,-0.204999,0.170188,-0.067517,0.269886,117.928123,87.432571,115.714622,0.699649,0.027793,0.713946,0.000483
837,-9.773634,0.392623,-0.218383,-0.054124,0.068330,0.311141,117.872536,87.410408,115.656914,0.699598,0.027935,0.713990,0.000600
838,-9.762688,0.389172,-0.209018,-0.075485,0.288125,0.248595,118.094032,87.390526,115.880348,0.699485,0.028003,0.714098,0.000692
839,-9.766315,0.394262,-0.203432,-0.084640,0.175193,0.065485,118.128899,87.383415,115.917961,0.699455,0.028021,0.714127,0.000744
840,-9.754124,0.415895,-0.205551,-0.147207,0.111062,-0.402878,117.916039,87.373184,115.709534,0.699479,0.028076,0.714101,0.000854
841,-9.751668,0.409498,-0.211757,-0.215878,0.394874,-0.750645,117.938393,87.361656,115.738617,0.699439,0.028095,0.714139,0.000957
842,-9.727859,0.360385,-0.210247,-0.112112,0.510854,-0.587455,118.666039,87.387978,116.472183,0.699335,0.027820,0.714253,0.000753
843,-9.730963,0.364596,-0.215374,-0.147203,0.277399,-0.699085,119.700905,87.440742,117.511246,0.699241,0.027371,0.714362,0.000356
844,-9.735090,0.384135,-0.222846,-0.315052,0.037866,-0.604552,120.353279,87.465797,118.171432,0.699163,0.027101,0.714449,0.000181
845,-9.748096,0.369526,-0.229434,-0.403552,0.050146,-0.076568,120.754456,87.465340,118.584511,0.699065,0.026976,0.714549,0.000204
846,-9.735769,0.350987,-0.217961,-0.292157,0.404197,0.193433,121.205696,87.470825,119.047157,0.698977,0.026813,0.714642,0.000181
847,-9.742108,0.377387,-0.219945,-0.235698,0.588812,-0.072117,121.503738,87.469589,119.354256,0.698902,0.026723,0.714718,0.000203
848,-9.735580,0.374537,-0.229460,-0.189921,0.655959,-0.050688,121.785385,87.448479,119.643517,0.698767,0.026749,0.714850,0.000323
849,-9.731166,0.369718,-0.231658,-0.153299,0.655989,0.050058,122.229279,87.427773,120.093567,0.698593,0.026757,0.715019,0.000406
850,-9.723804,0.366366,-0.231878,-0.083105,0.649895,-0.097965,122.693695,87.417145,120.562172,0.698448,0.026718,0.715162,0.000421
851,-9.747550,0.373028,-0.246303,-0.197549,0.311169,-0.078128,123.135796,87.407837,121.009193,0.698311,0.026672,0.715297,0.000435
852,-9.749427,0.388057,-0.255771,-0.261636,-0.051910,-0.026164,123.361702,87.382965,121.242729,0.698172,0.026720,0.715431,0.000578
853,-9.745345,0.369463,-0.263125,-0.234166,0.062661,0.143276,123.648323,87.356697,121.537338,0.698013,0.026764,0.715584,0.000719
854,-9.742589,0.376740,-0.261887,-0.232635,0.265730,0.175319,124.110352,87.336037,122.006714,0.697830,0.026753,0.715763,0.000799
855,-9.746322,0.366622,-0.250483,-0.298248,0.084180,0.539990,124.245941,87.323143,122.150803,0.697752,0.026744,0.715839,0.000897
856,-9.741453,0.361361,-0.250503,-0.253996,-0.166110,0.459022,124.104568,87.329948,122.018387,0.697810,0.026677,0.715785,0.000938
857,-9.750856,0.380050,-0.248427,-0.257048,0.125294,0.194991,123.890266,87.334274,121.812523,0.697877,0.026635,0.715722,0.001001
858,-9.744191,0.393955,-0.241952,-0.228060,0.377003,0.234747,123.506615,87.317810,121.437469,0.697912,0.026727,0.715684,0.001199
859,-9.737725,0.388879,-0.253391,-0.173131,0.448684,0.222641,123.286400,87.291008,121.224457,0.697874,0.026855,0.715716,0.001417
860,-9.729316,0.371575,-0.271394,-0.098356,0.572363,0.315704,123.799240,87.268562,121.741692,0.697669,0.026864,0.715915,0.001480
861,-9.735268,0.395426,-0.272763,-0.051048,0.712878,0.349259,124.519371,87.235153,122.464027,0.697374,0.026905,0.716201,0.001549
862,-9.751420,0.384703,-0.264114,-0.002216,0.708346,0.665150,124.819550,87.198723,122.765213,0.697168,0.027037,0.716395,0.001693
863,-9.763084,0.371437,-0.265259,0.025251,0.480943,0.561293,124.998314,87.190628,122.943703,0.697095,0.027050,0.716467,0.001702
864,-9.769574,0.371900,-0.264534,0.093919,0.163480,-0.014144,125.220375,87.211678,123.163620,0.697115,0.026919,0.716452,0.001544
865,-9.754595,0.412816,-0.262671,0.095442,0.032166,-0.404765,125.038200,87.222725,122.978836,0.697200,0.026909,0.716370,0.001502
866,-9.737046,0.401279,-0.262928,0.133582,0.155689,-0.328315,124.617859,87.214630,122.555695,0.697276,0.027038,0.716291,0.001597
867,-9.750338,0.394489,-0.265684,0.165624,0.192264,-0.497621,124.550980,87.215897,122.484520,0.697298,0.027069,0.716269,0.001574
868,-9.752407,0.391922,-0.260895,0.118317,0.122025,-0.451821,124.622253,87.227875,122.551598,0.697322,0.027022,0.716247,0.001476
869,-9.758839,0.395305,-0.258730,0.066433,0.179940,-0.515881,124.591469,87.241249,122.518394,0.697377,0.026974,0.716195,0.001398
870,-9.768876,0.385563,-0.259733,0.034386,0.222599,-0.802737,124.695091,87.260185,122.621078,0.697420,0.026865,0.716158,0.001277
871,-9.775294,0.372122,-0.267169,0.006919,-0.006315,-1.025578,125.171799,87.295280,123.097557,0.697430,0.026608,0.716158,0.001018
872,-9.736862,0.374318,-0.274551,-0.057168,-0.105459,-1.118714,125.860626,87.329506,123.787399,0.697390,0.026315,0.716208,0.000736
873,-9.733819,0.375451,-0.287512,-0.041904,0.105240,-1.158367,126.707054,87.342369,124.635605,0.697238,0.026101,0.716364,0.000544
874,-9.724830,0.371691,-0.300716,0.049657,0.258038,-0.932461,127.791924,87.330605,125.720276,0.696943,0.025975,0.716656,0.000417
875,-9.719056,0.368265,-0.307231,0.107648,0.302527,-0.682132,128.894485,87.304192,126.820152,0.696588,0.025928,0.717003,0.000337
876,-9.732865,0.364432,-0.301688,0.118334,0.223348,-0.505054,129.677322,87.281418,127.599197,0.696318,0.025921,0.717265,0.000283
877,-9.739214,0.351074,-0.297073,0.107656,-0.101612,-0.389072,130.084427,87.282066,128.002731,0.696227,0.025867,0.717355,0.000183
878,-9.735739,0.365590,-0.294513,0.075609,-0.460209,-0.501963,130.045822,87.295929,127.961136,0.696292,0.025826,0.717294,0.000107
879,-9.741931,0.354068,-0.277367,0.037457,-0.411465,-0.367627,129.581345,87.318825,127.495193,0.696489,0.025809,0.717103,0.000071
880,-9.746470,0.341549,-0.274408,-0.011377,-0.323098,-0.334090,129.170197,87.358322,127.084007,0.696738,0.025692,0.716866,-0.000046
881,-9.741644,0.348213,-0.283373,-0.040370,-0.173624,-0.476042,129.103760,87.388802,127.018616,0.696873,0.025550,0.716740,-0.000176
882,-9.739165,0.373708,-0.289172,-0.026639,0.012572,-0.407262,129.061844,87.380196,126.978050,0.696848,0.025589,0.716762,-0.000119
883,-9.747066,0.348933,-0.282148,-0.002226,0.230819,-0.097376,129.038956,87.360031,126.956108,0.696774,0.025686,0.716831,-0.000011
884,-9.746674,0.334881,-0.278854,-0.046477,0.099578,-0.047066,129.246964,87.366783,127.164955,0.696755,0.025610,0.716852,-0.000076
885,-9.760333,0.348489,-0.275880,-0.032743,-0.092738,-0.358406,129.322357,87.386261,127.241928,0.696815,0.025494,0.716798,-0.000174
886,-9.749771,0.354059,-0.273894,-0.043429,-0.144683,-0.320217,129.078720,87.399246,126.999947,0.696919,0.025463,0.716697,-0.000184
887,-9.740819,0.337371,-0.271403,0.026762,0.026159,-0.330885,128.945084,87.414268,126.866920,0.697009,0.025408,0.716612,-0.000231
888,-9.748025,0.326780,-0.268376,0.016080,-0.106659,-0.392007,129.115128,87.445564,127.036453,0.697094,0.025231,0.716535,-0.000416
889,-9.740998,0.336991,-0.275382,0.023710,-0.399663,-0.485149,129.255463,87.475319,127.176094,0.697182,0.025067,0.716456,-0.000588
890,-9.729312,0.346084,-0.288687,0.045074,-0.504880,-0.285200,129.275925,87.477409,127.195152,0.697185,0.025062,0.716452,-0.000609
891,-9.732567,0.340195,-0.272947,0.147311,-0.317118,0.049065,129.104004,87.466415,127.019882,0.697179,0.025166,0.716455,-0.000548
892,-9.756893,0.328287,-0.261551,0.092376,-0.544517,0.201663,128.650650,87.475708,126.562309,0.697313,0.025222,0.716323,-0.000543
893,-9.741403,0.364516,-0.265693,0.054224,-0.709369,0.058313,127.787575,87.477875,125.696785,0.697508,0.025368,0.716127,-0.000427
894,-9.744617,0.370282,-0.264560,0.096944,-0.430129,-0.037584,126.784630,87.452240,124.691612,0.697632,0.025672,0.715997,-0.000150
895,-9.746712,0.361948,-0.252167,0.095412,-0.230256,-0.057242,126.049988,87.433792,123.954254,0.697729,0.025898,0.715893,0.000041
896,-9.735624,0.350859,-0.253747,-0.034295,-0.306594,-0.012941,125.624664,87.436996,123.528038,0.697837,0.025955,0.715786,0.000088
897,-9.731791,0.357175,-0.259958,-0.012932,-0.251648,-0.124329,125.518059,87.442047,123.422012,0.697879,0.025942,0.715745,0.000082
898,-9.734736,0.349003,-0.255413,0.035900,0.111558,-0.171641,125.687874,87.444496,123.591286,0.697850,0.025906,0.715775,0.000040
899,-9.734102,0.349634,-0.249981,0.054212,0.238207,-0.096902,125.928429,87.450249,123.830498,0.697817,0.025848,0.715810,-0.000036
900,-9.740730,0.343399,-0.258280,0.011487,0.079512,-0.032857,126.173561,87.455780,124.074455,0.697782,0.025788,0.715846,-0.000109
901,-9.743206,0.348070,-0.265928,0.040483,0.035316,-0.011531,126.516785,87.454468,124.416588,0.697700,0.025747,0.715927,-0.000163
902,-9.745397,0.353073,-0.260075,0.064899,0.175750,0.040365,126.717926,87.443886,124.615891,0.697616,0.025780,0.716008,-0.000154
903,-9.739285,0.345157,-0.260548,0.109152,0.163554,0.098356,126.815697,87.436386,124.710754,0.697566,0.025820,0.716055,-0.000149
904,-9.747823,0.334952,-0.265379,0.098472,0.126949,0.031145,127.126442,87.440819,125.017914,0.697513,0.025770,0.716108,-0.000244
905,-9.738612,0.324964,-0.253982,0.074060,0.087256,-0.046820,127.518410,87.463943,125.406723,0.697514,0.025611,0.716113,-0.000441
906,-9.730217,0.345060,-0.265927,0.006920,-0.156913,-0.503145,127.756340,87.486198,125.643333,0.697547,0.025471,0.716086,-0.000598
907,-9.724963,0.353202,-0.281154,-0.006811,-0.313992,-0.535116,127.977089,87.481842,125.864006,0.697482,0.025457,0.716150,-0.000613
908,-9.740208,0.343502,-0.278516,-0.118202,-0.463398,-0.049788,128.129868,87.467651,126.018608,0.697394,0.025492,0.716235,-0.000556
909,-9.741005,0.348322,-0.269263,-0.267741,-0.737994,0.232569,127.812111,87.459167,125.706757,0.697432,0.025547,0.716196,-0.000427
910,-9.747996,0.370864,-0.272093,-0.292158,-0.950057,0.186942,126.935371,87.441971,124.838974,0.697560,0.025719,0.716065,-0.000144
911,-9.756945,0.371483,-0.258640,-0.305896,-0.766932,0.544212,125.762497,87.414490,123.675980,0.697724,0.025983,0.715895,0.000241
912,-9.765461,0.356355,-0.251650,-0.337945,-0.492302,0.612963,124.779594,87.401657,122.703667,0.697903,0.026140,0.715715,0.000526
913,-9.755627,0.363302,-0.250403,-0.350153,-0.466393,0.359652,124.176483,87.401733,122.111549,0.698045,0.026161,0.715575,0.000684
914,-9.751466,0.365941,-0.250575,-0.263174,-0.498438,0.280302,123.743843,87.402481,121.688660,0.698149,0.026163,0.715474,0.000807
915,-9.739348,0.357670,-0.251541,-0.176195,-0.312243,0.191760,123.603798,87.406258,121.555336,0.698195,0.026122,0.715430,0.000849
916,-9.739075,0.356619,-0.252859,-0.087687,-0.058883,0.061976,123.845177,87.413132,121.800583,0.698162,0.026026,0.715466,0.000800
918,-9.730378,0.354556,-0.255468,-0.067846,-0.486066,-0.125797,124.175842,87.424507,122.133057,0.698125,0.025905,0.715507,0.000703
919,-9.708672,0.367677,-0.269324,0.067967,-0.638523,-0.420316,124.487091,87.429985,122.443710,0.698072,0.025834,0.715561,0.000623
920,-9.725549,0.378673,-0.265077,0.327378,-0.432359,-0.688780,124.753136,87.420479,122.702629,0.697977,0.025887,0.715652,0.000588
921,-9.744595,0.359466,-0.229709,0.313644,-0.804694,-0.195837,124.359726,87.434097,122.298523,0.698116,0.025944,0.715514,0.000514
922,-9.762063,0.336060,-0.199966,0.084747,-2.031803,-0.075392,122.791367,87.510216,120.723518,0.698739,0.025819,0.714910,0.000306
923,-9.784265,0.352471,-0.172089,-0.165516,-3.114094,-0.580592,119.832237,87.627190,117.765366,0.699787,0.025581,0.713894,0.000080
924,-9.808207,0.382577,-0.127887,-0.576011,-4.452846,-1.111518,114.879318,87.740509,112.824966,0.701218,0.025425,0.712494,0.000078
925,-9.809119,0.332315,-0.106216,-1.142146,-6.237052,-1.010726,108.806290,87.854607,106.779282,0.702827,0.025110,0.710917,0.000100
926,-9.789881,0.364554,-0.108714,-1.242862,-7.908070,-1.486817,102.166443,87.965385,100.175751,0.704456,0.024599,0.709321,0.000036
927,-9.782403,0.387621,-0.075373,-1.279485,-9.734615,-0.804602,93.779297,88.019196,91.825752,0.706301,0.024260,0.707496,0.000156
928,-9.777017,0.378312,0.011387,-1.456495,-12.186839,1.142652,82.974007,87.968079,81.060104,0.708638,0.024224,0.705156,0.000609
929,-9.784383,0.358092,0.120837,-1.592310,-15.644807,2.680891,70.169563,87.766380,68.299286,0.711765,0.024426,0.701992,0.001349
930,-9.786824,0.410091,0.259370,-1.648783,-20.154320,3.044187,57.088631,87.354546,55.263420,0.715915,0.024820,0.697743,0.002301
931,-9.810887,0.420841,0.417007,-1.815127,-25.123316,3.830216,45.714535,86.690445,43.935757,0.721210,0.025366,0.692244,0.003424
932,-9.767348,0.410858,0.587368,-1.960116,-29.105162,4.501714,36.921242,85.799278,35.192188,0.727503,0.025916,0.685600,0.004592
933,-9.724106,0.454473,0.750608,-1.975402,-31.277283,3.754073,30.608780,84.756897,28.929920,0.734365,0.026406,0.678217,0.005710
934,-9.688204,0.446582,0.907931,-1.870141,-31.470181,2.719533,26.054327,83.670235,24.422163,0.741269,0.026702,0.670644,0.006590
935,-9.639054,0.470181,1.071928,-1.632121,-30.343018,1.546085,22.641293,82.612358,21.048546,0.747853,0.026758,0.663286,0.007143
936,-9.624279,0.457223,1.244906,-1.444456,-29.565193,0.503835,19.932022,81.598259,18.370342,0.754073,0.026603,0.656210,0.007383
937,-9.641775,0.451754,1.395109,-0.969923,-30.340654,-1.206838,17.514549,80.608276,15.970262,0.760104,0.026173,0.649235,0.007179
938,-9.628106,0.457455,1.559829,-0.188675,-32.881508,-1.679983,15.340102,79.581062,13.787863,0.766262,0.025683,0.641981,0.006606
939,-9.589484,0.459056,1.752848,0.459826,-36.473721,-0.715654,13.554059,78.439560,11.967624,0.772900,0.025469,0.633988,0.005991
940,-9.550985,0.486665,1.954119,0.513231,-39.685997,0.174002,12.214428,77.162254,10.580720,0.780095,0.025639,0.625110,0.005604
941,-9.492824,0.516091,2.178878,0.317938,-41.132805,0.868465,11.261968,75.788536,9.581645,0.787627,0.026111,0.615574,0.005534
942,-9.453404,0.539173,2.430185,0.214219,-40.872150,1.756800,10.610492,74.374428,8.888893,0.795198,0.026802,0.605730,0.005753
943,-9.400045,0.536842,2.670356,-0.191632,-39.976746,2.004235,10.121537,72.966888,8.369553,0.802587,0.027516,0.595869,0.006133
944,-9.354565,0.523190,2.894022,-0.507475,-39.038601,1.444355,9.636279,71.596550,7.867666,0.809682,0.027978,0.586167,0.006432
945,-9.333073,0.484816,3.126468,-0.814210,-39.015965,1.421439,9.093641,70.256004,7.322075,0.816543,0.028077,0.576564,0.006538
946,-9.260163,0.486434,3.361923,-0.737975,-40.023342,1.032193,8.528668,68.899879,6.760027,0.823388,0.027951,0.566754,0.006493
947,-9.165543,0.492327,3.583543,-1.073743,-41.750992,0.465945,7.972993,67.491760,6.208035,0.830372,0.027715,0.556484,0.006353
948,-9.051557,0.476942,3.787850,-1.374421,-42.860626,0.111794,7.419763,66.039932,5.665834,0.837444,0.027311,0.545806,0.006138
949,-8.928785,0.512044,3.981474,-1.598776,-42.879154,-0.530698,6.912997,64.582504,5.172533,0.844399,0.026852,0.535008,0.005900
950,-8.789631,0.545338,4.171303,-1.418689,-42.294849,-1.047912,6.501374,63.148956,4.763809,0.851089,0.026542,0.524320,0.005685
951,-8.681374,0.553295,4.367378,-1.475066,-42.004971,-1.339192,6.160721,61.744392,4.415452,0.857500,0.026350,0.513780,0.005464
952,-8.579276,0.522032,4.580543,-1.273570,-42.830490,-1.218498,5.838230,60.340923,4.082251,0.863776,0.026123,0.503172,0.005174
953,-8.495046,0.524878,4.811019,-1.085824,-44.875217,-1.213818,5.529768,58.890316,3.757086,0.870123,0.025888,0.492131,0.004813
954,-8.375936,0.544919,5.058597,-0.917885,-47.849289,-0.073799,5.292531,57.342541,3.496542,0.876719,0.025868,0.480285,0.004598
955,-8.222721,0.519979,5.304489,-0.766734,-50.332111,1.562145,5.136140,55.680634,3.322042,0.883600,0.026080,0.467492,0.004689
956,-8.050019,0.513059,5.527435,-0.893337,-51.108990,2.619700,5.025070,53.953289,3.208169,0.890543,0.026367,0.454107,0.005045
957,-7.875676,0.573403,5.745072,-0.961907,-48.830925,2.505403,4.969244,52.255863,3.152892,0.897155,0.026803,0.440867,0.005593
958,-7.695435,0.580443,5.946311,-0.948020,-44.300526,2.656683,4.958837,50.684048,3.140735,0.903091,0.027364,0.428531,0.006235
959,-7.571104,0.564021,6.123455,-1.169163,-38.822392,1.918277,4.930201,49.307724,3.119000,0.908155,0.027734,0.417659,0.006777
960,-7.470960,0.562904,6.291809,-1.172149,-33.319664,0.845609,4.857780,48.153252,3.057118,0.912317,0.027806,0.408479,0.007050
961,-7.372618,0.547593,6.449077,-0.888302,-29.144381,-0.115724,4.752199,47.184540,2.954134,0.915752,0.027673,0.400728,0.007015
962,-7.286106,0.528283,6.599150,-0.941737,-27.592142,-0.544570,4.615957,46.318001,2.816597,0.918783,0.027357,0.393756,0.006745
963,-7.197062,0.482948,6.731737,-0.932688,-27.985481,-0.769024,4.441661,45.468338,2.647356,0.921715,0.026810,0.386888,0.006318
964,-7.077790,0.499844,6.860028,-0.995377,-29.459246,-1.422272,4.249194,44.574692,2.456223,0.924746,0.026172,0.379639,0.005761
965,-6.943116,0.509027,6.974878,-1.364708,-32.184361,-1.872493,4.061870,43.591988,2.259992,0.928008,0.025581,0.371646,0.005143
966,-6.805251,0.521412,7.072668,-1.585953,-34.259476,-1.652756,3.891402,42.521088,2.078143,0.931474,0.025065,0.362915,0.004581
967,-6.654368,0.537883,7.169841,-1.810165,-35.408325,-1.330706,3.756768,41.398724,1.931782,0.935008,0.024703,0.353741,0.004176
968,-6.499311,0.561611,7.295391,-1.907632,-36.139076,-1.354959,3.657883,40.243851,1.816290,0.938540,0.024514,0.344276,0.003896
969,-6.385729,0.526816,7.436954,-1.873865,-37.226860,-1.055720,3.565414,39.063118,1.708418,0.942052,0.024334,0.334564,0.003644
970,-6.229445,0.514550,7.588157,-1.669253,-38.383312,-0.930492,3.464863,37.847130,1.597025,0.945565,0.024078,0.324525,0.003373
971,-6.053614,0.485718,7.763974,-1.595921,-39.623783,-1.150161,3.353328,36.571522,1.473900,0.949137,0.023746,0.313954,0.003028
972,-5.845608,0.471111,7.904914,-1.388358,-40.360836,-1.498042,3.227534,35.237030,1.331941,0.952750,0.023322,0.302849,0.002550
973,-5.648855,0.488647,8.029548,-1.475267,-39.399597,-1.664314,3.113513,33.893040,1.190782,0.956255,0.022958,0.291626,0.002018
974,-5.446833,0.494899,8.140325,-1.250815,-36.442451,-1.241530,3.032814,32.612705,1.075041,0.959466,0.022764,0.280901,0.001571
975,-5.301620,0.492902,8.258647,-1.212493,-31.992887,-0.882822,2.981457,31.468105,0.989710,0.962230,0.022698,0.271287,0.001256
976,-5.176775,0.497562,8.352362,-1.070388,-27.723238,-0.299803,2.953998,30.496481,0.934906,0.964498,0.022722,0.263108,0.001090
977,-5.078022,0.470729,8.440737,-0.995456,-23.859329,-0.272253,2.932226,29.690035,0.895447,0.966328,0.022730,0.256307,0.000996
978,-4.995513,0.468873,8.516950,-0.760349,-21.797415,-0.224903,2.906543,29.007973,0.856564,0.967839,0.022681,0.250543,0.000883
979,-4.900138,0.433490,8.589859,-0.590921,-22.022808,-0.243208,2.872769,28.367586,0.812198,0.969229,0.022566,0.245122,0.000727
980,-4.773376,0.418765,8.634851,-0.536017,-24.137341,-0.582000,2.818792,27.679998,0.749744,0.970692,0.022317,0.239290,0.000467
981,-4.632327,0.416207,8.683208,-0.491809,-26.360313,-0.949787,2.756083,26.901287,0.669632,0.972306,0.022030,0.232673,0.000088
982,-4.483954,0.409044,8.752434,-0.349939,-28.803127,-1.142083,2.692706,26.022747,0.577170,0.974071,0.021759,0.225195,-0.000384
983,-4.329345,0.389574,8.842287,-0.375947,-30.585329,-1.650253,2.619900,25.052385,0.467435,0.975954,0.021432,0.216918,-0.000977
984,-4.173092,0.422571,8.924578,-0.560605,-30.354910,-2.291153,2.548234,24.042536,0.342624,0.977838,0.021125,0.208287,-0.001707
985,-4.020988,0.414086,9.011106,-0.546823,-28.903765,-2.545960,2.487224,23.057230,0.212180,0.979601,0.020896,0.199849,-0.002524
986,-3.895689,0.402987,9.079802,-0.639866,-27.705868,-2.883174,2.422039,22.127007,0.074138,0.981198,0.020618,0.191867,-0.003421
987,-3.764240,0.411695,9.134585,-1.002976,-26.278997,-2.704622,2.356762,21.258162,-0.061018,0.982632,0.020311,0.184400,-0.004316
988,-3.642951,0.402741,9.170909,-0.943374,-23.828148,-2.053024,2.302102,20.469402,-0.174430,0.983883,0.020039,0.177615,-0.005067
989,-3.522217,0.375492,9.205337,-0.822771,-22.320253,-1.608970,2.251791,19.759357,-0.267410,0.984970,0.019758,0.171501,-0.005670
990,-3.405890,0.384728,9.226707,-0.899016,-20.565125,-1.058105,2.208845,19.109446,-0.340211,0.985930,0.019500,0.165902,-0.006127
991,-3.296225,0.382718,9.272804,-0.843998,-18.196579,-0.115066,2.183949,18.526632,-0.380665,0.986764,0.019343,0.160879,-0.006346
992,-3.216417,0.376274,9.315479,-0.322046,-15.957728,0.704372,2.179428,18.020895,-0.387099,0.987466,0.019312,0.156522,-0.006314
993,-3.145635,0.365977,9.364507,-0.445590,-14.765634,0.551786,2.179560,17.577837,-0.381678,0.988064,0.019305,0.152704,-0.006197
994,-3.078694,0.374912,9.411612,-1.458756,-14.273931,-0.212700,2.154485,17.164398,-0.391701,0.988613,0.019100,0.149137,-0.006185
995,-3.022545,0.344286,9.456082,-2.270539,-14.751187,-1.097748,2.082319,16.753332,-0.432574,0.989151,0.018527,0.145587,-0.006381
996,-2.937699,0.339900,9.479322,-3.126613,-16.548393,-2.312405,1.963494,16.301031,-0.513012,0.989733,0.017595,0.141676,-0.006860
997,-2.832268,0.325979,9.514526,-4.214606,-18.714970,-3.655231,1.804972,15.765026,-0.637244,0.990401,0.016364,0.137036,-0.007668
998,-2.728932,0.288179,9.552279,-5.108823,-21.739206,-4.583005,1.600878,15.124438,-0.801916,0.991169,0.014769,0.131490,-0.008775
999,-2.594179,0.233631,9.589074,-4.739636,-24.806255,-4.349565,1.373497,14.364919,-0.981619,0.992033,0.012962,0.124914,-0.009997
1000,-2.469645,0.234039,9.623869,-4.606939,-28.172438,-4.757002,1.162996,13.487746,-1.161354,0.992967,0.011268,0.117317,-0.011256
1001,-2.263253,0.187115,9.656281,-4.391793,-32.109413,-5.141537,0.968488,12.468003,-1.350363,0.993971,0.009681,0.108479,-0.012631
1002,-2.055097,0.168330,9.713967,-4.017951,-36.057259,-5.648142,0.785042,11.279999,-1.552206,0.995035,0.008148,0.098174,-0.014152
1003,-1.792462,0.126794,9.696777,-2.517971,-39.030209,-4.404506,0.641084,9.942105,-1.738470,0.996101,0.006887,0.086557,-0.015598
1004,-1.564648,0.138838,9.732093,-2.136444,-39.276424,-4.323618,0.547214,8.530976,-1.897892,0.997076,0.005993,0.074288,-0.016871
1005,-1.311873,0.090832,9.749083,-0.645562,-36.215973,-3.214255,0.492804,7.162408,-2.034299,0.997876,0.005400,0.062377,-0.017985
1006,-1.192667,0.118272,9.803238,0.671373,-28.749987,-2.191874,0.494156,6.007718,-2.132866,0.998440,0.005281,0.052313,-0.018812
1007,-1.084426,0.139575,9.807803,1.826668,-19.704273,-1.158803,0.564154,5.205775,-2.192769,0.998769,0.005786,0.045310,-0.019338
1008,-1.054888,0.159476,9.861073,1.706346,-11.462351,-1.834770,0.663680,4.766965,-2.244073,0.998922,0.006600,0.041466,-0.019806
1009,-1.019706,0.161733,9.854596,2.156705,-5.948502,-1.782878,0.765276,4.613510,-2.304336,0.998960,0.007481,0.040106,-0.020360
1010,-1.020401,0.211933,9.879169,2.035028,-2.779445,-1.373913,0.910778,4.715776,-2.352363,0.998905,0.008784,0.040968,-0.020836
1011,-1.014574,0.239806,9.854507,2.069225,-3.049431,-1.665338,1.100830,4.945253,-2.393749,0.998796,0.010496,0.042930,-0.021282
1012,-1.011992,0.240403,9.866362,2.840332,-4.944776,-1.441007,1.281570,5.089106,-2.438842,0.998715,0.012115,0.044146,-0.021755
1013,-0.957833,0.247109,9.912517,3.363967,-6.814811,-0.867252,1.430254,5.043877,-2.477233,0.998708,0.013417,0.043719,-0.022143
1015,-0.950260,0.326130,9.891262,3.422304,-4.571263,-2.086447,1.609465,4.942824,-2.525154,0.998715,0.014978,0.042797,-0.022617
1016,-0.909610,0.326838,9.881153,3.389225,-3.803219,-3.014180,1.814332,4.906462,-2.605699,0.998685,0.016787,0.042428,-0.023391
1017,-0.826983,0.313017,9.892686,2.724109,-2.739526,-3.175915,1.944860,4.825304,-2.709340,0.998674,0.017947,0.041678,-0.024331
1018,-0.772040,0.251103,9.909371,1.710567,-0.896543,-3.575723,1.943175,4.701607,-2.829809,0.998693,0.017950,0.040581,-0.025363
1019,-0.754914,0.237159,9.881879,1.497760,0.412230,-2.344344,1.847003,4.602657,-2.940640,0.998718,0.017129,0.039723,-0.026282
1020,-0.735809,0.220801,9.937816,1.077373,-2.183841,0.077253,1.734470,4.480554,-2.991626,0.998765,0.016139,0.038678,-0.026672
1021,-0.740155,0.221660,9.973282,-0.372943,-3.516379,0.174871,1.608278,4.304621,-3.000976,0.998840,0.015003,0.037172,-0.026691
1022,-0.763076,0.222453,9.999857,-2.218202,-5.397984,-0.189854,1.481035,4.128350,-3.011611,0.998910,0.013858,0.035664,-0.026724
1023,-0.752570,0.259080,9.948990,-4.687256,-7.859217,-0.014382,1.343776,3.924483,-3.022135,0.998987,0.012618,0.033918,-0.026754
1024,-0.725200,0.247961,9.897696,-7.896243,-8.422131,-1.378561,1.138911,3.684408,-3.050909,0.999071,0.010786,0.031870,-0.026925
1025,-0.675832,0.160419,9.825049,-10.462887,-8.437219,-2.176626,0.821434,3.438812,-3.115650,0.999149,0.007978,0.029798,-0.027388
1026,-0.636702,0.140388,9.798934,-11.904954,-8.011310,-1.496071,0.431296,3.200590,-3.180982,0.999215,0.004536,0.027811,-0.027850
1027,-0.612385,0.070466,9.819301,-10.458384,-6.208975,0.208386,0.055976,3.006754,-3.203803,0.999265,0.001222,0.026212,-0.027958
1028,-0.600226,0.020567,9.874346,-7.597260,-3.951852,1.246014,-0.240797,2.893384,-3.179378,0.999296,-0.001399,0.025295,-0.027680
1029,-0.572714,0.038862,9.902760,-4.673411,-2.381379,1.401669,-0.407811,2.847282,-3.133027,0.999314,-0.002877,0.024932,-0.027240
1030,-0.543063,0.013919,9.916369,-1.708058,-0.754412,1.816745,-0.415364,2.861494,-3.074230,0.999324,-0.002953,0.025057,-0.026725
1031,-0.524606,-0.033004,9.929707,0.501956,1.180761,1.572623,-0.337531,2.928973,-3.012944,0.999326,-0.002272,0.025626,-0.026206
1032,-0.518836,-0.029841,9.916790,0.674645,2.348247,0.644875,-0.264004,3.018469,-2.973579,0.999315,-0.001619,0.026389,-0.025877
1033,-0.539183,0.002645,9.941651,-0.210097,3.083844,-0.168428,-0.196597,3.129281,-2.962886,0.999293,-0.001009,0.027340,-0.025797
1034,-0.574751,-0.025669,10.001804,-0.223611,3.282377,-0.040237,-0.160188,3.268103,-2.964359,0.999259,-0.000659,0.028542,-0.025816
1035,-0.584237,-0.037859,10.066371,-0.722574,2.653821,-0.527006,-0.173605,3.391855,-2.973977,0.999225,-0.000746,0.029624,-0.025894
1036,-0.581978,-0.010874,10.074664,-0.608111,0.528196,-0.742160,-0.193286,3.442671,-2.995119,0.999207,-0.000900,0.030072,-0.026072
1037,-0.586362,0.053174,10.143121,-0.476681,-2.281106,-0.586504,-0.172315,3.398732,-3.014794,0.999214,-0.000722,0.029684,-0.026250
1038,-0.580079,0.027554,10.191013,-0.189534,-6.031922,0.635777,-0.128619,3.241855,-3.010348,0.999255,-0.000379,0.028306,-0.026225
1039,-0.547223,0.033662,10.175570,-0.230520,-10.028423,1.714619,-0.090437,2.953967,-2.968110,0.999333,-0.000121,0.025787,-0.025870
1040,-0.525344,0.084151,10.111861,0.519004,-13.319892,2.917064,-0.022875,2.555347,-2.887295,0.999434,0.000362,0.022296,-0.025183
1041,-0.443467,0.016226,9.975168,0.267454,-15.099117,4.696305,0.040917,2.082362,-2.758123,0.999545,0.000794,0.018157,-0.024069
1042,-0.339858,-0.106382,9.831285,-0.004343,-14.247687,5.224268,0.014313,1.585719,-2.594110,0.999648,0.000438,0.013831,-0.022636
1043,-0.232072,-0.086317,9.775594,0.410316,-11.618629,3.907382,-0.054002,1.132832,-2.444149,0.999724,-0.000260,0.009893,-0.021322
1044,-0.148734,-0.059670,9.695825,1.514813,-9.297854,2.828546,-0.074661,0.752368,-2.332829,0.999771,-0.000518,0.006578,-0.020352
1045,-0.067255,-0.107404,9.703681,0.993999,-6.568296,1.696301,-0.126583,0.423754,-2.258337,0.999798,-0.001032,0.003719,-0.019702
1046,-0.039238,-0.038940,9.816459,1.002715,-3.950175,-0.034103,-0.181199,0.175216,-2.231069,0.999808,-0.001551,0.001560,-0.019466
1047,-0.015065,0.067248,9.874731,1.288377,-2.886794,-0.468992,-0.080294,0.023576,-2.239120,0.999809,-0.000697,0.000219,-0.019539
1048,0.010026,0.008464,9.820254,0.710518,-2.575618,0.487764,0.046487,-0.090113,-2.238663,0.999809,0.000390,-0.000794,-0.019534
1049,-0.000632,-0.011737,9.873973,-1.051915,-1.173285,0.573216,0.042779,-0.151038,-2.220991,0.999811,0.000348,-0.001325,-0.019380
1050,-0.032411,0.068930,9.947317,-1.158571,-0.155205,0.594578,0.037850,-0.115656,-2.201630,0.999815,0.000311,-0.001015,-0.019211
1051,-0.049819,0.042315,9.950316,-0.608863,-0.395807,1.255303,0.083031,-0.026181,-2.170942,0.999820,0.000720,-0.000242,-0.018944
1052,-0.052930,-0.043577,9.857071,-0.122180,-0.735597,1.565065,0.053452,0.053090,-2.123982,0.999828,0.000475,0.000455,-0.018534
1053,-0.059355,-0.056263,9.874939,-0.450731,0.114759,0.835671,-0.051533,0.126104,-2.084120,0.999834,-0.000430,0.001108,-0.018186
1054,-0.069559,0.020070,9.867466,-0.202147,0.519509,0.043716,-0.090608,0.212577,-2.069571,0.999835,-0.000757,0.001869,-0.018058
1055,-0.059817,-0.034203,9.868613,-0.507291,0.586925,0.063554,-0.094406,0.286016,-2.067813,0.999834,-0.000779,0.002510,-0.018042
1056,-0.075109,-0.028618,9.944600,-0.960611,1.046416,-0.505616,-0.142705,0.350746,-2.075369,0.999831,-0.001190,0.003083,-0.018106
1057,-0.087413,-0.024534,10.014259,-1.479471,0.575103,-0.946609,-0.192619,0.417180,-2.099730,0.999824,-0.001614,0.003671,-0.018316
1058,-0.069426,0.005335,9.975232,-1.222965,-0.712692,-1.056474,-0.207825,0.432232,-2.132909,0.999818,-0.001743,0.003805,-0.018605
1059,-0.012881,-0.050043,9.922523,-0.935997,-1.593401,-0.638371,-0.225041,0.343527,-2.160869,0.999816,-0.001907,0.003034,-0.018850
1060,0.002646,-0.072610,9.881042,-0.731708,-1.784620,-0.414063,-0.289857,0.191581,-2.178318,0.999815,-0.002497,0.001720,-0.019004
1061,-0.003416,-0.094599,9.831217,-0.596205,-1.539299,-0.220273,-0.372999,0.065382,-2.188730,0.999812,-0.003244,0.000633,-0.019097
1062,-0.020339,-0.034222,9.891381,-0.559640,-0.481913,-0.440007,-0.403826,0.015721,-2.199544,0.999810,-0.003521,0.000205,-0.019193
1063,-0.058712,-0.019855,9.971750,-0.605108,0.032574,-0.285887,-0.361316,0.058028,-2.211547,0.999809,-0.003143,0.000567,-0.019296
1064,-0.089789,-0.085044,9.988209,-0.792688,-0.273618,0.094072,-0.362857,0.157807,-2.214700,0.999807,-0.003139,0.001438,-0.019321
1065,-0.091694,-0.107799,9.984612,-0.895180,-0.492801,-0.162281,-0.441957,0.255068,-2.215961,0.999803,-0.003813,0.002300,-0.019328
1066,-0.074160,-0.072921,9.981354,-0.942639,-0.721331,-0.464411,-0.503613,0.306606,-2.226439,0.999798,-0.004342,0.002760,-0.019416
1067,-0.056665,-0.094898,9.935691,-1.063200,-1.052330,-0.356071,-0.539811,0.302358,-2.239893,0.999795,-0.004658,0.002730,-0.019533
1068,-0.057275,-0.100048,9.933041,-1.417269,-0.885971,-0.511715,-0.592007,0.276330,-2.254103,0.999791,-0.005118,0.002513,-0.019657
1069,-0.077837,-0.080118,9.994318,-1.946701,-0.676787,-0.932868,-0.635462,0.276410,-2.277852,0.999784,-0.005496,0.002522,-0.019863
1070,-0.069422,-0.064711,10.011306,-1.957119,-1.334268,-1.218212,-0.647657,0.281264,-2.313087,0.999778,-0.005601,0.002568,-0.020170
1071,-0.024672,-0.104279,9.988711,-2.214790,-2.114028,-1.143441,-0.675404,0.220830,-2.351583,0.999771,-0.005853,0.002048,-0.020508
1072,0.000374,-0.129924,9.980910,-2.317017,-2.439217,-1.160229,-0.749122,0.110967,-2.388983,0.999761,-0.006516,0.001104,-0.020840
1073,0.048039,-0.125013,9.919464,-2.017951,-2.897200,-1.235001,-0.824290,-0.019275,-2.427642,0.999750,-0.007195,-0.000016,-0.021184
1074,0.108754,-0.143195,9.882409,-1.413679,-2.842803,-1.068683,-0.880380,-0.222880,-2.464531,0.999737,-0.007723,-0.001779,-0.021520
1075,0.140282,-0.148034,9.818885,-1.137478,-2.378199,-0.746724,-0.921278,-0.471253,-2.493308,0.999722,-0.008127,-0.003936,-0.021789
1076,0.135139,-0.155014,9.833630,-0.836848,-1.328970,-0.594142,-0.949332,-0.654932,-2.514594,0.999708,-0.008408,-0.005532,-0.021988
1077,0.142582,-0.183484,9.852991,-0.453908,-0.831846,-0.586516,-0.983860,-0.756603,-2.533461,0.999696,-0.008729,-0.006411,-0.022162
1078,0.147928,-0.190236,9.871782,-0.035962,-0.598563,-0.731481,-1.023417,-0.817590,-2.554581,0.999685,-0.009087,-0.006934,-0.022353
1079,0.153917,-0.179254,9.878131,0.342376,-0.412517,-0.954267,-1.036082,-0.858502,-2.582118,0.999676,-0.009208,-0.007286,-0.022597
1080,0.156212,-0.160376,9.909098,0.682720,-0.278316,-1.282343,-1.006080,-0.886608,-2.619380,0.999669,-0.008954,-0.007534,-0.022923
1081,0.156171,-0.141981,9.876398,1.094913,-0.514877,-1.369325,-0.936924,-0.909075,-2.663955,0.999663,-0.008358,-0.007741,-0.023309
1082,0.155099,-0.130736,9.856109,1.516308,-0.186810,-1.228942,-0.844789,-0.922987,-2.707835,0.999660,-0.007560,-0.007878,-0.023686
1083,0.132646,-0.131664,9.868114,1.818613,0.368734,-1.097715,-0.754279,-0.899088,-2.747188,0.999659,-0.006768,-0.007686,-0.024022
1084,0.101014,-0.094010,9.897458,2.041592,0.893963,-1.222839,-0.650637,-0.816212,-2.786659,0.999662,-0.005849,-0.006982,-0.024355
1085,0.068490,-0.070216,9.944531,1.813007,1.185906,-1.163327,-0.525050,-0.683824,-2.827515,0.999667,-0.004728,-0.005853,-0.024699
1086,0.057640,-0.066462,9.962160,1.950600,1.055192,-1.233518,-0.410044,-0.543607,-2.868246,0.999669,-0.003696,-0.004653,-0.025044
1087,0.057373,-0.067378,9.965049,1.854577,0.635940,-1.335752,-0.324192,-0.440223,-2.911355,0.999666,-0.002926,-0.003769,-0.025414
1088,0.050310,-0.049023,9.945959,1.660827,0.335576,-1.317440,-0.256690,-0.375706,-2.955655,0.999659,-0.002324,-0.003220,-0.025797
1089,0.042992,-0.053898,9.951261,1.285442,0.238102,-1.058031,-0.208919,-0.329161,-2.995239,0.999653,-0.001898,-0.002824,-0.026140
1090,0.053424,-0.071967,9.917993,0.998395,0.019994,-0.891704,-0.205403,-0.305150,-3.027533,0.999646,-0.001862,-0.002615,-0.026422
1091,0.051242,-0.070321,9.909514,0.430478,0.197021,-0.723851,-0.235845,-0.297717,-3.054175,0.999639,-0.002127,-0.002542,-0.026655
1092,0.010417,-0.043783,9.938837,-0.149519,0.606133,-0.664338,-0.260082,-0.251560,-3.077223,0.999634,-0.002328,-0.002134,-0.026855
1093,0.015257,-0.089774,9.939273,-0.450309,0.525526,-0.462914,-0.306541,-0.179287,-3.095970,0.999630,-0.002716,-0.001492,-0.027018
1094,0.062989,-0.112635,9.900908,-0.678073,0.296623,-0.415609,-0.405656,-0.168558,-3.110431,0.999624,-0.003579,-0.001374,-0.027145
1095,0.042046,-0.069241,9.905971,-0.527234,0.680983,-0.298113,-0.471045,-0.187001,-3.122269,0.999619,-0.004154,-0.001519,-0.027250
1096,-0.032545,-0.070753,9.977886,-0.957498,1.137434,-0.259964,-0.486441,-0.116871,-3.131846,0.999617,-0.004271,-0.000903,-0.027331
1097,0.011837,-0.103216,9.957317,-0.704223,0.621953,-0.293531,-0.519818,-0.031278,-3.141352,0.999614,-0.004542,-0.000149,-0.027411
1098,0.028240,-0.159883,9.913281,-0.495513,0.350284,-0.119576,-0.608025,-0.026231,-3.148346,0.999608,-0.005310,-0.000083,-0.027472
1099,-0.066075,-0.070598,9.975228,-0.945795,1.047814,-0.769618,-0.658933,0.033412,-3.163407,0.999602,-0.005740,0.000450,-0.027600
1100,-0.024386,-0.081928,10.005655,-0.881444,0.755177,-1.079378,-0.637125,0.131380,-3.194557,0.999596,-0.005526,0.001301,-0.027867
1101,0.094521,-0.200756,9.861197,-0.011892,-0.472049,-0.417131,-0.697291,0.059249,-3.219649,0.999587,-0.006068,0.000688,-0.028089
1102,0.057347,-0.151001,9.854743,0.077664,0.297827,-0.632296,-0.790797,-0.086965,-3.237082,0.999577,-0.006920,-0.000564,-0.028250
1103,0.038415,-0.016812,9.975192,-0.059327,1.222188,-1.213678,-0.721951,-0.132209,-3.268312,0.999573,-0.006331,-0.000974,-0.028524
1104,0.086259,-0.110289,9.974350,0.437120,0.124716,-0.406469,-0.611237,-0.176321,-3.295864,0.999571,-0.005376,-0.001385,-0.028766
1105,0.051505,-0.159793,9.912499,0.981726,-0.751489,-0.058562,-0.617401,-0.251464,-3.303455,0.999567,-0.005449,-0.002038,-0.028835
1106,0.020184,-0.052116,10.002900,0.789464,-0.250975,-0.990902,-0.586924,-0.266422,-3.320811,0.999564,-0.005187,-0.002176,-0.028987
1107,0.055841,-0.058633,9.988500,0.875295,-1.064238,-0.899348,-0.483103,-0.277703,-3.352442,0.999560,-0.004285,-0.002299,-0.029261
1108,0.060667,-0.113468,9.887855,1.026413,-1.993613,-0.481245,-0.441115,-0.345877,-3.375085,0.999554,-0.003937,-0.002904,-0.029460
1109,0.087668,-0.097542,9.827092,1.192537,-1.561935,-0.670460,-0.444259,-0.437158,-3.393593,0.999546,-0.003988,-0.003698,-0.029625
1110,0.105374,-0.083430,9.883656,0.771270,-0.576413,-0.879513,-0.433576,-0.518176,-3.419017,0.999537,-0.003917,-0.004407,-0.029849
1111,0.076556,-0.033152,9.896271,0.794295,-0.303338,-0.694878,-0.380275,-0.546184,-3.445417,0.999531,-0.003460,-0.004664,-0.030078
1112,0.058242,-0.091881,9.953434,0.687542,-0.127666,-0.356121,-0.343016,-0.515354,-3.462983,0.999528,-0.003128,-0.004405,-0.030229
1113,0.061641,-0.064964,9.931863,0.873584,-0.173197,-0.467511,-0.340931,-0.471027,-3.476445,0.999527,-0.003098,-0.004018,-0.030345
1114,0.036197,-0.058263,9.978502,0.614159,-0.070678,-0.583479,-0.319379,-0.418797,-3.493892,0.999524,-0.002897,-0.003568,-0.030495
1115,0.057890,-0.031900,9.977870,0.582210,-0.570948,-0.588057,-0.280292,-0.382984,-3.513474,0.999521,-0.002547,-0.003266,-0.030664
1116,0.100572,-0.086117,9.912495,0.969741,-1.280578,-0.281346,-0.265156,-0.428832,-3.527743,0.999516,-0.002428,-0.003669,-0.030789
1118,0.105251,-0.062621,9.948314,0.546851,0.202371,-0.417153,-0.281509,-0.496941,-3.538998,0.999510,-0.002589,-0.004259,-0.030889
1119,0.058219,-0.051289,10.119029,0.473540,1.087346,-0.548382,-0.277691,-0.488012,-3.555090,0.999507,-0.002554,-0.004181,-0.031029
1120,0.047220,-0.075554,10.124309,0.648968,0.307727,-0.217255,-0.269467,-0.438948,-3.567869,0.999505,-0.002470,-0.003755,-0.031139
1121,0.029247,-0.098439,10.112588,0.757163,-0.007975,-0.226409,-0.275187,-0.401052,-3.575055,0.999504,-0.002509,-0.003423,-0.031201
1122,0.027878,-0.050764,10.059672,0.677714,0.004404,-0.493445,-0.271338,-0.366801,-3.586901,0.999502,-0.002467,-0.003125,-0.031304
1123,0.048372,0.021805,9.927322,1.173900,-0.938479,-0.479713,-0.188347,-0.354600,-3.603367,0.999499,-0.001740,-0.003041,-0.031445
1124,0.111786,-0.008556,9.804186,1.152894,-0.738723,0.267989,-0.078139,-0.410694,-3.607283,0.999498,-0.000794,-0.003561,-0.031477
1125,0.118325,0.005756,9.836324,1.014200,0.455692,0.658624,-0.008804,-0.492347,-3.592148,0.999499,-0.000211,-0.004292,-0.031342
1126,0.073640,0.012987,9.861163,1.389709,0.981994,0.718133,0.057191,-0.496929,-3.569461,0.999506,0.000364,-0.004350,-0.031142
1127,0.015914,-0.014828,9.970682,1.317952,1.423299,0.664725,0.094392,-0.394209,-3.546277,0.999515,0.000717,-0.003464,-0.030939
1128,-0.014891,-0.032462,9.996795,1.358871,0.915756,0.466357,0.082527,-0.237248,-3.526942,0.999524,0.000656,-0.002092,-0.030772
1129,-0.038607,-0.031649,10.011666,1.239486,0.374677,-0.195893,0.053277,-0.090715,-3.522064,0.999527,0.000440,-0.000806,-0.030731
1130,-0.017679,-0.002854,9.960645,1.301826,-0.175748,-0.893242,0.051209,-0.000636,-3.540087,0.999523,0.000446,-0.000019,-0.030888
1131,0.004463,0.020815,9.939301,1.002744,-0.116125,-0.986323,0.089500,0.016849,-3.571388,0.999514,0.000785,0.000123,-0.031161
1132,0.026279,0.056658,9.946000,0.731333,0.129420,-1.174011,0.159158,-0.008626,-3.607396,0.999504,0.001386,-0.000119,-0.031475
1133,0.041389,0.055442,9.980982,0.330278,0.179511,-1.177063,0.229674,-0.056301,-3.646615,0.999492,0.001988,-0.000555,-0.031816
1134,0.049947,0.056158,9.959806,0.502877,0.000671,-1.508187,0.277292,-0.114434,-3.691427,0.999478,0.002386,-0.001076,-0.032206
1135,0.045947,0.103954,9.914916,0.979242,0.183528,-2.109401,0.357711,-0.161977,-3.751860,0.999458,0.003074,-0.001515,-0.032731
1136,0.068911,0.118861,9.886498,1.042242,0.418261,-2.190275,0.478891,-0.203207,-3.823753,0.999433,0.004118,-0.001912,-0.033355
1137,0.081745,0.114188,9.865051,1.196704,0.550677,-2.097192,0.585209,-0.254244,-3.895396,0.999407,0.005029,-0.002391,-0.033975
1138,0.063795,0.113775,9.871837,1.593617,1.087545,-2.252835,0.666635,-0.277823,-3.967826,0.999381,0.005730,-0.002624,-0.034604
1139,0.029599,0.122503,9.865291,1.418216,1.487330,-1.888139,0.733117,-0.235413,-4.036419,0.999358,0.006321,-0.002278,-0.035203
1140,-0.005902,0.099823,9.932060,0.861178,1.571507,-1.215209,0.756263,-0.133713,-4.087403,0.999342,0.006554,-0.001401,-0.035653
1141,-0.031366,0.109653,9.959894,0.593952,1.028666,-0.819999,0.742844,-0.012131,-4.120641,0.999333,0.006474,-0.000339,-0.035950
1142,-0.039294,0.106796,9.989521,0.236715,0.368307,-0.336284,0.722564,0.084946,-4.139593,0.999327,0.006328,0.000513,-0.036121
1143,-0.024860,0.116524,9.976264,-0.076223,-0.814088,0.409890,0.700746,0.116875,-4.138490,0.999329,0.006148,0.000798,-0.036113
1144,0.000855,0.152410,9.978455,-0.425578,-1.918900,0.974483,0.708542,0.062515,-4.115949,0.999336,0.006199,0.000323,-0.035913
1145,0.030830,0.119163,9.934610,-0.478883,-2.636327,1.470412,0.713864,-0.062186,-4.076111,0.999348,0.006206,-0.000764,-0.035559
1146,0.054714,0.064639,9.910588,-0.410458,-2.889959,1.851897,0.650708,-0.220862,-4.021744,0.999367,0.005607,-0.002125,-0.035078
1147,0.057843,0.074341,9.874351,-0.136165,-2.754398,1.809176,0.566691,-0.364753,-3.961467,0.999386,0.004832,-0.003352,-0.034547
1148,0.054753,0.052078,9.894832,-0.209732,-2.064725,1.548244,0.495937,-0.454531,-3.905896,0.999403,0.004190,-0.004112,-0.034061
1149,0.060853,0.024518,9.915010,-0.243716,-1.239099,1.153033,0.405432,-0.489865,-3.860718,0.999418,0.003392,-0.004392,-0.033669
1150,0.061666,0.052116,9.948822,-0.547682,-0.483607,0.753241,0.330702,-0.487093,-3.828668,0.999429,0.002742,-0.004345,-0.033393
1151,0.056511,0.062422,9.955573,-0.753732,0.030828,0.362604,0.298628,-0.455195,-3.810053,0.999436,0.002473,-0.004057,-0.033232
1152,0.066212,0.060473,9.966719,-1.089385,0.211044,0.089462,0.278194,-0.419676,-3.802596,0.999440,0.002305,-0.003741,-0.033169
1153,0.084262,0.071588,9.942077,-1.109100,0.029465,0.181017,0.265969,-0.414532,-3.798258,0.999442,0.002200,-0.003692,-0.033131
1154,0.085129,0.069916,9.950291,-1.108919,-0.259029,0.354971,0.265064,-0.437271,-3.789604,0.999444,0.002186,-0.003890,-0.033055
1155,0.093950,0.046467,9.917728,-0.818900,-0.779490,0.440423,0.251494,-0.478786,-3.776557,0.999446,0.002056,-0.004248,-0.032941
1156,0.098443,0.063343,9.922229,-0.695221,-0.881857,0.431267,0.241818,-0.532551,-3.762272,0.999448,0.001957,-0.004714,-0.032816
1157,0.097193,0.057508,9.940295,-0.626419,-0.999431,0.576229,0.246819,-0.579616,-3.745854,0.999451,0.001987,-0.005126,-0.032672
1158,0.090783,0.037822,9.938538,-0.583653,-1.243561,0.617428,0.234564,-0.613266,-3.726189,0.999455,0.001872,-0.005415,-0.032500
1159,0.095998,0.024943,9.912995,-0.248028,-1.351825,0.533503,0.204605,-0.641301,-3.707006,0.999460,0.001604,-0.005651,-0.032334
1160,0.098574,0.038546,9.903732,0.057109,-1.136583,0.345814,0.191657,-0.665561,-3.692399,0.999463,0.001485,-0.005859,-0.032206
1161,0.101803,0.039536,9.920297,-0.153431,-0.809936,0.245102,0.197281,-0.678216,-3.682746,0.999465,0.001531,-0.005971,-0.032122
1162,0.101976,0.020557,9.918537,0.060170,-0.446654,0.124554,0.190076,-0.676944,-3.676589,0.999467,0.001468,-0.005958,-0.032068
1163,0.101171,0.036940,9.933787,0.289022,0.249290,-0.305757,0.188525,-0.655877,-3.679534,0.999467,0.001461,-0.005773,-0.032094
1164,0.107683,0.075595,9.951891,0.222061,1.061168,-0.739121,0.233192,-0.616719,-3.697273,0.999463,0.001860,-0.005445,-0.032248
1165,0.094507,0.069216,9.974683,0.008706,1.512915,-0.710132,0.292095,-0.559061,-3.721830,0.999458,0.002389,-0.004959,-0.032460
1166,0.092952,0.027512,9.939566,0.330696,2.034846,-0.905452,0.302110,-0.486841,-3.748508,0.999453,0.002496,-0.004332,-0.032694
1167,0.098767,0.029961,9.907129,0.069588,3.070908,-1.331184,0.274092,-0.409706,-3.785048,0.999446,0.002273,-0.003652,-0.033016
1168,0.077604,0.030458,9.902767,0.211348,4.215271,-1.825582,0.248874,-0.304514,-3.836859,0.999434,0.002082,-0.002729,-0.033471
1169,0.047212,0.033091,9.913176,0.476755,5.529088,-2.422218,0.239883,-0.142824,-3.906821,0.999416,0.002050,-0.001317,-0.034084
1170,0.014324,0.033411,9.915832,0.551456,6.746837,-2.701462,0.243142,0.074362,-3.991288,0.999391,0.002143,0.000575,-0.034825
1171,-0.037018,0.069097,9.933736,0.079965,7.477842,-2.547343,0.257473,0.329104,-4.077698,0.999360,0.002348,0.002790,-0.035583
1172,-0.084648,0.075205,9.921892,-0.070991,8.044060,-1.998010,0.279151,0.608078,-4.152147,0.999326,0.002627,0.005215,-0.036239
1173,-0.143394,0.080505,9.874420,-0.177684,9.736440,-0.609418,0.298746,0.930204,-4.193906,0.999293,0.002902,0.008017,-0.036610
1174,-0.249594,0.069529,9.893366,0.248147,13.252417,0.971441,0.319502,1.362564,-4.185548,0.999257,0.003220,0.011781,-0.036548
1175,-0.326915,0.071587,9.882921,0.393176,16.335135,1.313247,0.344613,1.925245,-4.144310,0.999199,0.003612,0.016680,-0.036203
1176,-0.408799,0.060385,9.869290,0.489343,18.517532,1.305616,0.367936,2.571060,-4.096824,0.999102,0.004010,0.022306,-0.035807
1177,-0.528210,0.063909,9.918089,0.196368,19.297590,1.122504,0.382124,3.262611,-4.052155,0.998961,0.004338,0.028332,-0.035435
1178,-0.635662,0.078946,9.999973,-0.301059,17.970320,0.596059,0.387218,3.940302,-4.019014,0.998785,0.004581,0.034239,-0.035160
1179,-0.695323,0.061320,9.938319,-0.513151,14.691251,0.644889,0.377901,4.513572,-3.994531,0.998607,0.004666,0.039239,-0.034954
1180,-0.783337,0.043248,9.924232,-0.682583,12.818959,0.908869,0.349553,4.975974,-3.966485,0.998450,0.004548,0.043278,-0.034707
1181,-0.886561,0.043838,9.924527,-0.484288,12.614529,0.985159,0.318196,5.408213,-3.933567,0.998290,0.004391,0.047055,-0.034413
1182,-0.967538,0.015512,9.889142,0.145813,13.546972,1.053815,0.294478,5.864603,-3.899067,0.998105,0.004305,0.051039,-0.034106
1183,-1.053044,-0.017189,9.856336,0.580497,15.227153,0.844742,0.268701,6.371574,-3.869002,0.997878,0.004216,0.055463,-0.033835
1184,-1.135545,-0.002617,9.852154,0.532970,16.516706,0.016140,0.243971,6.929699,-3.856982,0.997600,0.004158,0.060330,-0.033719
1185,-1.239019,-0.015724,9.858381,0.750973,17.545326,0.171760,0.224784,7.526512,-3.856279,0.997273,0.004165,0.065531,-0.033702
1186,-1.348499,0.005332,9.839717,0.871349,18.992073,0.632567,0.218683,8.169456,-3.844767,0.996892,0.004292,0.071128,-0.033596
1187,-1.468943,0.017652,9.816656,1.390061,21.584827,1.520641,0.241496,8.886768,-3.808484,0.996436,0.004674,0.077361,-0.033292
1188,-1.597948,0.043295,9.723999,1.991243,25.149651,2.672709,0.303056,9.717710,-3.734799,0.995866,0.005394,0.084570,-0.032693
1189,-1.764858,0.062226,9.708154,1.333594,29.469889,4.178800,0.385168,10.695973,-3.612228,0.995137,0.006282,0.093052,-0.031693
1190,-1.950636,0.095905,9.689400,0.733984,32.522163,5.324782,0.469031,11.812633,-3.439860,0.994222,0.007158,0.102733,-0.030275
1191,-2.132889,0.082237,9.680702,0.886641,33.839470,6.046554,0.553211,13.003328,-3.233127,0.993146,0.007989,0.113050,-0.028575
1192,-2.315061,0.092110,9.642549,0.682171,33.465984,5.291218,0.628630,14.196847,-3.026629,0.991956,0.008705,0.123385,-0.026884
1193,-2.503402,0.086175,9.658305,-0.089986,31.729757,3.814110,0.673583,15.336874,-2.858923,0.990712,0.009152,0.133251,-0.025507
1194,-2.656790,0.082542,9.590098,-0.160271,29.804201,2.257639,0.681772,16.393141,-2.746332,0.989463,0.009304,0.142385,-0.024567
1195,-2.784568,0.074846,9.469224,-0.154294,28.534681,0.736255,0.667835,17.374086,-2.689781,0.988218,0.009304,0.150858,-0.024081
1196,-2.922022,0.097003,9.350032,0.106548,28.527042,-0.760704,0.650248,18.323193,-2.684542,0.986935,0.009330,0.159042,-0.024029
1197,-3.088763,0.115331,9.280085,0.372054,29.898869,-0.869047,0.652047,19.301449,-2.701658,0.985536,0.009560,0.167460,-0.024194
1198,-3.250000,0.125676,9.184831,0.802423,31.461510,-0.006881,0.683632,20.341988,-2.700225,0.983970,0.010031,0.176396,-0.024244
1199,-3.429007,0.136738,9.090818,1.664662,34.066429,0.775950,0.755597,21.467438,-2.664679,0.982188,0.010807,0.186040,-0.024072
1200,-3.630547,0.172052,9.049000,2.697862,38.623081,2.085248,0.888976,22.725468,-2.581977,0.980087,0.012042,0.196792,-0.023616
1201,-3.841383,0.172484,8.970100,3.335855,43.674179,4.197188,1.081818,24.151104,-2.428178,0.977568,0.013662,0.208949,-0.022693
1202,-4.070152,0.195094,8.899621,3.351222,47.957741,5.051748,1.305636,25.732706,-2.212651,0.974598,0.015405,0.222407,-0.021358
1203,-4.337659,0.213683,8.826037,3.592388,51.437138,5.276086,1.545338,27.440977,-1.966824,0.971178,0.017169,0.236904,-0.019870
1204,-4.647829,0.231802,8.751923,3.671751,52.990849,5.558380,1.794857,29.238630,-1.702417,0.967340,0.018903,0.252112,-0.018326
1205,-4.927697,0.223692,8.654920,3.306968,51.378250,5.141746,2.025420,31.032772,-1.440278,0.963268,0.020390,0.267237,-0.016836
1206,-5.194535,0.234282,8.550278,2.350022,47.832214,4.236753,2.202845,32.722168,-1.210781,0.959217,0.021419,0.281427,-0.015551
1207,-5.398086,0.252547,8.404229,1.887442,42.723484,3.453811,2.334209,34.239475,-1.019314,0.955402,0.022083,0.294124,-0.014495
1208,-5.549978,0.264917,8.239007,2.402978,37.559647,2.834140,2.451573,35.551342,-0.860146,0.951965,0.022662,0.305060,-0.013677
1209,-5.688650,0.259607,8.106119,2.616358,32.189640,1.919947,2.554595,36.656467,-0.742593,0.948969,0.023197,0.314238,-0.013160
1210,-5.795907,0.257316,7.952707,2.620648,27.553507,1.054554,2.623763,37.576405,-0.677064,0.946407,0.023577,0.321853,-0.012966
1211,-5.865606,0.268147,7.825974,2.627985,24.368450,-0.041262,2.662861,38.351849,-0.661061,0.944200,0.023841,0.328249,-0.013079
1212,-5.978995,0.309155,7.724166,2.504169,23.096891,-0.700609,2.697900,39.051292,-0.672664,0.942168,0.024149,0.334000,-0.013399
1213,-6.123869,0.333945,7.686775,1.579340,24.089878,-0.747989,2.737270,39.760307,-0.680289,0.940073,0.024479,0.339817,-0.013703
1214,-6.209127,0.347881,7.597952,0.886503,25.909946,-0.380277,2.774064,40.522388,-0.666595,0.937784,0.024722,0.346061,-0.013838
1215,-6.334399,0.361913,7.515754,0.759826,27.992514,0.135479,2.826863,41.355583,-0.619810,0.935236,0.024987,0.352875,-0.013769
1216,-6.500238,0.384042,7.437500,0.883447,29.330528,0.402546,2.912465,42.264553,-0.538725,0.932396,0.025398,0.360290,-0.013546
1217,-6.624231,0.355637,7.324092,1.632675,30.824270,0.669588,3.018680,43.237381,-0.444000,0.929289,0.025914,0.368202,-0.013305
1218,-6.680981,0.339026,7.148011,2.267382,30.949266,0.703093,3.128827,44.239254,-0.356145,0.926018,0.026461,0.376321,-0.013158
1219,-6.796382,0.352990,6.994775,2.305435,31.985270,0.593140,3.247288,45.265091,-0.269201,0.922593,0.027056,0.384603,-0.013071
1221,-6.983574,0.407485,6.825319,2.036859,34.411572,0.417643,3.397859,46.384865,-0.156458,0.918767,0.027789,0.393610,-0.012930
1222,-7.156567,0.416275,6.638273,2.110162,37.759800,0.783904,3.591521,47.654190,-0.001909,0.914319,0.028673,0.403779,-0.012675
1223,-7.341854,0.417236,6.446805,1.335039,39.646423,1.745251,3.810631,49.052719,0.202088,0.909290,0.029516,0.414935,-0.012198
1224,-7.561434,0.443441,6.247667,0.459208,40.622253,2.764577,4.062411,50.536060,0.479244,0.903808,0.030268,0.426715,-0.011350
1225,-7.745541,0.466741,6.035080,0.566104,40.372932,3.448225,4.373729,52.058895,0.835454,0.898012,0.031090,0.438752,-0.010198
1226,-7.857530,0.433637,5.831284,1.350462,39.618511,4.423262,4.735367,53.559895,1.241324,0.892131,0.032002,0.450554,-0.008950
1227,-7.959746,0.436291,5.655297,1.750202,38.456501,4.966362,5.131148,54.992817,1.677988,0.886358,0.032948,0.461762,-0.007689
1228,-8.072048,0.488753,5.455996,2.183527,37.492714,4.526793,5.578709,56.359066,2.149895,0.880704,0.034040,0.472398,-0.006460
1229,-8.228808,0.580880,5.292547,2.533031,37.778599,3.922577,6.116522,57.698006,2.681205,0.875010,0.035445,0.482777,-0.005272
1230,-8.381320,0.544587,5.143575,2.360664,38.532864,5.143364,6.716545,59.035213,3.275653,0.869180,0.036897,0.493101,-0.004021
1231,-8.450253,0.549107,4.977225,2.014235,37.596249,5.813139,7.332510,60.334621,3.914772,0.863386,0.038122,0.503094,-0.002645
1232,-8.512358,0.597625,4.792581,1.539618,34.758156,5.875593,7.984070,61.531353,4.605074,0.857920,0.039271,0.512278,-0.001145
1233,-8.572687,0.633591,4.656319,1.768470,32.061779,6.153255,8.685654,62.593243,5.345084,0.852943,0.040483,0.520431,0.000435
1234,-8.604561,0.575753,4.491751,2.541998,29.533087,6.359063,9.367534,63.534355,6.055613,0.848443,0.041611,0.527645,0.001828
1235,-8.648025,0.661181,4.342425,4.029628,27.433107,4.333920,10.016142,64.387428,6.688102,0.844299,0.042789,0.534155,0.002744
1236,-8.766055,0.745255,4.203438,5.259479,26.543209,1.988528,10.685736,65.199524,7.267047,0.840288,0.044292,0.540320,0.003091
1237,-8.882977,0.771422,4.018092,6.176573,27.596012,0.372617,11.356795,66.058655,7.791558,0.836014,0.045911,0.546776,0.002875
1238,-8.947238,0.817353,3.801842,6.324640,30.706039,-0.579480,12.077707,67.045334,8.338664,0.831071,0.047543,0.554125,0.002329
1239,-9.028924,0.907533,3.586741,6.155409,35.706940,-1.064467,13.001863,68.206749,9.081393,0.825147,0.049352,0.562756,0.001850
1240,-9.113697,0.865812,3.374300,6.187620,41.414497,-0.411094,14.172490,69.564568,10.080212,0.818083,0.051196,0.572815,0.001503
1241,-9.176455,0.812679,3.133606,5.873354,45.919685,0.052826,15.530399,71.097359,11.292569,0.809978,0.052721,0.584084,0.001142
1242,-9.263529,0.759196,2.960194,5.623077,48.090057,0.023621,17.027565,72.710915,12.670992,0.801300,0.053809,0.595837,0.000666
1243,-9.382997,0.711410,2.774493,5.174341,46.631485,-0.404072,18.556320,74.282616,14.101488,0.792720,0.054407,0.607153,-0.000042
1244,-9.457059,0.672011,2.582244,4.449353,41.557705,-1.327852,19.950161,75.704147,15.414156,0.784891,0.054490,0.617232,-0.001041
1245,-9.548816,0.721141,2.382962,2.976673,34.550365,-2.700191,21.116611,76.898369,16.520380,0.778283,0.054191,0.625567,-0.002147
1246,-9.620101,0.749869,2.206150,1.748197,28.713305,-3.762546,22.069708,77.866722,17.438034,0.772905,0.053670,0.632240,-0.003155
1247,-9.634584,0.773612,1.993024,1.148453,25.186527,-3.938143,22.957586,78.688118,18.306589,0.768304,0.053108,0.637866,-0.003996
1248,-9.584803,0.748232,1.802749,1.024835,25.023045,-3.925943,24.000315,79.469894,19.335424,0.763842,0.052614,0.643238,-0.004698
1249,-9.546019,0.730259,1.637081,0.695230,27.623117,-4.340978,25.349327,80.304726,20.677584,0.758992,0.052078,0.648992,-0.005355
1250,-9.475933,0.708710,1.439815,0.054350,32.486256,-4.534723,27.346962,81.266594,22.686905,0.753259,0.051432,0.655683,-0.005897
1251,-9.474959,0.689809,1.227311,-0.636872,38.474163,-4.990902,30.570337,82.402191,25.948368,0.746245,0.050632,0.663714,-0.006269
1252,-9.553792,0.678624,0.987914,-1.198375,44.334061,-4.740549,36.106445,83.692108,31.548616,0.737796,0.049733,0.673159,-0.006417
1253,-9.722461,0.651138,0.759940,-1.315834,48.040962,-3.429685,45.962315,84.999306,41.486317,0.728188,0.048909,0.683601,-0.006265
1254,-9.836363,0.612214,0.527564,-1.031987,48.845467,-1.688583,62.899933,86.056175,58.508648,0.718075,0.048294,0.694263,-0.005854
1255,-9.920636,0.584593,0.299434,-0.731372,46.515537,-0.127620,87.037872,86.527458,82.723557,0.708193,0.047942,0.704370,-0.005265
1256,-9.962825,0.545400,0.082338,-0.566578,42.003300,1.434770,110.273544,86.313103,106.026505,0.699170,0.047803,0.713341,-0.004573
1257,-9.919670,0.523668,-0.100595,-0.755810,36.910965,1.197994,126.163544,85.723412,121.979752,0.691363,0.047647,0.720924,-0.003938
1258,-9.833981,0.584415,-0.288250,-1.399777,32.643959,-0.473058,136.151352,85.041092,132.041153,0.684704,0.047303,0.727277,-0.003364
1259,-9.790843,0.621410,-0.477827,-2.191769,29.764000,-0.920108,142.722534,84.341331,138.707794,0.678796,0.046838,0.732827,-0.002639
1260,-9.751919,0.602100,-0.652166,-2.982234,28.840324,-0.793360,147.475708,83.625076,143.581116,0.673192,0.046244,0.738019,-0.001737
1261,-9.686665,0.628505,-0.818301,-3.461410,29.399929,-0.541459,151.170349,82.859215,147.416840,0.667494,0.045599,0.743217,-0.000627
1262,-9.631760,0.677330,-1.012632,-3.926864,31.041555,-0.231419,154.052338,81.992928,150.457458,0.661341,0.045108,0.748727,0.000858
1263,-9.582032,0.625274,-1.206340,-4.085595,33.681309,0.402096,156.545197,81.007957,153.120132,0.654448,0.044639,0.754784,0.002505
1264,-9.514544,0.586316,-1.423134,-4.128321,36.351749,0.023711,158.980331,79.908173,155.728149,0.646685,0.043934,0.761481,0.003958
1265,-9.479526,0.647470,-1.647860,-3.769724,38.195290,-0.379076,161.145615,78.696030,158.064545,0.638140,0.043186,0.768689,0.005351
1266,-9.429665,0.678918,-1.917918,-3.633930,39.799442,-0.418532,162.893982,77.373642,159.980560,0.628881,0.042620,0.776302,0.006886
1267,-9.360681,0.708217,-2.130627,-3.261634,41.150391,1.051246,164.209763,75.962219,161.457092,0.619048,0.042360,0.784162,0.008646
1268,-9.314399,0.655214,-2.316924,-3.220456,40.802872,3.544827,165.107529,74.537933,162.501801,0.609151,0.042462,0.791846,0.010599
1269,-9.295185,0.633472,-2.519330,-3.482897,39.512146,3.930875,165.788467,73.170677,163.323166,0.599594,0.042603,0.799072,0.012508
1270,-9.252949,0.599159,-2.735147,-4.422796,38.305248,2.627517,166.472321,71.875076,164.163330,0.590398,0.042298,0.805879,0.014160
1271,-9.237457,0.623240,-2.914953,-4.740091,36.585526,2.273178,167.130585,70.657059,164.998596,0.581640,0.041577,0.812233,0.015641
1272,-9.291341,0.615878,-3.074013,-4.434805,34.447464,2.428462,167.665634,69.547447,165.708740,0.573609,0.040790,0.817936,0.017024
1273,-9.308570,0.649042,-3.297452,-4.031859,33.215679,0.847233,168.170914,68.520073,166.379074,0.566101,0.039888,0.823170,0.018163
1274,-9.226812,0.689822,-3.483807,-3.213889,33.056686,-0.717106,168.707520,67.506088,167.071701,0.558613,0.038833,0.828300,0.019034
1275,-9.152512,0.745961,-3.683828,-1.944297,32.699436,-1.510679,169.230637,66.477211,167.728989,0.550971,0.037857,0.833432,0.019714
1276,-9.016780,0.760301,-3.837209,-0.545054,32.819893,-1.934831,169.724640,65.430130,168.322098,0.543162,0.037104,0.838565,0.020191
1277,-8.862727,0.714370,-4.022411,-0.200206,32.729893,-2.655035,170.264008,64.360573,168.933914,0.535117,0.036328,0.843752,0.020323
1278,-8.767338,0.744735,-4.187285,0.143116,32.057091,-2.688561,170.792603,63.282501,169.526093,0.526961,0.035526,0.848904,0.020319
1279,-8.756556,0.750769,-4.355084,-0.101092,31.248428,-1.238795,171.179611,62.231033,169.974304,0.519017,0.035001,0.853800,0.020561
1280,-8.693622,0.700346,-4.466495,-0.334605,30.610506,1.384347,171.415604,61.227253,170.260910,0.511452,0.034875,0.858345,0.021072
1281,-8.670969,0.664010,-4.634461,-1.149422,29.778650,2.550072,171.563324,60.268864,170.452667,0.504228,0.034978,0.862588,0.021730
1282,-8.611274,0.767891,-4.824135,-1.558387,29.956993,2.777433,171.605133,59.309349,170.557159,0.497005,0.035247,0.866732,0.022775
1283,-8.470729,0.808899,-4.971465,-1.886584,31.839912,4.292880,171.510696,58.281647,170.542847,0.489299,0.035884,0.871036,0.024394
1284,-8.322742,0.763353,-5.117735,-1.863768,34.093746,5.539692,171.396500,57.157700,170.499146,0.480837,0.036762,0.875649,0.026139
1285,-8.199218,0.801085,-5.338752,-1.937005,36.909302,5.405433,171.334091,55.915771,170.498413,0.471403,0.037648,0.880675,0.027788
1286,-8.030700,0.916462,-5.529852,-1.706663,41.093822,6.051072,171.240097,54.512154,170.475494,0.460691,0.038733,0.886216,0.029746
1287,-7.868861,0.915995,-5.675012,-1.618286,45.524040,7.444499,171.108688,52.952084,170.412750,0.448726,0.040141,0.892194,0.031997
1288,-7.756390,0.953183,-5.876707,-1.194165,48.293945,7.562168,171.009293,51.294159,170.367981,0.435904,0.041647,0.898379,0.034180
1289,-7.607524,0.981089,-6.057115,-0.536557,50.119152,7.936138,170.948761,49.591228,170.344131,0.422620,0.043192,0.904553,0.036190
1290,-7.474939,1.006189,-6.244800,-0.007103,50.561672,6.733759,170.945404,47.895237,170.362778,0.409264,0.044605,0.910537,0.037894
1291,-7.351230,0.985986,-6.429166,0.423243,49.432236,4.885785,171.042664,46.270840,170.476166,0.396315,0.045531,0.916153,0.039042
1292,-7.205039,0.950687,-6.637189,0.749968,47.145966,2.962862,171.256500,44.753410,170.698654,0.384052,0.045833,0.921328,0.039478
1293,-6.987223,0.905680,-6.848229,0.342873,43.941124,1.471635,171.553772,43.332680,171.005280,0.372431,0.045571,0.926104,0.039355
1294,-6.806999,0.982345,-7.065657,-0.221425,40.930222,0.166639,171.831558,41.989376,171.324966,0.361377,0.044987,0.930505,0.039275
1295,-6.612976,0.994597,-7.210745,-0.538666,39.126400,0.459449,172.029709,40.706425,171.598373,0.350806,0.044406,0.934557,0.039568
1296,-6.465373,1.008639,-7.389697,-1.248125,37.942135,0.544795,172.167969,39.464046,171.829758,0.340557,0.043900,0.938341,0.040125
1297,-6.317463,1.008670,-7.542220,-1.933185,37.276691,1.083359,172.257141,38.248512,172.030869,0.330513,0.043436,0.941913,0.040924
1298,-6.195207,1.083176,-7.641639,-1.866069,37.229137,0.852928,172.290573,37.063301,172.197067,0.320712,0.043050,0.945265,0.042017
1299,-6.064492,1.122268,-7.735881,-1.413050,36.293316,0.585973,172.283325,35.929180,172.337692,0.311319,0.042707,0.948357,0.043305
1300,-5.896219,1.111484,-7.825228,-1.045496,33.932186,0.743218,172.279175,34.868988,172.468262,0.302509,0.042392,0.951165,0.044460
1301,-5.711030,1.090151,-7.887974,-0.195667,30.397612,0.242723,172.312225,33.909286,172.603149,0.294489,0.042054,0.953658,0.045223
1302,-5.522139,1.131716,-7.987311,0.626687,27.075243,-1.277075,172.380676,33.046505,172.757217,0.287233,0.041562,0.955869,0.045647
1303,-5.363211,1.149590,-8.114371,1.113267,25.124880,-2.059780,172.464539,32.234154,172.929199,0.280367,0.040907,0.957921,0.045928
1304,-5.214525,1.078350,-8.224900,1.357328,25.468184,-2.029207,172.590958,31.412071,173.124207,0.273380,0.040148,0.959972,0.045888
1305,-5.092231,1.117526,-8.334117,1.757080,27.407728,-2.593762,172.745346,30.528324,173.338730,0.265844,0.039308,0.962131,0.045667
1306,-4.972505,1.100214,-8.425654,1.933986,29.795927,-1.887181,172.891312,29.564829,173.547897,0.257628,0.038515,0.964403,0.045517
1307,-4.872740,1.056374,-8.477487,2.184194,31.121971,-1.258471,173.046051,28.559828,173.743530,0.249046,0.037850,0.966693,0.045250
1308,-4.741332,0.989500,-8.514471,2.216323,30.795256,-0.613072,173.223541,27.573961,173.928879,0.240602,0.037275,0.968876,0.044720
1309,-4.626707,0.991310,-8.620486,1.900596,28.777699,-0.796292,173.398956,26.649353,174.101913,0.232664,0.036729,0.970862,0.044112
1310,-4.526669,0.932952,-8.702766,1.787862,26.648651,-0.045676,173.565125,25.812567,174.255463,0.225466,0.036246,0.972606,0.043464
1311,-4.382414,0.935896,-8.743176,1.611069,24.939167,-0.222841,173.722321,25.050343,174.389526,0.218900,0.035844,0.974149,0.042791
1312,-4.271337,0.959404,-8.848824,1.696633,23.351795,-1.242259,173.856033,24.337164,174.524170,0.212748,0.035344,0.975552,0.042272
1313,-4.174109,0.967424,-8.917331,1.908747,22.907352,-1.884722,173.978424,23.656317,174.671738,0.206862,0.034677,0.976860,0.041839
1314,-4.041496,0.940680,-8.943904,2.505375,22.742167,-2.415782,174.114868,22.984440,174.834671,0.201037,0.033882,0.978127,0.041289
1315,-3.909929,0.954120,-9.030358,3.080613,22.229170,-3.282521,174.270554,22.305315,175.016022,0.195131,0.032948,0.979383,0.040588
1316,-3.817417,0.941494,-9.126377,3.606971,22.402925,-3.149750,174.434326,21.615471,175.202286,0.189125,0.031969,0.980625,0.039808
1318,-3.633146,0.908913,-9.180678,3.309344,23.496954,-1.346083,174.590561,20.872219,175.354660,0.182669,0.031272,0.981901,0.039037
1319,-3.441408,0.861431,-9.222398,2.944643,24.377617,0.005908,174.729675,20.039192,175.457169,0.175459,0.030995,0.983251,0.038351
1320,-3.271110,0.887163,-9.270823,3.222325,25.186747,0.834534,174.845825,19.136904,175.519104,0.167664,0.031042,0.984630,0.037812
1321,-3.089202,0.862962,-9.267707,3.420588,25.687733,1.490764,174.944809,18.191509,175.549774,0.159503,0.031334,0.985992,0.037381
1322,-2.937324,0.833765,-9.332003,3.382375,24.549908,1.748714,175.049866,17.248713,175.565094,0.151356,0.031748,0.987281,0.036868
1323,-2.826146,0.821515,-9.357673,3.167184,22.903862,1.495459,175.155258,16.370201,175.576767,0.143753,0.032150,0.988424,0.036315
1324,-2.751061,0.854584,-9.445318,3.186900,20.976847,0.843945,175.241425,15.591673,175.592499,0.137008,0.032438,0.989388,0.035889
1325,-2.644770,0.820149,-9.484762,2.434463,19.678366,1.097301,175.307770,14.896464,175.607574,0.130982,0.032664,0.990207,0.035597
1326,-2.566510,0.794012,-9.559560,1.642434,18.511028,1.213291,175.363297,14.260083,175.617157,0.125464,0.032894,0.990922,0.035367
1327,-2.455249,0.750574,-9.551293,1.250298,18.280548,1.169027,175.419754,13.658781,175.628571,0.120245,0.033090,0.991571,0.035116
1328,-2.374521,0.717169,-9.606749,1.793669,17.975264,0.801236,175.504288,13.073943,175.651291,0.115153,0.033203,0.992189,0.034623
1329,-2.257972,0.667524,-9.618737,2.250185,18.854105,0.427314,175.633453,12.480030,175.691772,0.109961,0.033200,0.992807,0.033761
1330,-2.136966,0.664304,-9.627862,2.706737,19.964945,-0.517305,175.789673,11.842463,175.756699,0.104374,0.033012,0.993452,0.032696
1331,-1.990374,0.674956,-9.586305,3.112824,21.213200,-1.158232,175.942474,11.150954,175.844131,0.098310,0.032627,0.994116,0.031690
1332,-1.881861,0.721156,-9.600592,2.990733,21.556610,-1.156698,176.057312,10.427112,175.933350,0.091973,0.032189,0.994758,0.031014
1333,-1.755078,0.694686,-9.621968,2.580122,21.007347,-0.837748,176.136337,9.707865,176.010834,0.085686,0.031810,0.995343,0.030626
1334,-1.652908,0.674932,-9.647422,2.232106,19.232735,-0.701919,176.206512,9.032114,176.078369,0.079778,0.031487,0.995855,0.030284
1335,-1.568479,0.661489,-9.670682,2.090111,17.158951,-0.399776,176.270340,8.438148,176.134354,0.074584,0.031226,0.996275,0.029955
1336,-1.491991,0.658945,-9.728455,1.893180,15.056086,-0.082379,176.325241,7.930934,176.174835,0.070149,0.031062,0.996612,0.029661
1337,-1.390738,0.635920,-9.719455,1.487215,13.616985,0.347932,176.370865,7.484175,176.199081,0.066245,0.031010,0.996888,0.029417
1338,-1.331546,0.647692,-9.678281,0.806565,12.420484,0.840806,176.392212,7.084987,176.204407,0.062765,0.031093,0.997112,0.029356
1339,-1.250372,0.689507,-9.661963,0.150195,11.065259,1.251296,176.362076,6.732323,176.188675,0.059708,0.031317,0.997282,0.029718
1340,-1.185049,0.712709,-9.718794,-0.771802,9.572744,1.783875,176.279816,6.417283,176.151855,0.056999,0.031689,0.997405,0.030512
1341,-1.099420,0.773036,-9.696896,-1.938067,9.661167,2.038751,176.137115,6.108732,176.098648,0.054368,0.032177,0.997495,0.031824
1342,-1.037954,0.760866,-9.708164,-1.535702,9.360554,2.113575,175.977280,5.788153,176.040573,0.051639,0.032709,0.997575,0.033289
1343,-0.978837,0.736721,-9.727881,-0.512213,8.577799,2.064790,175.856125,5.475549,175.983612,0.048970,0.033254,0.997653,0.034418
1344,-0.988219,0.710371,-9.827165,1.602521,7.498839,1.733675,175.830383,5.229513,175.935669,0.046850,0.033742,0.997729,0.034701
1345,-0.974994,0.660208,-9.813552,4.521835,6.787304,0.934038,175.973969,5.080004,175.912262,0.045513,0.034052,0.997821,0.033490
1346,-1.009105,0.522385,-9.857953,7.838539,4.506787,0.546319,176.353882,5.049027,175.916382,0.045129,0.034176,0.997940,0.030193
1347,-1.029757,0.470050,-9.896767,8.534102,3.474176,0.298934,176.881927,5.134239,175.934235,0.045709,0.034206,0.998041,0.025574
1348,-1.013392,0.463915,-9.903565,7.051804,4.268132,0.468169,177.322784,5.216182,175.945862,0.046289,0.034263,0.998104,0.021713
1349,-0.930512,0.442641,-9.842845,4.566426,5.695814,0.733618,177.587097,5.166781,175.940643,0.045780,0.034425,0.998169,0.019424
1350,-0.834878,0.488912,-9.844833,1.073367,7.102814,1.273818,177.635193,4.932732,175.912308,0.043732,0.034736,0.998257,0.019069
1351,-0.735599,0.579211,-9.834928,-2.870242,8.963351,1.890364,177.477402,4.575435,175.860199,0.040676,0.035203,0.998341,0.020539
1352,-0.646485,0.654332,-9.905306,-4.935570,10.787333,2.540492,177.192001,4.142457,175.789597,0.037006,0.035815,0.998405,0.023142
1353,-0.552853,0.708412,-9.849505,-6.640878,13.009670,3.297443,176.823013,3.622231,175.700699,0.032610,0.036601,0.998446,0.026503
1354,-0.530823,0.722598,-9.844801,-6.650805,13.565598,3.903313,176.440918,3.074275,175.596893,0.027985,0.037550,0.998453,0.029990
1355,-0.550481,0.661134,-9.876947,-6.233131,14.313445,4.420637,176.134781,2.572622,175.483444,0.023747,0.038615,0.998433,0.032805
1356,-0.499222,0.625950,-9.872320,-7.871985,16.577776,5.145443,175.892456,2.076314,175.359650,0.019542,0.039802,0.998401,0.035069
1357,-0.385961,0.636150,-9.753160,-9.649485,17.899063,5.182045,175.637207,1.524029,175.231796,0.014861,0.041059,0.998343,0.037474
1358,-0.268208,0.714077,-9.782898,-7.955521,16.231150,3.604227,175.379181,0.960640,175.131500,0.010081,0.042099,0.998265,0.039920
1359,-0.088242,0.838499,-9.756907,-6.852311,15.085314,2.691734,175.124847,0.404997,175.070160,0.005357,0.042818,0.998171,0.042339
1360,0.081587,0.982297,-9.711504,-5.267271,13.041015,2.435420,174.843369,-0.157997,175.025650,0.000576,0.043414,0.998043,0.045002
1361,0.193599,1.055431,-9.677588,-1.286788,9.087961,2.200483,174.603271,-0.656683,174.982986,-0.003658,0.043988,0.997906,0.047283
1362,0.184704,1.057465,-9.746200,2.568340,4.648125,2.203584,174.448135,-1.013337,174.933548,-0.006683,0.044573,0.997793,0.048771
1363,0.149648,0.951462,-9.815034,4.440125,2.133634,3.074903,174.461304,-1.181096,174.858261,-0.008117,0.045298,0.997752,0.048726
1364,0.044040,0.822131,-9.881358,4.763887,0.950686,3.727970,174.670044,-1.171604,174.749161,-0.008073,0.046229,0.997796,0.046912
1365,-0.032067,0.704223,-9.908734,4.659280,0.069468,3.495971,174.965851,-1.047213,174.628525,-0.007062,0.047212,0.997877,0.044295
1366,-0.076437,0.663393,-9.934750,3.880358,-0.129847,2.591028,175.275070,-0.865289,174.525085,-0.005567,0.048028,0.997967,0.041533
1367,-0.079384,0.654356,-9.920683,3.104383,-0.019388,1.431257,175.536697,-0.680881,174.456543,-0.004047,0.048550,0.998044,0.039181
1368,-0.065556,0.662693,-9.863815,2.476433,0.190043,0.503412,175.776047,-0.456545,174.423538,-0.002184,0.048758,0.998123,0.037002
1369,-0.012782,0.672526,-9.816005,1.675938,-0.186392,-0.126869,175.968491,-0.244815,174.416885,-0.000419,0.048747,0.998189,0.035236
1370,0.037090,0.724733,-9.826187,0.797083,-0.250853,-0.586199,176.025375,-0.162029,174.428284,0.000274,0.048623,0.998214,0.034706
1371,0.049353,0.731072,-9.869241,0.514488,-0.441532,-0.792195,175.987350,-0.161521,174.450607,0.000288,0.048428,0.998212,0.035037
1372,0.090223,0.753064,-9.848185,-0.032208,-0.053624,-0.653315,175.912384,-0.216327,174.474335,-0.000165,0.048238,0.998197,0.035713
1373,0.083534,0.791530,-9.871532,-0.077030,-0.301931,-0.602932,175.796234,-0.292740,174.495316,-0.000789,0.048080,0.998167,0.036757
1374,0.092377,0.806681,-9.859237,0.595256,-0.081858,-0.473206,175.675385,-0.352926,174.513458,-0.001268,0.047943,0.998133,0.037834
1375,0.071592,0.763949,-9.804324,0.727608,0.055679,-0.026097,175.616760,-0.392723,174.522247,-0.001593,0.047880,0.998115,0.038361
1376,0.061784,0.714224,-9.781490,0.935185,-0.441752,0.012053,175.654633,-0.390609,174.521912,-0.001591,0.047882,0.998128,0.038031
1377,0.008304,0.678189,-9.846483,1.492555,-1.061526,-0.155814,175.776733,-0.315555,174.521927,-0.000988,0.047856,0.998171,0.036936
1378,-0.003104,0.672665,-9.856559,1.309927,-0.967368,-0.287075,175.920013,-0.191167,174.526428,0.000034,0.047777,0.998222,0.035636
1379,-0.003465,0.636539,-9.828646,0.913649,-0.886857,-0.439691,176.049530,-0.086840,174.536133,0.000886,0.047661,0.998268,0.034464
1380,0.010708,0.655289,-9.815417,0.807172,-1.537058,-1.042442,176.145584,-0.013413,174.557938,0.001480,0.047450,0.998307,0.033597
1381,-0.008693,0.681669,-9.834750,1.210029,-2.289398,-1.546002,176.181946,0.064900,174.596695,0.002136,0.047090,0.998335,0.033249
1382,0.005752,0.701798,-9.808024,0.339994,-2.152041,-1.390356,176.156494,0.137436,174.640533,0.002765,0.046687,0.998346,0.033442
1383,0.008163,0.692128,-9.799282,-0.122675,-2.252564,-1.085158,176.097366,0.175678,174.676651,0.003112,0.046359,0.998343,0.033942
1384,-0.021586,0.719600,-9.851100,0.012817,-2.466038,-0.879146,176.032715,0.224982,174.703781,0.003559,0.046106,0.998335,0.034486
1385,-0.033376,0.708529,-9.888162,-0.234654,-1.524487,-0.230623,175.974884,0.281614,174.717422,0.004072,0.045968,0.998322,0.034968
1386,-0.032998,0.719973,-9.849741,-1.025274,-0.346390,0.404168,175.915634,0.296213,174.712189,0.004224,0.046007,0.998302,0.035478
1387,-0.045591,0.675120,-9.855409,0.261088,-0.447020,0.166130,175.904190,0.292466,174.701782,0.004200,0.046098,0.998294,0.035579
1388,-0.049336,0.672635,-9.867882,0.787774,-0.329499,-0.291647,175.969925,0.300399,174.703186,0.004242,0.046086,0.998315,0.035003
1389,-0.040088,0.668756,-9.865295,0.672036,0.119173,-0.570889,176.040771,0.294928,174.717514,0.004161,0.045966,0.998342,0.034389
1390,-0.026787,0.693806,-9.847399,0.833838,0.328363,-0.929472,176.076797,0.261532,174.743027,0.003848,0.045755,0.998364,0.034089
1391,-0.013827,0.683816,-9.846899,0.934468,0.298057,-0.859265,176.090363,0.210393,174.773392,0.003388,0.045506,0.998380,0.033992
1392,0.001669,0.690278,-9.847115,0.406398,0.620294,-0.619676,176.092850,0.143289,174.798935,0.002795,0.045303,0.998391,0.033998
1393,0.021935,0.679737,-9.828526,-0.245271,1.006681,-0.294630,176.075653,0.051820,174.815933,0.002000,0.045182,0.998392,0.034184
1394,0.030908,0.712049,-9.842659,-0.257653,0.846792,-0.369378,176.032272,-0.045185,174.829102,0.001168,0.045096,0.998383,0.034601
1395,0.017258,0.713111,-9.853393,0.006075,0.547901,-0.254920,175.976715,-0.105804,174.841141,0.000658,0.045009,0.998369,0.035108
1396,-0.020362,0.702272,-9.869595,0.398092,0.334159,-0.189314,175.954315,-0.097440,174.849594,0.000737,0.044933,0.998366,0.035300
1397,-0.041953,0.664651,-9.847846,0.616391,0.196450,-0.033695,175.989594,-0.030711,174.853912,0.001303,0.044875,0.998380,0.034967
1398,-0.056746,0.642430,-9.873248,1.143150,0.153258,-0.258040,176.081863,0.057181,174.859222,0.002031,0.044803,0.998411,0.034129
1399,-0.046508,0.647282,-9.873074,0.603276,0.638123,-0.215340,176.171616,0.120748,174.868118,0.002547,0.044709,0.998441,0.033322
1400,-0.028396,0.618087,-9.887137,0.820236,0.813434,-0.354212,176.251144,0.131319,174.879364,0.002605,0.044610,0.998468,0.032625
1401,-0.004416,0.646397,-9.881827,0.338215,1.217846,-0.552579,176.304825,0.090213,174.896729,0.002221,0.044471,0.998490,0.032174
1402,0.026641,0.675996,-9.861089,0.385372,1.230287,-0.970668,176.287567,0.004418,174.924652,0.001473,0.044252,0.998495,0.032358
1403,0.047114,0.687783,-9.845561,0.549832,1.041420,-1.120185,176.235123,-0.100763,174.961899,0.000566,0.043957,0.998493,0.032856
1404,0.075713,0.684133,-9.812619,0.438101,0.638986,-1.103373,176.183899,-0.208681,175.000854,-0.000366,0.043648,0.998490,0.033343
1405,0.054339,0.695129,-9.829661,0.521726,-0.018390,-1.089622,176.139435,-0.276222,175.038239,-0.000949,0.043342,0.998489,0.033756
1406,0.045223,0.686290,-9.837398,0.693916,-0.256372,-0.857677,176.111664,-0.281966,175.070526,-0.000998,0.043063,0.998493,0.034000
1407,0.020149,0.651723,-9.869464,0.759517,-0.412135,-0.396857,176.133163,-0.245608,175.090652,-0.000695,0.042877,0.998508,0.033799
1408,-0.005605,0.650011,-9.877640,0.607066,-0.511615,-0.045913,176.184204,-0.170650,175.096893,-0.000063,0.042800,0.998528,0.033326
1409,-0.035441,0.592799,-9.889254,0.871376,-0.331991,0.076133,176.273819,-0.069500,175.095352,0.000785,0.042785,0.998555,0.032508
1410,0.005320,0.616113,-9.844707,-0.239143,0.387971,0.150887,176.355087,-0.015447,175.091583,0.001227,0.042804,0.998577,0.031779
1411,0.046965,0.622892,-9.820830,-0.612889,0.362176,0.169207,176.362335,-0.057517,175.087051,0.000859,0.042855,0.998577,0.031732
1412,0.063832,0.674032,-9.810040,-0.889266,0.299994,0.201275,176.300369,-0.145248,175.081665,0.000119,0.042926,0.998556,0.032304
1413,0.063293,0.662721,-9.828581,-0.671358,-0.003308,0.350838,176.214294,-0.222422,175.073013,-0.000518,0.043023,0.998526,0.033083
1414,0.056277,0.669148,-9.839086,-0.708156,-0.186201,0.610259,176.156326,-0.263990,175.057007,-0.000854,0.043175,0.998502,0.033604
1415,0.017286,0.659927,-9.853147,-0.639552,-0.393766,0.811678,176.121567,-0.248051,175.032761,-0.000695,0.043382,0.998483,0.033901
1416,-0.015147,0.643217,-9.891294,-0.254906,-0.398677,0.617864,176.129379,-0.169909,175.007996,-0.000010,0.043575,0.998478,0.033804
1417,-0.024456,0.637876,-9.897354,-0.630057,-0.028307,0.509495,176.160110,-0.077830,174.988647,0.000787,0.043717,0.998482,0.033501
1418,-0.023832,0.641114,-9.885300,-0.916722,0.360454,0.367561,176.175980,-0.014082,174.974365,0.001340,0.043823,0.998482,0.033338
1419,-0.009599,0.661050,-9.868941,-0.909011,0.683761,0.233266,176.161682,0.005931,174.965515,0.001523,0.043894,0.998475,0.033455
1421,0.015451,0.653668,-9.861239,-0.202482,0.653259,-0.010881,176.148209,-0.019995,174.963318,0.001302,0.043920,0.998470,0.033582
1422,0.031730,0.667457,-9.813740,-0.188745,0.630543,0.013546,176.142609,-0.076057,174.964706,0.000816,0.043924,0.998468,0.033652
1423,0.038445,0.657991,-9.804317,0.154574,0.421699,-0.036795,176.139206,-0.135253,174.966278,0.000301,0.043928,0.998466,0.033705
1424,0.061551,0.657519,-9.801727,-0.034612,0.321236,-0.145120,176.146652,-0.196982,174.970123,-0.000241,0.043913,0.998468,0.033663
1425,0.047896,0.681757,-9.843967,0.188116,-0.192799,-0.349580,176.137802,-0.239210,174.978531,-0.000608,0.043852,0.998467,0.033757
1426,0.022709,0.683884,-9.870699,0.241383,-0.307260,-0.230560,176.116974,-0.226697,174.987732,-0.000494,0.043768,0.998465,0.033933
1427,0.012619,0.638911,-9.883791,0.632076,-0.267760,-0.279401,176.142609,-0.181707,174.995529,-0.000114,0.043687,0.998477,0.033693
1428,0.028843,0.636599,-9.875779,0.551437,-0.093917,-0.496089,176.209442,-0.152377,175.007889,0.000113,0.043571,0.998502,0.033099
1429,0.029829,0.676656,-9.875373,0.545360,-0.054239,-0.605955,176.233002,-0.149443,175.026031,0.000124,0.043412,0.998516,0.032893
1430,0.048334,0.680918,-9.848657,0.328467,0.206795,-0.471668,176.205215,-0.170974,175.044235,-0.000058,0.043259,0.998514,0.033143
1431,0.081735,0.688626,-9.819148,0.163398,0.326107,-0.398404,176.159378,-0.236983,175.059479,-0.000621,0.043146,0.998505,0.033567
1432,0.093833,0.700417,-9.847394,-0.038320,0.163241,-0.187801,176.102127,-0.326108,175.070053,-0.001379,0.043080,0.998489,0.034100
1433,0.078660,0.729058,-9.871355,-0.496468,0.122331,0.271520,176.019363,-0.389189,175.069458,-0.001897,0.043106,0.998461,0.034844
1434,0.037002,0.694371,-9.891792,-0.147271,-0.016559,0.689620,175.960632,-0.385907,175.053909,-0.001842,0.043241,0.998437,0.035355
1435,0.009830,0.664765,-9.890409,0.086302,0.089920,0.717064,175.981003,-0.321506,175.030472,-0.001281,0.043425,0.998437,0.035154
1436,-0.016444,0.644106,-9.893729,-0.059861,0.174876,0.527816,176.046646,-0.227932,175.009766,-0.000484,0.043577,0.998452,0.034546
1437,-0.008009,0.665226,-9.875429,-0.245761,0.438402,0.184452,176.094086,-0.146832,174.998444,0.000208,0.043651,0.998465,0.034102
1438,0.007684,0.671078,-9.863469,0.022876,0.470196,-0.094809,176.105484,-0.111829,174.997955,0.000508,0.043645,0.998469,0.033990
1439,0.042052,0.661867,-9.826071,0.079372,0.474793,-0.296229,176.114471,-0.131170,175.005524,0.000334,0.043585,0.998474,0.033919
1440,0.062307,0.651909,-9.807243,0.065722,0.313288,-0.421339,176.133316,-0.192113,175.018295,-0.000208,0.043492,0.998483,0.033778
1441,0.085879,0.673587,-9.817471,-0.082277,0.241929,-0.435048,176.136215,-0.272374,175.033142,-0.000913,0.043386,0.998487,0.033783
1442,0.067505,0.675160,-9.842270,-0.062519,-0.026349,-0.265651,176.117905,-0.332178,175.045120,-0.001430,0.043299,0.998484,0.033965
1443,0.051368,0.640269,-9.861641,0.193908,-0.151419,-0.282432,176.134308,-0.339979,175.053955,-0.001507,0.043224,0.998492,0.033825
1444,0.045284,0.661175,-9.884816,0.082653,0.083500,-0.445710,176.166367,-0.323044,175.065826,-0.001375,0.043115,0.998506,0.033539
1445,0.049308,0.674223,-9.877182,0.108572,0.370297,-0.363316,176.165161,-0.314251,175.079803,-0.001302,0.042991,0.998511,0.033546
1446,0.054811,0.677802,-9.862871,0.427378,0.466407,-0.374000,176.151642,-0.322771,175.093124,-0.001375,0.042878,0.998512,0.033667
1447,0.062542,0.673761,-9.828860,0.509665,0.576303,-0.398413,176.144562,-0.345160,175.107269,-0.001572,0.042761,0.998514,0.033736
1448,0.082366,0.654352,-9.795438,0.555416,0.510806,-0.378569,176.156967,-0.385900,175.121429,-0.001936,0.042649,0.998522,0.033643
1449,0.096672,0.644316,-9.788286,0.495978,0.163104,-0.366346,176.189148,-0.438181,175.134445,-0.002407,0.042550,0.998534,0.033382
1450,0.092705,0.667593,-9.827938,0.080927,-0.299066,-0.375490,176.198898,-0.472399,175.146622,-0.002712,0.042454,0.998539,0.033309
1451,0.062289,0.665206,-9.870539,0.088471,-0.572213,-0.190854,176.184372,-0.455864,175.155212,-0.002565,0.042375,0.998539,0.033429
1452,0.054358,0.638536,-9.884960,0.105300,-0.485404,0.022765,176.196289,-0.404343,175.156769,-0.002121,0.042346,0.998546,0.033307
1453,0.045928,0.650993,-9.894782,0.048947,-0.183457,0.004443,176.220108,-0.355861,175.155441,-0.001707,0.042343,0.998554,0.033081
1454,0.041205,0.653529,-9.885354,-0.169235,0.138342,0.018164,176.223038,-0.320931,175.154984,-0.001404,0.042337,0.998556,0.033043
1455,0.049662,0.626727,-9.863086,-0.001291,0.374760,-0.041353,176.238678,-0.309362,175.155838,-0.001309,0.042326,0.998561,0.032902
1456,0.078123,0.631867,-9.837758,-0.068280,0.528953,-0.210725,176.267822,-0.339006,175.160843,-0.001579,0.042291,0.998570,0.032659
1457,0.107144,0.654722,-9.827404,-0.100320,0.498720,-0.378557,176.265869,-0.412650,175.171753,-0.002224,0.042217,0.998571,0.032703
1458,0.100492,0.669303,-9.854913,0.017023,0.213674,-0.335813,176.233643,-0.484318,175.184647,-0.002840,0.042125,0.998563,0.033010
1459,0.094112,0.670466,-9.854188,0.122127,0.276391,-0.213731,176.198929,-0.522776,175.194641,-0.003165,0.042050,0.998555,0.033326
1460,0.072765,0.666136,-9.832151,0.048748,0.332826,-0.062667,176.174957,-0.527518,175.200150,-0.003199,0.042004,0.998549,0.033537
1461,0.061301,0.631512,-9.791911,-0.398308,0.286869,0.080759,176.177139,-0.501937,175.200455,-0.002977,0.041994,0.998551,0.033508
1462,0.045297,0.629733,-9.819912,-0.703300,0.021087,-0.039805,176.197266,-0.452736,175.199783,-0.002556,0.041985,0.998559,0.033315
1463,0.055669,0.651573,-9.820739,-1.434110,0.086457,0.019690,176.183044,-0.405588,175.200058,-0.002140,0.041969,0.998557,0.033422
1464,0.059339,0.658367,-9.841415,-1.337980,-0.214277,0.036467,176.136398,-0.378250,175.198959,-0.001884,0.041972,0.998545,0.033818
1465,0.073325,0.669169,-9.866491,-0.968724,-0.374508,-0.088660,176.094391,-0.366490,175.199173,-0.001766,0.041967,0.998533,0.034180
1466,0.080790,0.696052,-9.887385,-0.550712,-0.321003,-0.158846,176.050690,-0.374254,175.202621,-0.001819,0.041940,0.998520,0.034564
1467,0.090038,0.716969,-9.867023,-0.100782,-0.194186,-0.111533,175.996078,-0.398403,175.206833,-0.002011,0.041912,0.998504,0.035048
1468,0.094744,0.678554,-9.830577,0.649872,-0.343528,-0.114571,175.985031,-0.429153,175.210114,-0.002276,0.041893,0.998501,0.035156
1469,0.072933,0.679523,-9.849050,0.929199,-0.535696,-0.259526,176.027786,-0.433646,175.215195,-0.002332,0.041849,0.998516,0.034785
1470,0.058976,0.676739,-9.859660,0.743112,-0.438103,-0.177130,176.070801,-0.403936,175.221222,-0.002091,0.041787,0.998532,0.034399
1471,0.053049,0.670700,-9.858308,0.647034,-0.308524,-0.160353,176.104996,-0.366062,175.225906,-0.001774,0.041734,0.998546,0.034087
1472,0.060625,0.661297,-9.842001,0.256455,-0.117857,-0.023025,176.131790,-0.344063,175.228409,-0.001593,0.041705,0.998555,0.033846
1473,0.044304,0.671917,-9.877027,0.035215,-0.075199,-0.059652,176.140305,-0.327216,175.229553,-0.001450,0.041690,0.998559,0.033765
1474,0.056306,0.678901,-9.859472,-0.305136,0.248240,0.039529,176.122086,-0.318279,175.230164,-0.001366,0.041683,0.998554,0.033921
1475,0.058868,0.667716,-9.868438,-0.045776,0.164328,-0.026085,176.106598,-0.328079,175.230453,-0.001445,0.041683,0.998549,0.034059
1476,0.066239,0.672797,-9.877715,-0.190736,0.292557,-0.029134,176.103180,-0.346010,175.231888,-0.001601,0.041676,0.998548,0.034096
1477,0.054156,0.657585,-9.906819,0.019906,0.330720,-0.131370,176.113129,-0.359093,175.235184,-0.001719,0.041651,0.998552,0.034014
1478,0.077700,0.664715,-9.866282,0.018467,0.686299,-0.187825,176.131302,-0.383326,175.241531,-0.001939,0.041603,0.998558,0.033864
1479,0.091082,0.696488,-9.869488,-0.027401,0.755122,-0.241222,176.113037,-0.438172,175.250412,-0.002413,0.041542,0.998554,0.034043
1480,0.109544,0.707764,-9.821218,-0.705180,0.949143,0.073131,176.047073,-0.512094,175.255569,-0.003035,0.041520,0.998532,0.034644
1481,0.109855,0.685081,-9.803446,-0.705366,0.723525,0.208953,175.986328,-0.583906,175.253174,-0.003638,0.041564,0.998509,0.035199
1482,0.107008,0.716858,-9.794895,-0.932873,0.354363,0.245581,175.930206,-0.624854,175.247192,-0.003972,0.041631,0.998487,0.035703
1483,0.096170,0.717541,-9.834739,-1.068864,0.023220,0.338659,175.860245,-0.628397,175.238327,-0.003975,0.041712,0.998462,0.036314
1484,0.113384,0.717083,-9.813820,-1.389403,-0.037840,0.442419,175.800415,-0.624525,175.225525,-0.003915,0.041824,0.998438,0.036835
1485,0.103145,0.708299,-9.844111,-0.437195,-0.550547,0.268465,175.776093,-0.616418,175.212921,-0.003832,0.041932,0.998426,0.037044
1486,0.087472,0.718504,-9.873581,-0.022047,-0.697126,0.268459,175.788010,-0.578212,175.202255,-0.003500,0.042012,0.998428,0.036927
1487,0.099130,0.710388,-9.867566,-0.044832,-0.320299,0.416470,175.807816,-0.546897,175.189423,-0.003230,0.042114,0.998432,0.036743
1488,0.090643,0.712009,-9.845311,0.397786,-0.257753,0.384425,175.833847,-0.534941,175.175217,-0.003131,0.042233,0.998435,0.036512
1489,0.050084,0.672537,-9.836796,0.900023,-0.289973,0.434770,175.897034,-0.491530,175.160568,-0.002771,0.042345,0.998452,0.035946
1490,0.042897,0.675057,-9.839704,0.642430,-0.065986,0.242482,175.980606,-0.421579,175.148453,-0.002189,0.042428,0.998477,0.035193
1491,0.055083,0.666697,-9.836932,0.500733,0.132156,0.001372,176.042404,-0.377120,175.144196,-0.001823,0.042450,0.998496,0.034638
1492,0.045595,0.676002,-9.862070,0.723637,0.052665,-0.311453,176.086578,-0.351260,175.149429,-0.001616,0.042396,0.998513,0.034243
1493,0.045565,0.675842,-9.868337,0.775540,0.163925,-0.464053,176.115738,-0.327291,175.162552,-0.001422,0.042274,0.998527,0.033980
1494,0.081321,0.677141,-9.863473,0.842650,0.406585,-0.699044,176.136276,-0.343020,175.182571,-0.001572,0.042104,0.998540,0.033807
1495,0.123541,0.690647,-9.827552,0.584635,0.702959,-0.694444,176.133331,-0.429158,175.207153,-0.002329,0.041915,0.998544,0.033863
1496,0.118042,0.712150,-9.833244,0.756777,0.360047,-0.634906,176.097916,-0.529630,175.230896,-0.003199,0.041739,0.998538,0.034208
1497,0.114983,0.679816,-9.821898,0.991547,0.175674,-0.460934,176.082489,-0.590131,175.250107,-0.003726,0.041590,0.998537,0.034364
1498,0.113697,0.667292,-9.828640,0.835887,0.018644,-0.326643,176.109634,-0.620551,175.263443,-0.004005,0.041482,0.998548,0.034138
1499,0.087441,0.654251,-9.858006,0.759674,-0.274363,-0.209148,176.153046,-0.610050,175.271881,-0.003932,0.041404,0.998564,0.033755
1500,0.053659,0.633369,-9.889781,0.910926,-0.289897,-0.209165,176.217621,-0.545100,175.277847,-0.003391,0.041331,0.998589,0.033169
1501,0.076793,0.621733,-9.852341,0.564777,0.190505,-0.254957,176.289352,-0.489712,175.285065,-0.002936,0.041250,0.998615,0.032524
1502,0.073129,0.627302,-9.844587,0.510002,0.217861,-0.383141,176.338669,-0.473902,175.295853,-0.002819,0.041151,0.998634,0.032088
1503,0.081194,0.615996,-9.835617,0.552822,0.257491,-0.525055,176.375229,-0.471936,175.311310,-0.002819,0.041014,0.998649,0.031769
1504,0.113973,0.641908,-9.814236,0.116380,0.422417,-0.612024,176.380905,-0.507400,175.330994,-0.003136,0.040853,0.998656,0.031731
1505,0.122372,0.658709,-9.814605,0.093266,0.073245,-0.589122,176.339157,-0.567349,175.351913,-0.003649,0.040688,0.998649,0.032115
1506,0.097597,0.650474,-9.843232,0.291410,-0.286737,-0.442626,176.299988,-0.590004,175.369293,-0.003838,0.040544,0.998643,0.032464
1507,0.099699,0.651060,-9.848377,-0.143614,-0.167723,-0.270198,176.275391,-0.580109,175.380936,-0.003746,0.040441,0.998641,0.032675
1508,0.091550,0.665122,-9.845666,-0.571022,-0.192177,-0.148128,176.233765,-0.565690,175.387802,-0.003608,0.040378,0.998632,0.033032
1509,0.065880,0.639386,-9.861255,-0.227744,-0.424273,-0.177131,176.209259,-0.524108,175.392639,-0.003238,0.040325,0.998629,0.033231
1510,0.065565,0.642479,-9.867534,-0.461130,-0.212387,-0.239708,176.213974,-0.469337,175.398712,-0.002764,0.040256,0.998635,0.033171
1511,0.064278,0.689424,-9.891406,-0.848805,-0.072163,-0.348060,176.173996,-0.431671,175.408295,-0.002425,0.040162,0.998628,0.033506
1512,0.072421,0.669933,-9.888320,-0.392720,-0.102755,-0.497607,176.119751,-0.413024,175.422409,-0.002247,0.040035,0.998618,0.033972
1513,0.094605,0.664572,-9.866335,-0.411047,0.136896,-0.467082,176.103165,-0.428783,175.438522,-0.002384,0.039900,0.998618,0.034121
1514,0.091312,0.668815,-9.849535,-0.598710,0.118742,-0.288539,176.091431,-0.463679,175.451340,-0.002688,0.039799,0.998617,0.034235
1515,0.080081,0.647373,-9.856196,-0.293416,-0.148227,-0.308370,176.098206,-0.476109,175.461060,-0.002801,0.039717,0.998622,0.034180
1516,0.084435,0.620275,-9.831713,-0.404515,-0.126853,-0.308367,176.145493,-0.472948,175.470520,-0.002793,0.039633,0.998640,0.033767
1517,0.088526,0.647509,-9.826038,-0.726234,-0.195483,-0.352614,176.176712,-0.474462,175.480728,-0.002820,0.039544,0.998652,0.033495
1518,0.064146,0.666254,-9.858699,-0.556828,-0.543434,-0.491475,176.160736,-0.453179,175.493896,-0.002633,0.039423,0.998653,0.033627
1519,0.077732,0.675336,-9.845098,-0.572172,-0.429058,-0.578459,176.124771,-0.421889,175.510727,-0.002352,0.039268,0.998650,0.033929
1520,0.085914,0.676228,-9.839649,-0.428830,-0.519038,-0.663907,176.089127,-0.414761,175.530457,-0.002284,0.039095,0.998646,0.034237
1521,0.095403,0.673163,-9.837903,-0.319003,-0.636390,-0.708150,176.068542,-0.422885,175.552017,-0.002354,0.038910,0.998647,0.034419
1522,0.092998,0.698550,-9.845839,-0.488467,-0.675893,-0.700509,176.037537,-0.433647,175.574081,-0.002444,0.038721,0.998645,0.034692
1524,0.087971,0.687644,-9.826865,-0.896000,-0.658978,-0.395315,175.992050,-0.436173,175.590942,-0.002456,0.038576,0.998636,0.035089
1525,0.077124,0.679201,-9.839815,-0.838002,-0.729112,-0.377000,175.965607,-0.424170,175.602158,-0.002346,0.038475,0.998633,0.035315
1526,0.072328,0.699339,-9.842962,-1.304915,-0.515477,-0.288497,175.933777,-0.403712,175.611725,-0.002160,0.038386,0.998627,0.035586
1527,0.056590,0.713100,-9.845810,-1.189016,-0.587248,-0.409049,175.878021,-0.373952,175.622101,-0.001885,0.038287,0.998614,0.036061
1528,0.048149,0.686553,-9.824090,-0.705266,-0.685020,-0.465516,175.852783,-0.329207,175.635056,-0.001491,0.038161,0.998612,0.036266
1529,0.048927,0.727863,-9.827185,-0.126915,-0.668327,-0.824115,175.843552,-0.286683,175.654831,-0.001124,0.037975,0.998617,0.036332
1530,0.048570,0.731727,-9.822742,-0.146882,-0.704982,-0.840903,175.813202,-0.255317,175.680969,-0.000849,0.037738,0.998617,0.036587
1531,0.055384,0.760473,-9.824734,-0.014356,-0.851429,-0.904990,175.764648,-0.235649,175.708298,-0.000670,0.037494,0.998611,0.037003
1532,0.049037,0.776705,-9.832960,0.024972,-1.141278,-0.749342,175.695343,-0.215929,175.733627,-0.000484,0.037267,0.998598,0.037600
1533,0.025421,0.763483,-9.862279,0.000289,-1.193172,-0.566233,175.641953,-0.172877,175.752777,-0.000098,0.037086,0.998587,0.038052
1534,0.019553,0.724359,-9.848918,-0.426951,-1.158161,-0.317513,175.638763,-0.115600,175.764481,0.000399,0.036965,0.998591,0.038061
1535,0.002340,0.732849,-9.869494,-0.051396,-1.469556,-0.413654,175.666290,-0.049477,175.773239,0.000963,0.036867,0.998605,0.037800
1536,-0.017478,0.728736,-9.854059,-0.310657,-1.570435,-0.264126,175.689423,0.035614,175.780655,0.001695,0.036775,0.998616,0.037571
1537,-0.035346,0.702106,-9.835282,-0.694970,-1.575226,0.010524,175.716873,0.130957,175.780960,0.002517,0.036741,0.998625,0.037301
1538,-0.028684,0.740689,-9.844892,-0.418638,-2.280341,-0.204641,175.726028,0.222649,175.779419,0.003313,0.036725,0.998628,0.037192
1539,-0.034412,0.791887,-9.881145,-0.646219,-3.551445,-0.206167,175.664627,0.321653,175.778778,0.004196,0.036696,0.998606,0.037695
1540,-0.071342,0.812632,-9.875838,-2.456294,-4.755414,0.439300,175.547180,0.462286,175.763992,0.005464,0.036773,0.998560,0.038673
1541,-0.110137,0.771593,-9.863311,-3.936571,-6.257013,1.072553,175.414322,0.661033,175.724228,0.007252,0.037043,0.998496,0.039763
1542,-0.166321,0.813969,-9.874431,-4.943732,-8.152370,1.150363,175.255753,0.929133,175.667603,0.009660,0.037429,0.998409,0.041052
1543,-0.233164,0.810427,-9.831532,-6.318622,-9.995930,1.615751,175.060349,1.274994,175.595917,0.012763,0.037906,0.998290,0.042632
1544,-0.298896,0.821396,-9.796961,-6.420799,-12.135573,1.862924,174.857620,1.696746,175.505798,0.016539,0.038502,0.998142,0.044241
1545,-0.376778,0.867061,-9.794262,-5.557048,-14.450723,1.969709,174.669800,2.196445,175.401901,0.020995,0.039174,0.997967,0.045684
1546,-0.456905,0.898507,-9.788198,-4.029541,-17.014599,1.601930,174.516541,2.777097,175.293365,0.026148,0.039844,0.997767,0.046786
1547,-0.574947,0.890583,-9.850934,-2.105214,-19.319080,1.228040,174.435425,3.442938,175.189178,0.032015,0.040445,0.997552,0.047217
1548,-0.682730,0.912877,-9.829564,-1.155898,-21.199371,1.168485,174.412460,4.182027,175.085724,0.038498,0.041016,0.997305,0.047102
1549,-0.830849,0.868436,-9.771053,-0.391155,-24.201254,0.287970,174.429962,5.010905,174.991241,0.045742,0.041480,0.997004,0.046588
1550,-1.048168,0.844653,-9.799282,1.246544,-28.471365,-1.587479,174.514877,6.002178,174.934372,0.054355,0.041578,0.996621,0.045425
1551,-1.219078,0.826948,-9.766553,2.371575,-32.456268,-2.530612,174.657822,7.163497,174.915359,0.064406,0.041314,0.996110,0.043698
1552,-1.343741,0.850018,-9.619566,2.683172,-36.369347,-3.287563,174.803406,8.437559,174.913818,0.075423,0.040873,0.995432,0.041905
1553,-1.563377,0.847306,-9.640535,2.709265,-40.192287,-3.855273,174.925079,9.818727,174.922470,0.087366,0.040304,0.994545,0.040280
1554,-1.773818,0.901422,-9.682076,3.052577,-41.907848,-3.667617,175.017380,11.276436,174.926529,0.099972,0.039738,0.993436,0.038871
1555,-1.936771,0.904424,-9.605147,2.318400,-41.541824,-2.077582,175.058792,12.709722,174.893036,0.112382,0.039470,0.992158,0.037873
1556,-2.200542,0.904470,-9.593304,1.517022,-41.461037,-0.931561,175.050003,14.107361,174.809937,0.124499,0.039594,0.990729,0.037258
1557,-2.483473,0.857848,-9.595677,1.371868,-41.743500,0.228173,175.029160,15.523191,174.688736,0.136770,0.040015,0.989115,0.036670
1558,-2.710046,0.819979,-9.514143,1.257387,-42.267113,1.226117,175.023026,16.960302,174.535461,0.149207,0.040708,0.987316,0.035872
1559,-2.965941,0.779333,-9.467357,0.773766,-43.628471,2.300320,175.019806,18.427803,174.349792,0.161889,0.041657,0.985310,0.034950
1560,-3.231790,0.774393,-9.379382,0.114726,-45.609421,3.122715,174.993927,19.961588,174.128265,0.175128,0.042836,0.983023,0.034086
1561,-3.450851,0.748943,-9.239177,-0.124657,-47.279099,3.652119,174.942047,21.559038,173.876709,0.188896,0.044176,0.980437,0.033304
1562,-3.712246,0.776444,-9.133965,-0.328965,-48.675629,3.175940,174.867752,23.204536,173.613983,0.203046,0.045516,0.977567,0.032599
1563,-4.009272,0.782247,-9.004888,0.234206,-49.736542,2.409847,174.783264,24.909454,173.359650,0.217657,0.046696,0.974386,0.031886
1564,-4.247521,0.768633,-8.833366,0.667682,-50.680023,1.651369,174.719223,26.662960,173.126068,0.232613,0.047670,0.970908,0.030936
1565,-4.496832,0.746674,-8.710829,1.380457,-51.678387,0.711280,174.692688,28.440485,172.922791,0.247689,0.048414,0.967175,0.029649
1566,-4.741188,0.807722,-8.597915,1.583491,-52.342457,0.215285,174.664948,30.223726,172.730652,0.262746,0.049027,0.963202,0.028331
1567,-4.969276,0.817085,-8.447470,1.307236,-52.095406,0.871454,174.587021,31.984751,172.510696,0.277579,0.049731,0.959026,0.027322
1568,-5.175497,0.840766,-8.306543,0.673842,-51.050137,2.221982,174.443268,33.686359,172.234406,0.291890,0.050722,0.954733,0.026689
1569,-5.395552,0.853056,-8.125112,-0.139665,-49.315025,3.511525,174.218826,35.312126,171.888840,0.305557,0.052050,0.950381,0.026509
1570,-5.613646,0.889115,-7.945025,-0.626672,-48.179596,4.323495,173.918350,36.882450,171.480164,0.318752,0.053633,0.945942,0.026720
1571,-5.857606,0.853238,-7.762710,-1.243320,-48.365692,5.564206,173.571152,38.447174,171.020096,0.331873,0.055397,0.941307,0.027049
1572,-6.121409,0.853482,-7.586623,-1.704188,-50.882034,5.667988,173.201904,40.086067,170.526520,0.345554,0.057189,0.936258,0.027257
1573,-6.360203,0.848271,-7.393319,-2.439633,-55.283028,5.277280,172.805786,41.866970,170.012390,0.360327,0.058811,0.930569,0.027337
1574,-6.626300,0.896737,-7.238956,-3.136908,-59.558933,5.000993,172.352081,43.797001,169.460480,0.376244,0.060260,0.924152,0.027439
1575,-6.849428,0.932760,-7.033294,-3.513771,-61.739674,5.306116,171.810699,45.813789,168.838181,0.392797,0.061692,0.917135,0.027704
1576,-7.086141,1.021833,-6.792815,-3.527547,-61.486465,4.518771,171.178635,47.838150,168.144165,0.409344,0.063114,0.909758,0.028175
1577,-7.290910,1.051784,-6.539689,-3.362854,-59.034313,4.264055,170.485626,49.795853,167.404297,0.425273,0.064455,0.902309,0.028748
1578,-7.473198,1.099931,-6.292343,-2.770898,-55.024067,4.740283,169.754929,51.614735,166.619019,0.440020,0.065861,0.895090,0.029316
1579,-7.644255,1.104271,-6.032400,-2.087356,-51.366219,5.620865,168.991684,53.280254,165.776627,0.453498,0.067473,0.888199,0.029820
1580,-7.798366,1.149249,-5.799478,-1.829516,-49.052666,5.938360,168.187790,54.828930,164.874298,0.466018,0.069248,0.881542,0.030272
1581,-7.970521,1.194549,-5.604963,-1.799045,-47.521847,6.930342,167.295624,56.289673,163.877579,0.477854,0.071217,0.875004,0.030852
1582,-8.065947,1.142764,-5.356170,-2.124023,-46.247360,8.584451,166.325714,57.684792,162.788284,0.489183,0.073360,0.868522,0.031434
1583,-8.208798,1.168426,-5.137218,-2.535873,-45.380306,8.768924,165.293457,59.039143,161.631500,0.500180,0.075495,0.862032,0.031948
1584,-8.333338,1.232881,-4.929712,-2.578456,-43.731995,8.501729,164.172974,60.344505,160.399521,0.510810,0.077564,0.855568,0.032553
1585,-8.464874,1.261970,-4.717552,-2.419630,-41.104057,8.258956,162.995316,61.573616,159.118164,0.520856,0.079549,0.849282,0.033174
1586,-8.546481,1.264987,-4.509245,-2.250080,-38.795044,7.770419,161.827820,62.722569,157.846939,0.530236,0.081338,0.843270,0.033604
1587,-8.683640,1.375509,-4.354254,-2.167533,-37.206242,6.398424,160.642624,63.797390,156.569443,0.539028,0.082943,0.837504,0.033993
1588,-8.760102,1.430525,-4.180439,-1.842435,-36.143826,5.041844,159.416534,64.813797,155.266022,0.547375,0.084382,0.831911,0.034402
1589,-8.852350,1.474070,-3.989290,-1.692844,-36.222816,3.625806,158.173355,65.817368,153.951859,0.555572,0.085563,0.826329,0.034631
1590,-8.907001,1.463619,-3.800345,-1.773656,-37.455444,2.698020,156.900177,66.854950,152.611526,0.563943,0.086416,0.820552,0.034576
1591,-8.981468,1.509967,-3.623341,-1.625574,-38.518692,1.385689,155.559326,67.930565,151.205856,0.572534,0.086999,0.814532,0.034277
1592,-9.015946,1.542825,-3.420635,-1.320355,-38.579403,0.515974,154.102142,69.014511,149.685272,0.581180,0.087458,0.808353,0.033873
1593,-9.094093,1.555220,-3.212046,-1.160122,-38.637081,0.094931,152.506760,70.095314,148.024582,0.589816,0.087848,0.802051,0.033378
1594,-9.158915,1.515325,-2.994899,-0.966302,-38.935928,0.116323,150.768631,71.187569,146.214005,0.598523,0.088117,0.795574,0.032677
1595,-9.217855,1.499811,-2.785656,-0.874688,-39.179893,-0.398006,148.881821,72.293236,144.247406,0.607292,0.088213,0.788929,0.031715
1596,-9.312282,1.502408,-2.568904,-0.940246,-40.066326,-1.275539,146.773148,73.417870,142.060593,0.616198,0.088100,0.782051,0.030565
1597,-9.396750,1.501549,-2.357748,-0.946306,-41.190861,-1.287869,144.303131,74.560135,139.514572,0.625329,0.087871,0.774843,0.029326
1598,-9.452470,1.486046,-2.138926,-1.190412,-41.848465,-0.964501,141.347885,75.690681,136.485336,0.634587,0.087637,0.767351,0.028112
1599,-9.495013,1.493569,-1.925463,-1.445202,-41.828529,-1.411704,137.864334,76.777489,132.936188,0.643788,0.087361,0.759722,0.026964
1600,-9.546443,1.525032,-1.692333,-1.429924,-41.570530,-1.945775,133.776108,77.796387,128.790619,0.652845,0.087061,0.752026,0.025901
1601,-9.560411,1.495510,-1.461876,-1.291054,-41.156887,-1.829762,129.008163,78.734299,123.965271,0.661740,0.086759,0.744282,0.024844
1602,-9.618840,1.476524,-1.217308,-1.658787,-40.998112,-1.739751,123.456253,79.585861,118.359871,0.670529,0.086369,0.736456,0.023753
1603,-9.643618,1.464608,-0.986004,-1.364271,-41.417702,-2.287608,116.955276,80.340866,111.807045,0.679310,0.085868,0.728461,0.022579
1604,-9.668258,1.456328,-0.734099,-1.085024,-42.258495,-2.952960,109.338425,80.979813,104.129013,0.688179,0.085283,0.720198,0.021213
1605,-9.697574,1.426114,-0.477047,-1.147596,-43.166504,-3.281105,100.470421,81.465996,95.195862,0.697230,0.084567,0.711570,0.019675
1606,-9.703773,1.402069,-0.233448,-1.193388,-43.972317,-3.384976,90.544235,81.740868,85.205055,0.706394,0.083735,0.702617,0.018036
1607,-9.659870,1.372214,-0.009170,-0.853115,-43.709923,-3.456809,80.280067,81.759575,74.870277,0.715425,0.082899,0.693562,0.016332
1608,-9.663597,1.359682,0.260234,-0.988931,-43.052307,-3.496580,70.412193,81.520966,64.929764,0.724225,0.082079,0.684505,0.014629
1609,-9.684970,1.372776,0.514196,-1.513864,-43.682617,-3.249394,61.333584,81.025169,55.790470,0.732970,0.081289,0.675259,0.013116
1610,-9.653436,1.376564,0.740220,-1.333808,-44.959896,-2.899857,53.371765,80.287910,47.770832,0.741744,0.080659,0.665710,0.011812
1611,-9.616563,1.366670,1.009632,-1.051507,-46.418747,-2.122999,46.596500,79.337288,40.926788,0.750637,0.080263,0.655735,0.010623
1612,-9.589458,1.356041,1.283930,-1.379580,-49.965137,-1.950396,40.757915,78.177353,35.015396,0.759939,0.079953,0.644989,0.009489
1613,-9.581084,1.378189,1.570103,-1.928905,-53.659580,-2.114979,35.698765,76.806427,29.888758,0.769809,0.079596,0.633236,0.008398
1614,-9.495756,1.378218,1.844710,-1.356657,-55.217720,-0.471275,31.577784,75.259773,25.693598,0.779952,0.079464,0.620729,0.007476
1615,-9.438917,1.367633,2.161241,-1.893747,-56.511860,-0.229901,28.277481,73.596710,22.316528,0.790128,0.079495,0.607727,0.006714
1616,-9.359616,1.360804,2.453709,-3.126659,-58.140152,-0.940751,25.461081,71.855598,19.447460,0.800343,0.079212,0.594257,0.005958
1617,-9.262047,1.364413,2.757932,-3.497410,-58.131088,-1.067188,23.058649,70.069824,17.013111,0.810428,0.078648,0.580512,0.005198
1618,-9.127091,1.330246,3.032916,-4.101624,-56.724194,-0.816763,21.058388,68.292824,14.997672,0.820098,0.077920,0.566875,0.004494
1619,-9.050519,1.288504,3.366989,-5.606168,-54.389515,-2.168681,19.277922,66.570953,13.240927,0.829244,0.076657,0.553593,0.003738
1621,-8.933352,1.259341,3.674416,-6.263866,-50.647987,-2.602088,17.652224,64.930153,11.680705,0.837781,0.074810,0.540849,0.002903
1622,-8.822840,1.218870,3.997534,-6.152535,-46.518990,-2.972980,16.221565,63.384743,10.334791,0.845622,0.072717,0.528802,0.002048
1623,-8.718494,1.169232,4.291038,-5.595680,-43.290409,-3.153186,14.952202,61.924175,9.150789,0.852849,0.070526,0.517372,0.001097
1624,-8.624581,1.138701,4.582622,-4.867956,-41.717583,-2.649804,13.840644,60.506397,8.113975,0.859660,0.068433,0.506262,0.000115
1625,-8.491419,1.121950,4.839698,-3.836569,-42.441406,-2.222673,12.889832,59.062759,7.214069,0.866355,0.066658,0.494959,-0.000824
1626,-8.371451,1.107785,5.086287,-3.429269,-45.173435,-1.679508,12.067098,57.532696,6.417494,0.873198,0.065207,0.482980,-0.001710
1627,-8.231738,1.103257,5.342610,-3.482769,-48.177143,-1.163750,11.337972,55.885334,5.705451,0.880311,0.063950,0.470061,-0.002479
1628,-8.053124,1.092731,5.549404,-3.665941,-51.750015,-1.441424,10.667628,54.123482,5.047346,0.887663,0.062755,0.456186,-0.003209
1629,-7.843595,1.065923,5.773426,-4.436579,-54.305054,-2.369129,10.000870,52.269318,4.394706,0.895159,0.061370,0.441484,-0.004075
1630,-7.652533,1.049286,5.987690,-5.547484,-55.060940,-2.643738,9.333753,50.375542,3.761734,0.902568,0.059665,0.426363,-0.005006
1631,-7.476951,1.019012,6.208333,-5.820635,-53.668159,-2.890882,8.702533,48.521698,3.182904,0.909572,0.057765,0.411470,-0.005916
1632,-7.281826,0.977026,6.380795,-6.113614,-51.762455,-3.092278,8.113713,46.762989,2.655693,0.915988,0.055746,0.397256,-0.006851
1633,-7.134305,0.953164,6.663935,-7.840956,-50.412071,-3.765197,7.527067,45.080029,2.161664,0.921931,0.053399,0.383577,-0.007772
1634,-6.966588,0.922374,6.915887,-8.620688,-50.863815,-4.177171,6.924671,43.407669,1.687111,0.927640,0.050670,0.369920,-0.008678
1635,-6.763988,0.880801,7.144518,-8.223918,-51.976318,-4.712729,6.338670,41.701778,1.226946,0.933238,0.047858,0.355926,-0.009687
1636,-6.543154,0.859566,7.385964,-7.036674,-54.131092,-4.737057,5.814093,39.924122,0.790828,0.938806,0.045315,0.341279,-0.010836
1637,-6.307398,0.863379,7.606655,-4.691140,-56.670479,-3.995271,5.418431,38.048485,0.413209,0.944373,0.043511,0.325763,-0.012002
1638,-6.036989,0.835997,7.764182,-1.791601,-57.938763,-2.395849,5.187647,36.105476,0.115885,0.949811,0.042714,0.309618,-0.013064
1639,-5.753249,0.850811,7.894497,1.513915,-56.699856,-0.401179,5.139763,34.173210,-0.085130,0.954890,0.043077,0.293489,-0.013884
1640,-5.484202,0.850297,8.036633,3.220315,-55.134293,1.089948,5.237088,32.304234,-0.203648,0.959499,0.044377,0.277820,-0.014415
1641,-5.235456,0.890510,8.183485,4.740573,-52.340240,2.138538,5.423113,30.525961,-0.269142,0.963616,0.046257,0.262847,-0.014717
1642,-5.013928,0.910558,8.316877,6.047200,-48.973839,3.289333,5.678393,28.874537,-0.292440,0.967198,0.048604,0.248891,-0.014818
1643,-4.797942,0.961382,8.523725,5.923996,-45.793541,3.584038,5.956730,27.342274,-0.293417,0.970321,0.051091,0.235899,-0.014765
1644,-4.608797,1.002500,8.713960,6.998600,-43.791267,3.196616,6.238266,25.894115,-0.302739,0.973098,0.053620,0.223578,-0.014762
1645,-4.410046,1.065462,8.838403,8.883447,-42.538185,2.935817,6.556760,24.508789,-0.331006,0.975576,0.056496,0.211743,-0.014956
1646,-4.211558,1.098952,8.908805,7.824757,-42.772800,2.572747,6.874906,23.158493,-0.381819,0.977840,0.059406,0.200165,-0.015293
1647,-4.006923,1.142834,9.051716,4.788385,-42.894478,1.500073,7.093514,21.811752,-0.474993,0.980002,0.061528,0.188580,-0.015767
1648,-3.787543,1.159824,9.068069,2.861287,-41.555817,0.920231,7.202686,20.493275,-0.606190,0.982035,0.062750,0.177205,-0.016369
1649,-3.556069,1.151395,9.162184,-0.948904,-39.101715,0.244212,7.190811,19.241341,-0.760638,0.983904,0.062934,0.166381,-0.017012
1650,-3.341753,1.120974,9.253869,-3.707873,-36.020527,-0.436428,7.038378,18.069418,-0.934423,0.985620,0.061897,0.156237,-0.017677
1651,-3.144880,1.069157,9.345889,-4.339843,-33.285782,-0.508263,6.802691,16.984556,-1.113314,0.987162,0.060109,0.146839,-0.018353
1652,-2.956153,1.051335,9.377673,-5.071040,-31.971697,-0.741850,6.541631,15.961860,-1.285090,0.988550,0.058054,0.137975,-0.019009
1653,-2.776990,1.044765,9.430466,-4.427289,-32.282742,-0.809078,6.301682,14.951387,-1.448024,0.989832,0.056135,0.129210,-0.019660
1654,-2.604193,1.033223,9.472068,-2.996064,-33.687893,-0.409335,6.122517,13.906405,-1.597291,0.991042,0.054691,0.120135,-0.020281
1655,-2.430184,1.028807,9.497046,-2.584069,-37.473484,-0.038562,5.997000,12.774708,-1.734216,0.992230,0.053660,0.110298,-0.020838
1656,-2.238253,1.014471,9.519120,-3.672008,-42.466057,-0.970919,5.869216,11.501552,-1.890174,0.993443,0.052582,0.099216,-0.021519
1657,-1.989946,0.992522,9.597545,-4.189258,-44.376339,-1.624025,5.710073,10.101924,-2.080912,0.994637,0.051204,0.087017,-0.022450
1658,-1.748470,0.952411,9.677092,-5.027008,-42.409340,-1.756791,5.520132,8.684413,-2.281747,0.995703,0.049512,0.074654,-0.023476
1659,-1.543344,0.949072,9.704560,-5.844912,-39.329887,-1.634732,5.311335,7.360457,-2.468683,0.996571,0.047608,0.063108,-0.024448
1660,-1.348663,0.959011,9.779528,-7.067062,-34.117073,-1.842267,5.099660,6.197754,-2.635594,0.997230,0.045653,0.052970,-0.025346
1661,-1.132993,0.901029,9.836718,-7.420938,-26.662661,-1.268526,4.872278,5.246539,-2.772655,0.997710,0.043555,0.044687,-0.026091
1662,-1.016353,0.834235,9.835495,-5.682873,-20.346527,-0.346891,4.653335,4.533202,-2.864095,0.998042,0.041540,0.038491,-0.026556
1663,-0.946000,0.818472,9.869345,-3.210852,-17.181242,0.152044,4.505355,4.013705,-2.917342,0.998256,0.040160,0.033981,-0.026797
1664,-0.861598,0.788745,9.881429,-0.647250,-15.575346,0.170310,4.448268,3.594161,-2.954237,0.998392,0.039585,0.030326,-0.026962
1665,-0.766434,0.742763,9.886154,0.535311,-14.672931,0.116854,4.438145,3.209860,-2.989084,0.998490,0.039422,0.026968,-0.027136
1666,-0.704991,0.778230,9.931049,2.288563,-13.547771,0.472350,4.476537,2.851162,-3.016341,0.998556,0.039684,0.023823,-0.027263
1667,-0.639963,0.833764,9.939451,4.417348,-13.184051,0.515039,4.611475,2.516286,-3.033942,0.998576,0.040789,0.020867,-0.027328
1668,-0.572479,0.900064,9.915817,5.476639,-13.226244,0.168625,4.834876,2.182974,-3.055860,0.998552,0.042665,0.017901,-0.027439
1669,-0.489037,0.930362,9.824956,6.278132,-12.600140,0.089254,5.106205,1.849006,-3.085374,0.998496,0.044957,0.014914,-0.027610
1670,-0.419701,0.948815,9.760256,7.567879,-11.114997,0.225037,5.404064,1.538644,-3.113552,0.998412,0.047485,0.012126,-0.027768
1671,-0.396321,1.035598,9.706734,9.023989,-9.239172,-0.196150,5.755218,1.293505,-3.143433,0.998284,0.050490,0.009892,-0.027958
1672,-0.344362,1.095568,9.736457,7.770127,-7.816509,-0.418973,6.124271,1.112203,-3.180293,0.998126,0.053665,0.008206,-0.028227
1673,-0.283037,1.052605,9.783340,5.464686,-6.523455,-0.072644,6.390746,0.994860,-3.212879,0.998002,0.055960,0.007102,-0.028473
1674,-0.261050,1.042311,9.866910,3.140473,-4.595519,0.160741,6.487996,0.950240,-3.232557,0.997953,0.056797,0.006680,-0.028629
1675,-0.269955,1.107411,9.914797,2.113208,-2.795717,0.343764,6.512088,0.975163,-3.239085,0.997937,0.057013,0.006887,-0.028699
1676,-0.239401,1.086325,9.911425,0.202501,-2.293025,0.748054,6.501218,1.022172,-3.231434,0.997940,0.056930,0.007303,-0.028655
1677,-0.247593,1.065497,9.884090,-1.807546,-1.126686,0.978401,6.394109,1.069611,-3.210773,0.997994,0.056007,0.007753,-0.028491
1678,-0.269632,1.094427,9.836628,-2.338831,0.865240,0.699086,6.273008,1.181584,-3.184631,0.998048,0.054977,0.008771,-0.028308
1679,-0.292431,1.128565,9.820951,-3.065014,1.612082,0.329741,6.214997,1.354589,-3.162593,0.998062,0.054511,0.010303,-0.028193
1680,-0.292627,1.070862,9.824697,-4.415267,1.044892,0.019933,6.128595,1.489126,-3.151360,0.998089,0.053789,0.011501,-0.028150
1681,-0.298740,1.043124,9.886709,-5.082129,0.630029,-0.295956,5.963580,1.555607,-3.153315,0.998157,0.052367,0.012120,-0.028180
1682,-0.287833,1.019811,9.918775,-4.180374,0.338688,-0.591998,5.795579,1.595183,-3.166831,0.998224,0.050914,0.012500,-0.028298
1683,-0.274735,0.996062,9.948953,-3.942387,-1.252828,-0.567587,5.648184,1.587063,-3.187935,0.998284,0.049631,0.012457,-0.028462
1684,-0.232194,0.946249,9.965988,-3.788369,-3.314446,-0.505019,5.498486,1.494398,-3.213684,0.998354,0.048307,0.011676,-0.028632
1685,-0.201013,0.940072,9.962712,-3.388687,-4.250038,-0.321891,5.356080,1.330060,-3.239872,0.998426,0.047030,0.010269,-0.028779
1686,-0.180992,0.939236,9.937772,-2.827168,-4.843833,-0.193693,5.247665,1.137610,-3.262487,0.998485,0.046040,0.008610,-0.028890
1687,-0.149809,0.943518,9.915311,-2.750795,-5.568837,-0.181467,5.169714,0.927540,-3.284114,0.998529,0.045311,0.006790,-0.028990
1688,-0.110832,0.931475,9.900501,-2.575183,-5.071572,-0.309626,5.106815,0.713990,-3.307649,0.998564,0.044711,0.004936,-0.029109
1689,-0.104902,0.935261,9.926870,-2.053156,-3.695321,-0.469834,5.061422,0.542925,-3.333058,0.998585,0.044273,0.003447,-0.029263
1690,-0.092813,0.936021,9.952995,-1.172397,-2.389172,-0.735337,5.067254,0.434809,-3.361394,0.998581,0.044298,0.002493,-0.029468
1691,-0.065346,0.880935,9.921930,-0.902098,-1.673559,-0.646828,5.074826,0.360079,-3.389946,0.998573,0.044345,0.001828,-0.029688
1692,-0.077839,0.880248,9.924477,-0.213904,-1.742207,-0.066978,5.056166,0.308230,-3.406811,0.998578,0.044169,0.001375,-0.029815
1693,-0.067580,0.873068,9.918173,0.350666,-2.518791,0.322123,5.054193,0.259540,-3.408861,0.998580,0.044140,0.000950,-0.029814
1694,-0.024622,0.845194,9.874913,-0.018733,-3.228370,0.648672,5.034726,0.157831,-3.401284,0.998592,0.043944,0.000072,-0.029709
1695,-0.003766,0.812242,9.848496,-0.247944,-3.843487,0.947768,4.966016,0.004337,-3.385234,0.998625,0.043305,-0.001242,-0.029511
1696,-0.003534,0.858892,9.878879,0.581949,-3.318649,0.921834,4.929283,-0.133262,-3.364563,0.998645,0.042950,-0.002424,-0.029280
1697,0.008284,0.865383,9.892936,0.687286,-1.940670,0.473206,4.960107,-0.209060,-3.349004,0.998637,0.043200,-0.003086,-0.029115
1698,0.001282,0.881341,9.897471,0.319670,-0.797561,0.219885,5.003318,-0.217245,-3.341530,0.998623,0.043574,-0.003166,-0.029046
1699,-0.019117,0.899980,9.922845,0.704409,-0.206677,0.030638,5.061392,-0.163772,-3.338942,0.998601,0.044094,-0.002714,-0.029042
1700,-0.015616,0.918703,9.927926,0.935094,0.314049,-0.074684,5.142671,-0.084501,-3.339595,0.998570,0.044823,-0.002044,-0.029077
1701,-0.009994,0.889110,9.941472,0.259236,0.085423,-0.038086,5.188378,-0.024984,-3.340875,0.998551,0.045236,-0.001537,-0.029111
1702,-0.016990,0.884607,9.966180,0.547538,-0.614802,-0.071673,5.182078,0.001614,-3.343476,0.998552,0.045188,-0.001305,-0.029144
1703,-0.021669,0.923243,9.978778,1.008360,-0.755025,-0.105257,5.206392,0.011751,-3.348469,0.998541,0.045402,-0.001225,-0.029191
1704,-0.017420,0.930059,9.959558,-0.152714,-0.406974,0.129722,5.251657,0.020469,-3.349803,0.998523,0.045799,-0.001161,-0.029206
1705,-0.020147,0.919935,9.950495,-0.985764,0.255398,0.180067,5.253886,0.041892,-3.344880,0.998523,0.045824,-0.000973,-0.029172
1706,-0.010593,0.938223,9.926164,-0.964284,0.815489,0.000001,5.244866,0.074595,-3.340245,0.998527,0.045754,-0.000684,-0.029144
1707,0.018130,0.909774,9.872766,-1.365491,0.736035,-0.047293,5.228139,0.079033,-3.338648,0.998534,0.045609,-0.000640,-0.029132
1708,0.034531,0.862355,9.836661,-1.602142,0.149774,-0.088465,5.152289,0.032772,-3.339557,0.998565,0.044936,-0.001024,-0.029122
1709,0.042464,0.857005,9.831998,-0.554090,-0.163411,-0.447024,5.064530,-0.041151,-3.348414,0.998597,0.044153,-0.001649,-0.029172
1710,0.049392,0.846168,9.844681,0.442124,-0.394174,-0.727763,5.019674,-0.118623,-3.368658,0.998610,0.043742,-0.002321,-0.029319
1711,0.050634,0.848195,9.865185,0.667789,-0.646231,-0.642286,5.003907,-0.189848,-3.392850,0.998610,0.043585,-0.002947,-0.029503
1712,0.030383,0.868268,9.895618,0.292349,-0.583773,-0.218070,5.007299,-0.230320,-3.408895,0.998604,0.043604,-0.003306,-0.029628
1713,0.028547,0.860683,9.931513,0.180927,-0.461645,0.050489,5.009367,-0.236653,-3.413175,0.998602,0.043620,-0.003364,-0.029662
1714,0.014234,0.854251,9.949946,0.568407,-0.401987,0.406016,5.000951,-0.222158,-3.406768,0.998607,0.043551,-0.003233,-0.029612
1715,-0.001352,0.893257,9.962106,0.478392,-0.737436,0.792053,5.021068,-0.191501,-3.388536,0.998604,0.043734,-0.002964,-0.029465
1716,-0.006689,0.900641,9.950543,0.513670,-1.141500,0.862218,5.074003,-0.163822,-3.363915,0.998590,0.044204,-0.002727,-0.029259
1717,0.008863,0.894072,9.916739,0.841897,-1.225199,0.598213,5.127005,-0.159584,-3.343223,0.998575,0.044667,-0.002695,-0.029080
1718,0.004677,0.897742,9.886770,0.565796,-1.090755,0.447131,5.168972,-0.166870,-3.329357,0.998562,0.045031,-0.002764,-0.028955
1719,0.015074,0.902520,9.875741,0.114198,-1.183695,0.141933,5.195487,-0.177193,-3.323027,0.998553,0.045260,-0.002858,-0.028895
1720,0.046207,0.875733,9.870945,-0.194088,-1.147080,-0.117472,5.184441,-0.217276,-3.326097,0.998557,0.045153,-0.003206,-0.028906
1721,0.059794,0.836555,9.873332,-0.502636,-1.148750,-0.161710,5.110600,-0.284093,-3.333915,0.998583,0.044493,-0.003773,-0.028950
1722,0.061385,0.838999,9.902637,-0.042211,-1.373193,-0.366171,5.020362,-0.351622,-3.345990,0.998614,0.043689,-0.004343,-0.029033
1724,0.069296,0.863598,9.920678,0.308543,-1.031463,-0.495867,4.983173,-0.405876,-3.363567,0.998623,0.043350,-0.004813,-0.029167
1725,0.080052,0.898553,9.947543,0.082794,-0.772122,-0.526380,5.007575,-0.447722,-3.383295,0.998607,0.043551,-0.005191,-0.029322
1726,0.075528,0.915617,9.936696,-0.158011,-0.602770,-0.663713,5.064546,-0.474040,-3.405512,0.998579,0.044039,-0.005444,-0.029502
1727,0.082039,0.949705,9.933844,-0.143842,-0.349456,-0.930754,5.146891,-0.485206,-3.434100,0.998540,0.044753,-0.005573,-0.029743
1728,0.093898,0.946464,9.903579,-0.837666,0.239515,-0.996370,5.225295,-0.491132,-3.467050,0.998500,0.045433,-0.005658,-0.030024
1729,0.097283,0.948249,9.899780,-0.847976,0.440855,-1.080291,5.271920,-0.493327,-3.501130,0.998473,0.045837,-0.005703,-0.030318
1730,0.101899,0.911780,9.880910,-0.943944,0.643694,-0.955157,5.275173,-0.494124,-3.533541,0.998463,0.045863,-0.005724,-0.030600
1731,0.099408,0.894785,9.870541,-0.896704,0.713769,-0.630123,5.232021,-0.492589,-3.557663,0.998473,0.045486,-0.005709,-0.030813
1732,0.090950,0.888184,9.864860,-0.498559,0.982256,-0.286782,5.184526,-0.478260,-3.570091,0.998489,0.045076,-0.005576,-0.030929
1733,0.102800,0.876513,9.877874,0.073529,1.188158,-0.042624,5.150669,-0.461631,-3.572062,0.998502,0.044785,-0.005423,-0.030954
1734,0.097401,0.861906,9.867328,0.779851,1.113243,0.093197,5.128559,-0.452497,-3.567476,0.998512,0.044595,-0.005336,-0.030919
1735,0.076533,0.884285,9.862558,2.032526,0.960589,0.041322,5.153570,-0.430554,-3.561966,0.998504,0.044820,-0.005149,-0.030879
1736,0.058383,0.918526,9.882755,2.523975,1.262791,-0.042610,5.249663,-0.379890,-3.558765,0.998468,0.045671,-0.004732,-0.030867
1737,0.044109,0.930629,9.905363,2.131995,1.543706,-0.169277,5.363793,-0.303736,-3.558166,0.998424,0.046686,-0.004099,-0.030888
1738,0.014472,0.935918,9.910597,2.267901,1.479848,-0.323417,5.456958,-0.206620,-3.561653,0.998385,0.047524,-0.003280,-0.030955
1739,0.003692,0.972064,9.950445,2.095574,1.319894,-0.372273,5.550180,-0.104942,-3.568717,0.998344,0.048364,-0.002422,-0.031057
1740,-0.010712,0.993994,9.963870,1.419769,1.344543,-0.262429,5.644695,-0.012822,-3.574922,0.998301,0.049212,-0.001648,-0.031149
1741,-0.017391,1.006853,9.939980,0.969811,0.992239,-0.166314,5.722658,0.063813,-3.578156,0.998265,0.049912,-0.001003,-0.031209
1742,-0.016864,0.992852,9.916524,0.783739,0.685624,-0.051879,5.769755,0.111427,-3.578949,0.998244,0.050335,-0.000601,-0.031236
1743,-0.032194,1.008447,9.908377,0.377867,0.714688,0.090024,5.793981,0.148839,-3.575951,0.998233,0.050556,-0.000280,-0.031227
1744,-0.031782,0.997333,9.898769,-0.081436,0.559116,0.143425,5.799069,0.183964,-3.569935,0.998231,0.050610,0.000027,-0.031190
1745,-0.023631,0.993499,9.894106,0.011574,0.336322,0.086967,5.783829,0.196610,-3.564652,0.998239,0.050481,0.000144,-0.031149
1746,-0.019628,0.967143,9.925812,-0.055755,0.076826,0.036619,5.745276,0.185702,-3.562033,0.998257,0.050142,0.000060,-0.031122
1747,-0.018950,0.990756,9.939144,0.377427,-0.501606,-0.001519,5.714454,0.157154,-3.562267,0.998271,0.049866,-0.000180,-0.031111
1748,0.001376,1.006888,9.943693,-0.196311,-1.011426,0.119045,5.719450,0.099595,-3.562829,0.998270,0.049894,-0.000683,-0.031091
1749,0.005427,0.995589,9.914150,-0.646404,-0.645400,0.259450,5.716419,0.032044,-3.559278,0.998274,0.049849,-0.001269,-0.031031
1750,0.012121,0.984802,9.900800,-0.782225,-0.314428,0.239628,5.689805,-0.015719,-3.552577,0.998288,0.049604,-0.001675,-0.030952
1751,0.022333,0.986487,9.897488,-0.683063,-0.262689,0.221331,5.660850,-0.054687,-3.545870,0.998303,0.049342,-0.002004,-0.030877
1752,0.017620,0.979769,9.898381,-0.899748,0.024079,0.375461,5.633675,-0.080921,-3.536350,0.998317,0.049098,-0.002221,-0.030784
1753,0.003001,0.959147,9.918770,-0.268095,0.259082,0.354097,5.598421,-0.075167,-3.523762,0.998335,0.048793,-0.002156,-0.030677
1754,-0.000942,0.953576,9.931967,0.348229,-0.252007,0.317465,5.569805,-0.056906,-3.512577,0.998350,0.048549,-0.001985,-0.030588
1755,-0.005654,0.944721,9.943470,0.401465,-0.889730,0.415114,5.548063,-0.054373,-3.502239,0.998362,0.048360,-0.001953,-0.030499
1756,-0.013227,0.952735,9.928371,0.370808,-0.868221,0.437988,5.533035,-0.055616,-3.490898,0.998372,0.048229,-0.001955,-0.030400
1757,-0.006711,0.940065,9.912493,-0.149655,-0.938265,0.355575,5.512415,-0.056912,-3.480617,0.998383,0.048049,-0.001956,-0.030310
1758,0.006169,0.931786,9.891418,-0.856322,-1.423432,0.340307,5.462778,-0.081793,-3.472816,0.998406,0.047610,-0.002157,-0.030233
1759,0.013871,0.934634,9.894924,-1.512602,-1.528706,0.314366,5.396909,-0.128717,-3.466586,0.998435,0.047024,-0.002546,-0.030161
1760,0.023600,0.935156,9.893051,-2.095549,-1.162488,0.227388,5.328247,-0.174954,-3.461776,0.998464,0.046414,-0.002928,-0.030101
1761,0.037125,0.913230,9.899493,-2.539629,-1.101481,0.093110,5.243708,-0.219200,-3.459904,0.998499,0.045665,-0.003291,-0.030070
1762,0.045364,0.910801,9.895672,-2.719716,-0.944365,0.024449,5.150375,-0.264181,-3.461008,0.998535,0.044840,-0.003659,-0.030064
1763,0.061031,0.890079,9.885038,-2.960806,-0.445474,0.015300,5.057018,-0.304710,-3.462390,0.998571,0.044016,-0.003988,-0.030064
1764,0.076986,0.862057,9.895274,-3.014269,-0.087033,-0.006049,4.946337,-0.343899,-3.462901,0.998612,0.043041,-0.004301,-0.030057
1765,0.083445,0.859586,9.907327,-2.602314,-0.035335,0.029064,4.843964,-0.382793,-3.462577,0.998649,0.042139,-0.004613,-0.030044
1766,0.079682,0.842545,9.893682,-2.207075,0.016404,0.141994,4.768584,-0.411859,-3.459745,0.998677,0.041474,-0.004845,-0.030012
1767,0.075676,0.822266,9.900645,-1.778288,-0.160670,0.175570,4.702475,-0.428234,-3.454646,0.998702,0.040894,-0.004969,-0.029964
1768,0.061158,0.829512,9.928442,-1.009187,-0.236932,0.044338,4.662990,-0.428210,-3.451584,0.998717,0.040550,-0.004957,-0.029939
1769,0.042220,0.828805,9.928944,-0.372755,-0.157410,-0.039603,4.664240,-0.399841,-3.452226,0.998717,0.040568,-0.004710,-0.029955
1770,0.035496,0.804351,9.928758,-0.291830,-0.273127,-0.038098,4.663301,-0.356075,-3.454176,0.998717,0.040571,-0.004330,-0.029987
1771,0.040606,0.822270,9.930978,-0.041553,-0.549108,-0.074738,4.662724,-0.327144,-3.457196,0.998717,0.040574,-0.004078,-0.030024
1772,0.063699,0.825098,9.922593,0.126406,-0.477335,-0.143410,4.685580,-0.332804,-3.462337,0.998708,0.040772,-0.004135,-0.030066
1773,0.075155,0.834991,9.907836,0.431739,-0.265323,-0.187655,4.724571,-0.363310,-3.469029,0.998691,0.041103,-0.004414,-0.030112
1774,0.088908,0.863759,9.889703,0.795174,-0.067120,-0.225791,4.798218,-0.401603,-3.476715,0.998662,0.041734,-0.004770,-0.030162
1775,0.094104,0.865687,9.884852,0.780231,0.416405,-0.190681,4.887686,-0.434091,-3.483618,0.998627,0.042505,-0.005079,-0.030206
1776,0.090292,0.858958,9.898416,1.160373,0.787052,-0.196772,4.957222,-0.443998,-3.488646,0.998599,0.043108,-0.005186,-0.030243
1777,0.067107,0.857155,9.903783,1.299273,0.967093,-0.195245,5.006402,-0.418221,-3.492698,0.998580,0.043544,-0.004975,-0.030286
1778,0.043628,0.848784,9.919524,1.096241,0.887894,-0.218147,5.029503,-0.356905,-3.496727,0.998571,0.043761,-0.004449,-0.030344
1779,0.029284,0.831386,9.934126,1.016652,0.534115,-0.242581,5.016580,-0.285193,-3.501986,0.998576,0.043667,-0.003822,-0.030418
1780,0.020947,0.831144,9.939036,1.028538,0.035373,-0.335681,4.986444,-0.227771,-3.510423,0.998585,0.043420,-0.003317,-0.030514
1781,0.015321,0.852014,9.943104,0.810112,-0.207047,-0.370794,4.973777,-0.188977,-3.522215,0.998587,0.043320,-0.002980,-0.030632
1782,0.016532,0.883067,9.953657,0.886415,-0.487662,-0.360126,5.003069,-0.168252,-3.535347,0.998573,0.043580,-0.002813,-0.030753
1783,0.041608,0.876249,9.924846,0.730862,-0.747053,-0.236528,5.048528,-0.184790,-3.547103,0.998552,0.043971,-0.002973,-0.030848
1784,0.065209,0.884851,9.908625,0.395223,-0.635835,-0.128172,5.080249,-0.242117,-3.555243,0.998537,0.044232,-0.003485,-0.030896
1785,0.094572,0.896564,9.888765,0.203059,-0.343186,-0.057950,5.110886,-0.324008,-3.559891,0.998523,0.044477,-0.004208,-0.030904
1786,0.101445,0.882977,9.873980,0.074948,-0.126880,0.032112,5.128791,-0.407221,-3.561108,0.998515,0.044610,-0.004939,-0.030881
1787,0.103298,0.883218,9.886906,0.288560,-0.127180,0.041295,5.131535,-0.471720,-3.560252,0.998513,0.044616,-0.005501,-0.030848
1788,0.089571,0.905469,9.894438,0.364905,0.067983,0.073352,5.152174,-0.504047,-3.558529,0.998504,0.044788,-0.005788,-0.030820
1789,0.079599,0.885294,9.899245,-0.074524,0.164117,0.145071,5.164368,-0.500469,-3.554619,0.998501,0.044895,-0.005758,-0.030786
1790,0.048947,0.892614,9.914939,0.505286,0.095625,0.055025,5.163272,-0.461266,-3.550836,0.998503,0.044896,-0.005415,-0.030769
1791,0.032361,0.927055,9.909015,0.752594,0.156990,-0.053346,5.205770,-0.391247,-3.550573,0.998488,0.045286,-0.004816,-0.030793
1792,0.027609,0.912147,9.886790,-0.139907,0.515919,-0.009126,5.248909,-0.312399,-3.550782,0.998472,0.045683,-0.004141,-0.030824
1793,0.038080,0.896086,9.908467,-0.521400,0.633631,-0.070182,5.235754,-0.249863,-3.550340,0.998478,0.045585,-0.003592,-0.030846
1794,0.039857,0.907864,9.923776,-0.262052,0.784774,-0.181581,5.210704,-0.210766,-3.552317,0.998487,0.045377,-0.003245,-0.030879
1795,0.041869,0.891095,9.916862,-0.669531,0.880900,-0.177003,5.183887,-0.183838,-3.555711,0.998497,0.045151,-0.003005,-0.030920
1796,0.046172,0.855468,9.936545,-0.903224,0.549700,-0.198357,5.112442,-0.174408,-3.559644,0.998524,0.044531,-0.002905,-0.030960
1797,0.044182,0.860783,9.953367,-0.386223,0.071979,-0.244125,5.033244,-0.184820,-3.565869,0.998553,0.043838,-0.002977,-0.031012
1798,0.038268,0.851557,9.931350,-0.192633,-0.240911,-0.288370,4.983341,-0.202065,-3.574812,0.998569,0.043398,-0.003117,-0.031085
1799,0.028879,0.860180,9.908384,0.219264,-0.518629,-0.376873,4.963271,-0.213642,-3.586884,0.998574,0.043220,-0.003217,-0.031186
1800,0.033087,0.872218,9.903975,0.458867,-0.729167,-0.437914,4.981017,-0.225360,-3.602241,0.998563,0.043371,-0.003330,-0.031315
1801,0.041658,0.875760,9.887613,0.608508,-0.762733,-0.434863,5.018901,-0.247811,-3.618976,0.998544,0.043694,-0.003542,-0.031451
1802,0.050249,0.880392,9.877274,0.636078,-0.584238,-0.479111,5.060408,-0.276517,-3.636211,0.998523,0.044047,-0.003810,-0.031589
1803,0.047471,0.887401,9.888776,0.634647,-0.240931,-0.495895,5.100615,-0.294103,-3.653707,0.998502,0.044392,-0.003981,-0.031733
1804,0.048674,0.890139,9.894214,0.834615,-0.268388,-0.453170,5.139544,-0.299020,-3.670292,0.998482,0.044729,-0.004041,-0.031875
1805,0.052902,0.900029,9.899087,0.610367,-0.482013,-0.323467,5.176465,-0.309317,-3.684372,0.998464,0.045048,-0.004147,-0.031992
1806,0.057627,0.897089,9.898457,0.415088,-0.202787,-0.267006,5.201293,-0.323633,-3.695246,0.998451,0.045260,-0.004283,-0.032080
1807,0.054521,0.902227,9.909595,0.773682,-0.024263,-0.308205,5.221558,-0.328289,-3.705140,0.998440,0.045434,-0.004333,-0.032164
1808,0.062687,0.916881,9.902359,1.149105,-0.198233,-0.302100,5.262918,-0.334141,-3.715662,0.998420,0.045793,-0.004400,-0.032251
1809,0.066803,0.907693,9.908721,0.808850,-0.102155,-0.238006,5.300885,-0.349416,-3.725124,0.998402,0.046119,-0.004547,-0.032326
1810,0.060916,0.919031,9.915336,1.103331,0.212151,-0.288359,5.328233,-0.353659,-3.733667,0.998389,0.046356,-0.004595,-0.032398
1811,0.052891,0.927835,9.931558,1.135379,-0.076216,-0.276155,5.366082,-0.344023,-3.742826,0.998371,0.046688,-0.004526,-0.032480
1812,0.049418,0.932506,9.926664,1.048407,-0.440839,-0.234962,5.403803,-0.337151,-3.752115,0.998353,0.047018,-0.004481,-0.032562
1813,0.049103,0.938604,9.917365,0.879032,-0.546052,-0.196820,5.436407,-0.337543,-3.760824,0.998337,0.047302,-0.004497,-0.032637
1814,0.048538,0.945512,9.907940,0.949236,-0.681785,-0.262443,5.469270,-0.342139,-3.770394,0.998321,0.047586,-0.004550,-0.032717
1815,0.053430,0.959487,9.912575,1.051522,-0.846524,-0.300597,5.512588,-0.354213,-3.782222,0.998299,0.047960,-0.004673,-0.032813
1816,0.065655,0.961222,9.910985,0.859313,-0.840412,-0.236510,5.556029,-0.379843,-3.793909,0.998277,0.048330,-0.004913,-0.032902
1817,0.071280,0.952086,9.903758,0.784518,-0.715322,-0.231928,5.578445,-0.412118,-3.804161,0.998264,0.048516,-0.005205,-0.032977
1818,0.065751,0.976840,9.914083,0.854700,-0.494061,-0.267025,5.603700,-0.430924,-3.814391,0.998250,0.048730,-0.005381,-0.033057
1819,0.071431,0.989699,9.923435,0.558764,-0.356691,-0.169370,5.646061,-0.437054,-3.823155,0.998230,0.049096,-0.005450,-0.033129
1821,0.074188,0.965650,9.904984,0.123884,-0.121679,-0.105283,5.659342,-0.440473,-3.828507,0.998222,0.049211,-0.005486,-0.033173
1822,0.074293,0.981090,9.899045,0.285581,0.250662,-0.178528,5.655923,-0.434866,-3.832923,0.998223,0.049182,-0.005438,-0.033214
1823,0.093563,0.986209,9.896008,-0.108084,0.378778,-0.091544,5.663702,-0.436195,-3.836405,0.998218,0.049250,-0.005453,-0.033244
1824,0.105284,0.954136,9.887499,-0.343154,0.508300,-0.019807,5.640645,-0.457994,-3.836671,0.998228,0.049042,-0.005637,-0.033238
1825,0.093840,0.944525,9.875504,0.021323,0.978116,-0.131182,5.591405,-0.467096,-3.836382,0.998249,0.048611,-0.005702,-0.033234
1826,0.076505,0.959547,9.891182,0.181394,1.069633,-0.068614,5.564415,-0.440531,-3.836120,0.998261,0.048384,-0.005462,-0.033244
1827,0.077743,0.948109,9.899907,-0.116258,0.814816,0.058038,5.546230,-0.406766,-3.833102,0.998270,0.048235,-0.005162,-0.033233
1828,0.053220,0.952763,9.900174,0.082016,1.109382,0.007676,5.526551,-0.362573,-3.828779,0.998280,0.048077,-0.004769,-0.033215
1829,0.030872,0.950572,9.897485,0.213186,1.153823,0.006134,5.519479,-0.287070,-3.824842,0.998285,0.048037,-0.004108,-0.033212
1830,0.030316,0.976838,9.910669,0.053010,0.566538,0.086988,5.533107,-0.219036,-3.820572,0.998281,0.048176,-0.003517,-0.033203
1831,0.038915,0.988980,9.909230,-0.309977,0.383499,0.064092,5.565611,-0.189148,-3.816678,0.998268,0.048468,-0.003265,-0.033181
1832,0.027396,0.965359,9.891122,-0.370897,0.687175,0.009157,5.577598,-0.167994,-3.813817,0.998264,0.048579,-0.003082,-0.033165
1833,0.028292,0.977947,9.891470,-0.378475,0.578859,0.027465,5.575432,-0.142237,-3.811191,0.998266,0.048567,-0.002856,-0.033153
1834,0.038134,0.985700,9.908381,-0.526373,0.296514,0.061039,5.583609,-0.137498,-3.808366,0.998263,0.048640,-0.002816,-0.033130
1835,0.035831,0.973128,9.914272,-0.555280,0.360506,0.086989,5.582640,-0.146276,-3.804889,0.998264,0.048629,-0.002891,-0.033096
1836,0.039918,0.953376,9.907765,-0.511071,0.436702,0.151088,5.556319,-0.153715,-3.799623,0.998277,0.048398,-0.002946,-0.033048
1837,0.040835,0.957691,9.906446,-0.473003,0.229067,0.169410,5.523798,-0.165169,-3.793181,0.998293,0.048111,-0.003034,-0.032988
1838,0.038753,0.944323,9.914513,-0.196889,0.003138,0.083967,5.496956,-0.180274,-3.788553,0.998305,0.047873,-0.003156,-0.032942
1839,0.032976,0.950696,9.909694,-0.120659,0.112960,0.019883,5.478325,-0.187485,-3.786600,0.998313,0.047709,-0.003212,-0.032922
1840,0.025422,0.936394,9.898624,-0.216853,0.277780,-0.009112,5.460522,-0.176823,-3.785761,0.998321,0.047557,-0.003114,-0.032920
1841,0.015751,0.934458,9.897851,-0.042993,0.134427,-0.109831,5.437325,-0.152857,-3.787026,0.998330,0.047362,-0.002899,-0.032942
1842,0.015934,0.943042,9.910246,0.022577,0.104007,-0.239543,5.427834,-0.128723,-3.792424,0.998333,0.047286,-0.002688,-0.032999
1843,0.015253,0.946420,9.895645,-0.052172,0.549645,-0.280749,5.431864,-0.103462,-3.800036,0.998329,0.047328,-0.002472,-0.033075
1844,0.022340,0.946489,9.886013,-0.470226,0.862470,-0.178513,5.432805,-0.077256,-3.805447,0.998326,0.047344,-0.002247,-0.033133
1845,0.024196,0.915172,9.879251,-0.557273,1.446840,-0.173930,5.401910,-0.050105,-3.807642,0.998338,0.047083,-0.002002,-0.033164
1846,-0.004076,0.949766,9.894322,0.098835,2.345618,-0.265486,5.386390,0.014995,-3.808974,0.998344,0.046966,-0.001431,-0.033203
1847,-0.025737,0.978870,9.888078,-0.009272,3.304037,-0.086966,5.434333,0.136892,-3.805920,0.998322,0.047419,-0.000382,-0.033226
1848,-0.037196,0.949442,9.871550,-1.237426,4.331125,0.234990,5.457160,0.291525,-3.791332,0.998312,0.047663,0.000965,-0.033163
1849,-0.055946,0.929632,9.852337,-1.010068,5.539730,0.251770,5.418863,0.469252,-3.767725,0.998327,0.047379,0.002534,-0.033030
1850,-0.099133,0.952522,9.831616,-1.206880,7.024548,0.305168,5.388608,0.695271,-3.738698,0.998335,0.047179,0.004524,-0.032869
1851,-0.154469,0.927175,9.819706,-2.192549,9.177766,0.448593,5.348176,0.990509,-3.700784,0.998340,0.046907,0.007123,-0.032657
1852,-0.209699,0.888894,9.855907,-3.314168,12.084794,0.682045,5.244829,1.369993,-3.649587,0.998357,0.046108,0.010480,-0.032354
1853,-0.304352,0.850087,9.857414,-3.895714,15.617516,1.420571,5.092782,1.867684,-3.573902,0.998372,0.044908,0.014889,-0.031872
1854,-0.439283,0.824213,9.871535,-3.854727,19.469305,2.142295,4.925415,2.515915,-3.464975,0.998351,0.043602,0.020625,-0.031141
1855,-0.544481,0.796763,9.895478,-3.380377,22.716902,2.529834,4.768970,3.296197,-3.329628,0.998264,0.042405,0.027516,-0.030211
1856,-0.661532,0.730991,9.863021,-2.791654,25.141981,2.734261,4.619220,4.160857,-3.179725,0.998104,0.041264,0.035142,-0.029166
1857,-0.810528,0.718043,9.815762,0.874826,26.173862,2.599930,4.535545,5.078083,-3.026628,0.997841,0.040686,0.043206,-0.028115
1858,-0.954092,0.780257,9.818193,3.900594,26.122311,1.611093,4.600196,6.008020,-2.888407,0.997451,0.041385,0.051337,-0.027251
1859,-1.078065,0.815768,9.775613,4.356905,25.738018,0.648221,4.762045,6.914183,-2.777992,0.996965,0.042917,0.059226,-0.026680
1860,-1.223645,0.839728,9.721100,4.955181,25.964024,0.010383,4.951183,7.804938,-2.690628,0.996406,0.044678,0.066964,-0.026341
1861,-1.364968,0.912867,9.715112,6.661359,27.236774,-0.184920,5.195304,8.714457,-2.609001,0.995749,0.046907,0.074848,-0.026119
1862,-1.548109,0.952259,9.673618,5.434791,30.444437,-0.546539,5.465780,9.705544,-2.522447,0.994952,0.049357,0.083433,-0.025939
1863,-1.786692,1.006755,9.680851,6.077496,34.905064,-0.340524,5.734242,10.859577,-2.419665,0.993945,0.051780,0.093435,-0.025725
1864,-2.016126,1.033434,9.679277,6.305127,39.085094,-0.230660,6.019991,12.189606,-2.290201,0.992666,0.054322,0.104963,-0.025418
1865,-2.272847,1.067086,9.667431,6.090176,42.393902,0.036356,6.302022,13.660187,-2.135062,0.991108,0.056781,0.117708,-0.025007
1866,-2.548635,1.088126,9.651773,4.706290,44.042572,0.054624,6.551298,15.224995,-1.960542,0.989293,0.058890,0.131268,-0.024498
1867,-2.784720,1.135859,9.650150,3.830500,42.474518,-0.033923,6.761181,16.777491,-1.781174,0.987327,0.060594,0.144710,-0.023952
1868,-2.965657,1.120999,9.566045,1.141847,37.892529,-0.159084,6.898934,18.181110,-1.615962,0.985419,0.061630,0.156856,-0.023404
1869,-3.140954,1.120402,9.475622,1.483584,32.500034,0.429885,6.976708,19.370150,-1.466593,0.983709,0.062123,0.167140,-0.022828
1870,-3.287076,1.132647,9.377625,2.803435,28.202972,1.147052,7.085793,20.361422,-1.312441,0.982185,0.062839,0.175707,-0.022173
1871,-3.392071,1.131332,9.241364,3.363392,26.292339,1.548370,7.235260,21.221889,-1.148091,0.980776,0.063857,0.183142,-0.021446
1872,-3.517366,1.118208,9.102833,5.083011,28.579502,2.914060,7.428865,22.080614,-0.951368,0.979294,0.065169,0.190563,-0.020537
1873,-3.678700,1.155242,9.013178,6.686655,33.143452,3.293987,7.699882,23.068083,-0.702503,0.977494,0.067009,0.199092,-0.019418
1874,-3.856894,1.187373,8.985167,5.499401,37.319881,2.689689,7.996498,24.213987,-0.427261,0.975317,0.068955,0.208972,-0.018261
1875,-4.043100,1.179118,8.962286,3.672680,39.462227,1.812205,8.222037,25.461477,-0.165089,0.972883,0.070243,0.219702,-0.017200
1876,-4.252245,1.208708,8.921428,3.355011,39.326305,1.358892,8.389698,26.733562,0.075409,0.970315,0.071015,0.230611,-0.016272
1877,-4.450420,1.290720,8.857631,1.734314,36.747326,0.128941,8.542700,27.952168,0.295249,0.967745,0.071654,0.241031,-0.015495
1878,-4.589228,1.255187,8.696614,1.453431,34.235420,0.116708,8.665246,29.076399,0.487695,0.965286,0.072062,0.250617,-0.014856
1879,-4.809259,1.311140,8.576447,3.978759,35.156921,1.123800,8.846839,30.186218,0.703878,0.962733,0.072870,0.260065,-0.014170
1880,-4.988248,1.377266,8.400125,4.857814,37.191029,1.421420,9.164438,31.377552,0.989151,0.959818,0.074584,0.270201,-0.013319
1881,-5.172333,1.371027,8.275454,4.104181,39.020782,1.223127,9.517723,32.654526,1.308210,0.956567,0.076413,0.281045,-0.012403
1882,-5.334666,1.297669,8.111929,3.850835,40.398895,1.033849,9.808600,33.994640,1.611598,0.953074,0.077653,0.292378,-0.011589
1883,-5.537419,1.317244,8.018671,2.628358,41.995193,0.275293,10.034029,35.385052,1.891685,0.949361,0.078306,0.304078,-0.010907
1884,-5.682594,1.283907,7.839338,-0.336787,41.511600,-0.892253,10.160878,36.788521,2.134254,0.945536,0.078161,0.315825,-0.010336
1885,-5.863353,1.274510,7.702925,-1.232830,41.809219,-0.514075,10.203708,38.180355,2.354284,0.941660,0.077326,0.327418,-0.009741
1886,-6.059444,1.281574,7.549084,-1.326193,43.132252,0.477548,10.272799,39.593235,2.621610,0.937571,0.076497,0.339161,-0.008876
1887,-6.263876,1.297878,7.407965,-1.276020,44.493477,1.643189,10.419968,41.048336,2.972834,0.933167,0.075956,0.351242,-0.007633
1888,-6.461063,1.322558,7.263221,-0.571127,44.695000,2.851631,10.668245,42.518463,3.417410,0.928506,0.075834,0.363441,-0.006024
1889,-6.631691,1.316500,7.110475,0.826569,44.763702,4.130302,11.024902,43.970516,3.946974,0.923683,0.076191,0.375483,-0.004156
1890,-6.812186,1.333564,6.945687,1.739014,44.075489,4.308783,11.466673,45.392467,4.531469,0.918755,0.076913,0.387259,-0.002225
1891,-6.971168,1.360427,6.741501,2.450059,42.840992,4.032559,11.968696,46.779175,5.141587,0.913763,0.077884,0.398712,-0.000403
1892,-7.147710,1.402188,6.586247,2.634693,41.841484,3.797571,12.517873,48.125488,5.772411,0.908744,0.079013,0.409805,0.001307
1893,-7.308383,1.415965,6.396159,2.859007,40.890812,3.797578,13.100288,49.437149,6.424268,0.903698,0.080180,0.420585,0.002941
1894,-7.458772,1.437808,6.182621,2.929193,41.174686,3.443543,13.713365,50.750595,7.099340,0.898505,0.081318,0.431343,0.004476
1895,-7.633771,1.470529,5.977769,2.485162,43.115841,2.593577,14.360432,52.124218,7.808038,0.892944,0.082342,0.442533,0.005896
1896,-7.777321,1.479610,5.768120,2.138793,46.148117,2.048778,15.044803,53.596752,8.565296,0.886853,0.083149,0.454450,0.007225
1897,-7.951494,1.468949,5.565192,2.097568,49.084290,1.365048,15.766042,55.174225,9.371997,0.880187,0.083677,0.467118,0.008421
1898,-8.111649,1.456013,5.330832,2.228714,51.095772,0.571361,16.522963,56.840057,10.217578,0.872988,0.083931,0.480375,0.009387
1899,-8.256447,1.474629,5.089566,2.480404,51.762894,-0.200978,17.343037,58.546947,11.115617,0.865411,0.084081,0.493854,0.010140
1900,-8.385646,1.472786,4.876227,2.845016,50.900913,-0.236265,18.242689,60.221458,12.077317,0.857746,0.084265,0.507007,0.010766
1901,-8.486189,1.495295,4.655036,3.542279,47.998566,-0.036504,19.228779,61.784653,13.102230,0.850339,0.084633,0.519261,0.011338
1902,-8.565144,1.492083,4.390675,4.010667,44.282772,0.116009,20.292051,63.206181,14.174970,0.843364,0.085240,0.530407,0.011836
1903,-8.668831,1.528247,4.217475,3.932785,40.768284,-0.584410,21.375616,64.481987,15.248054,0.836918,0.085925,0.540404,0.012205
1904,-8.779610,1.559313,4.033675,3.070596,36.026806,-0.994809,22.418243,65.594879,16.278358,0.831158,0.086531,0.549120,0.012504
1905,-8.856823,1.544955,3.852880,2.876755,31.266972,-0.233296,23.397665,66.542130,17.252033,0.826139,0.087041,0.556555,0.012815
1906,-8.959423,1.522128,3.695744,2.847675,28.272633,0.123754,24.317703,67.365158,18.167309,0.821696,0.087473,0.563021,0.013081
1907,-9.002975,1.525644,3.532749,3.219898,28.008221,-0.460750,25.225327,68.147575,19.060892,0.817427,0.087849,0.569141,0.013187
1908,-9.080157,1.527859,3.358664,3.332731,30.138096,-1.055941,26.224173,68.981209,20.034653,0.812838,0.088197,0.575624,0.013128
1909,-9.115990,1.481563,3.174114,4.174955,34.322006,-1.097306,27.419746,69.939774,21.196325,0.807509,0.088492,0.583037,0.012898
1910,-9.152716,1.461627,2.949842,4.557869,39.555904,-2.199288,28.913118,71.071297,22.645657,0.801139,0.088697,0.591738,0.012439
1911,-9.264293,1.471447,2.741856,4.364013,44.519840,-3.800245,30.791828,72.380478,24.481018,0.793646,0.088697,0.601764,0.011771
1912,-9.335395,1.462231,2.513320,4.078623,47.379562,-4.044617,33.149071,73.795586,26.806229,0.785303,0.088525,0.612650,0.011067
1913,-9.376645,1.420865,2.248647,4.308997,48.083138,-3.423799,36.084362,75.222839,29.715168,0.776502,0.088348,0.623804,0.010436
1914,-9.455291,1.406938,2.032879,4.043434,47.086735,-3.770431,39.568306,76.584534,33.174225,0.767677,0.088145,0.634670,0.009814
1915,-9.580898,1.426781,1.815216,3.707675,44.036274,-4.924202,43.448639,77.821083,37.031960,0.759274,0.087808,0.644756,0.009105
1916,-9.580227,1.386518,1.560459,3.455845,39.816883,-5.115064,47.599995,78.907486,41.158943,0.751530,0.087337,0.653840,0.008260
1917,-9.655772,1.375026,1.351851,3.059050,35.605072,-6.015471,51.888557,79.845627,45.422493,0.744549,0.086702,0.661874,0.007258
1918,-9.691345,1.386287,1.142108,2.505098,31.696896,-6.909669,56.257099,80.646736,49.769077,0.738308,0.085931,0.668938,0.006170
1919,-9.668918,1.342943,0.937401,2.074762,29.166676,-7.042348,60.816738,81.337616,54.313320,0.732594,0.085066,0.675310,0.005077
1920,-9.610528,1.275548,0.739909,1.884004,28.734686,-6.830215,65.882629,81.958580,59.370232,0.727024,0.084094,0.681431,0.003963
1921,-9.614952,1.255161,0.563340,1.955714,30.210192,-7.252872,71.977608,82.522148,65.458252,0.721196,0.083088,0.687724,0.002845
1922,-9.621960,1.197365,0.386450,2.225804,32.845455,-7.164345,79.610893,83.009331,73.082245,0.714823,0.082082,0.694470,0.001703
1924,-9.615536,1.104506,0.184701,2.942994,35.177132,-7.304844,89.052345,83.386627,82.502541,0.707780,0.081003,0.701774,0.000348
1925,-9.677871,1.095911,-0.045606,3.539650,36.385841,-8.020662,100.098312,83.575691,93.507408,0.700135,0.079927,0.709522,-0.001241
1926,-9.708385,1.065410,-0.283358,3.710587,36.251865,-7.320335,111.679443,83.486809,105.033737,0.692128,0.079044,0.717428,-0.002794
1927,-9.738037,1.010700,-0.523929,3.658751,35.071198,-5.715127,122.333855,83.114532,115.628288,0.684048,0.078425,0.725197,-0.004134
1928,-9.730530,0.992238,-0.775239,3.751888,33.255852,-4.346416,131.188217,82.512505,124.417091,0.676067,0.078149,0.732666,-0.005189
1929,-9.712757,0.948219,-0.980631,3.295693,32.229454,-3.241671,138.178528,81.759331,131.343399,0.668249,0.078119,0.739800,-0.005968
1930,-9.649261,0.875452,-1.177897,3.039404,32.133858,-2.962560,143.837006,80.923439,136.946762,0.660511,0.078029,0.746721,-0.006689
1931,-9.603516,0.884712,-1.363024,3.259203,32.387665,-3.827908,148.563950,80.024864,141.619843,0.652722,0.077842,0.753551,-0.007481
1932,-9.552292,0.863116,-1.531712,3.051726,32.327057,-3.774566,152.448883,79.079369,145.453156,0.644941,0.077650,0.760232,-0.008242
1933,-9.513177,0.828750,-1.678899,2.792356,31.700193,-3.121535,155.569473,78.123863,148.529526,0.637366,0.077468,0.766606,-0.008894
1934,-9.476636,0.840019,-1.850942,3.306607,30.214109,-2.170892,157.972275,77.179741,150.881866,0.630130,0.077529,0.772552,-0.009374
1935,-9.511977,0.903189,-2.026941,3.657537,28.148119,-1.020140,159.652573,76.256813,152.495987,0.623327,0.078126,0.777991,-0.009505
1936,-9.566780,0.912840,-2.197384,3.849729,25.544937,0.794546,160.720230,75.383156,153.483932,0.617101,0.079260,0.782827,-0.009261
1937,-9.561208,0.913081,-2.346827,4.151777,22.869982,2.606174,161.362259,74.579735,154.028259,0.611511,0.080821,0.787048,-0.008811
1938,-9.551803,0.945876,-2.528812,4.804786,20.399555,3.541928,161.726044,73.831459,154.269501,0.606400,0.082777,0.790796,-0.008268
1939,-9.545638,0.998205,-2.670413,5.520340,18.573160,3.121204,161.955521,73.126427,154.351151,0.601620,0.084988,0.794210,-0.007776
1940,-9.486444,0.953445,-2.760334,5.756771,16.795582,3.968448,162.155869,72.483971,154.382553,0.597241,0.087233,0.797269,-0.007508
1941,-9.403275,0.922666,-2.829970,6.504439,16.845989,3.481817,162.443268,71.893318,154.477203,0.593116,0.089356,0.800107,-0.007654
1942,-9.337767,0.883710,-2.905813,7.400171,18.258997,2.259506,162.951675,71.309029,154.765732,0.588845,0.091214,0.803039,-0.008386
1943,-9.290848,0.895036,-2.946199,7.716063,19.995382,0.231434,163.671112,70.715904,155.254593,0.584330,0.092705,0.806146,-0.009607
1944,-9.297004,0.846677,-3.005485,7.659631,21.855164,-0.957436,164.546478,70.119873,155.906128,0.579651,0.093760,0.809375,-0.011173
1945,-9.227487,0.762520,-3.065122,7.928269,25.231544,-1.913023,165.615509,69.487328,156.752213,0.574554,0.094372,0.812901,-0.013157
1946,-9.126289,0.717087,-3.200312,6.678659,27.494017,-2.661201,166.809692,68.767128,157.743118,0.568739,0.094590,0.816918,-0.015274
1947,-9.097247,0.779103,-3.401530,5.326772,28.465761,-3.389360,167.902664,67.944778,158.686096,0.562258,0.094642,0.821355,-0.016882
1948,-9.039210,0.760592,-3.580464,4.206760,29.211864,-2.428091,168.785583,67.039902,159.466171,0.555304,0.094788,0.826036,-0.017800
1949,-8.910297,0.710297,-3.738156,2.938743,28.969307,-1.860502,169.524078,66.090698,160.135223,0.548086,0.094945,0.830814,-0.018286
1950,-8.885013,0.762843,-3.918332,1.522679,26.750753,-1.985588,170.092896,65.158195,160.679535,0.541055,0.095037,0.835400,-0.018290
1951,-8.899209,0.756636,-4.053537,0.600949,23.888189,-0.634975,170.443100,64.313972,161.043030,0.534763,0.095198,0.839434,-0.017782
1952,-8.858705,0.734577,-4.141321,-0.267372,21.826550,-0.355599,170.662735,63.583393,161.297043,0.529348,0.095343,0.842858,-0.017059
1953,-8.814597,0.695127,-4.263341,-1.973383,20.585770,-0.244186,170.843872,62.927319,161.547546,0.524477,0.095201,0.845930,-0.016219
1954,-8.779415,0.752048,-4.410089,-3.914391,21.139544,0.238046,170.929337,62.266121,161.761261,0.519621,0.094873,0.848983,-0.014859
1955,-8.739037,0.778361,-4.537632,-4.659126,22.093214,0.157330,170.910202,61.555340,161.920609,0.514460,0.094521,0.852191,-0.012912
1956,-8.653534,0.854342,-4.659050,-4.703525,23.391829,-1.230976,170.875244,60.790310,162.092422,0.508890,0.094065,0.855609,-0.010722
1957,-8.550841,0.813015,-4.759759,-5.845061,23.478924,-1.108615,170.863403,59.992794,162.314255,0.503037,0.093366,0.859165,-0.008451
1958,-8.487404,0.843100,-4.842909,-5.173762,22.432211,-1.633331,170.878159,59.223766,162.569031,0.497345,0.092482,0.862586,-0.006301
1959,-8.412663,0.795708,-4.901814,-3.808129,20.144781,-1.389071,170.942383,58.541317,162.835281,0.492230,0.091596,0.865620,-0.004629
1960,-8.368156,0.813407,-4.990220,-3.071134,18.321114,-0.983160,171.033646,57.950397,163.083618,0.487754,0.090829,0.868236,-0.003397
1961,-8.332526,0.754191,-5.052096,-3.101626,16.376808,0.152043,171.112518,57.438560,163.292526,0.483863,0.090193,0.870480,-0.002374
1962,-8.298367,0.727327,-5.110098,-1.892974,14.954273,0.376106,171.222275,57.002728,163.493866,0.480507,0.089641,0.872396,-0.001742
1963,-8.254858,0.822702,-5.188581,-1.961588,14.183296,0.946659,171.273224,56.599796,163.619095,0.477434,0.089371,0.874110,-0.001039
1964,-8.242654,0.885589,-5.284306,-1.848772,13.371183,1.311462,171.192383,56.200344,163.622696,0.474483,0.089475,0.875705,0.000154
1965,-8.178298,0.854334,-5.337050,-1.211043,12.220374,1.647290,171.096359,55.819050,163.594498,0.471677,0.089740,0.877192,0.001309
1966,-8.150423,0.884824,-5.397831,0.488767,11.701327,2.089880,171.039368,55.459148,163.557388,0.468998,0.090213,0.878577,0.002102
1967,-8.087391,0.905332,-5.416980,1.425586,12.163437,1.305661,171.018845,55.102596,163.517563,0.466311,0.090855,0.879939,0.002602
1968,-8.062099,0.869164,-5.534047,0.366544,13.672412,-0.523876,171.094971,54.706284,163.586288,0.463238,0.091099,0.881534,0.002856
1969,-7.998997,0.886748,-5.589338,-1.531713,15.425660,-0.470466,171.199478,54.237579,163.739990,0.459583,0.090880,0.883467,0.003328
1970,-7.917687,0.890236,-5.646555,-3.161432,17.084351,-1.166243,171.254288,53.702892,163.912003,0.455452,0.090382,0.885650,0.004335
1971,-7.854903,0.881033,-5.737578,-5.279432,17.778719,-1.662135,171.285904,53.120216,164.130600,0.450956,0.089475,0.888031,0.005757
1972,-7.869646,0.981248,-5.881116,-5.970766,17.182209,-1.457521,171.233551,52.523239,164.322708,0.446402,0.088448,0.890417,0.007729
1973,-7.762689,0.886227,-5.881485,-4.650908,15.052085,-0.370960,171.164871,51.980354,164.476837,0.442263,0.087588,0.892547,0.009595
1974,-7.736948,0.876266,-5.945945,-3.011983,12.969148,-1.384288,171.207382,51.536446,164.672821,0.438787,0.086715,0.894334,0.010612
1975,-7.710953,0.900345,-5.986019,-1.926963,11.185191,-1.353905,171.303421,51.179482,164.878693,0.435934,0.085864,0.895804,0.011120
1976,-7.645249,0.898696,-6.002296,-1.008301,9.591903,-1.740067,171.409576,50.891991,165.064194,0.433609,0.085126,0.896999,0.011370
1977,-7.546467,0.869761,-6.033333,-0.478730,8.612089,-1.990438,171.552765,50.638119,165.261749,0.431513,0.084389,0.898079,0.011322
1978,-7.534915,0.898391,-6.082355,1.605741,11.363236,-1.018510,171.718979,50.337769,165.438004,0.429039,0.083944,0.899309,0.011062
1979,-7.474473,0.863805,-6.151793,3.513192,16.090532,0.974291,171.905212,49.890301,165.557816,0.425406,0.084156,0.901019,0.010608
1980,-7.438249,0.894987,-6.304246,5.368759,20.590668,2.513925,172.105194,49.241879,165.615311,0.420190,0.085094,0.903382,0.010053
1981,-7.411938,0.887127,-6.437026,6.494900,24.517183,4.343542,172.293961,48.419044,165.601151,0.413603,0.086704,0.906269,0.009528
1982,-7.341285,0.872891,-6.554044,6.957281,26.669043,5.698577,172.470444,47.490723,165.530365,0.406174,0.088797,0.909427,0.009022
1983,-7.250406,0.862869,-6.672995,6.211146,25.283766,5.936611,172.622452,46.555077,165.426636,0.398678,0.091049,0.912520,0.008603
1984,-7.165080,0.857328,-6.768076,5.599300,22.262608,5.135468,172.754730,45.712078,165.323334,0.391903,0.093123,0.915245,0.008234
1985,-7.072917,0.843595,-6.821080,4.848602,19.421354,4.219856,172.883362,45.000572,165.243454,0.386151,0.094861,0.917512,0.007815
1986,-6.942177,0.838812,-6.864367,4.548051,17.379602,2.562635,173.026077,44.392605,165.207626,0.381194,0.096183,0.919449,0.007304
1987,-6.867905,0.804525,-6.928734,4.728195,17.591625,0.874868,173.226273,43.825321,165.248779,0.376495,0.097026,0.921301,0.006532
1988,-6.814243,0.792440,-6.990394,4.900735,18.906845,-1.418722,173.505463,43.250389,165.388336,0.371651,0.097319,0.923242,0.005441
1989,-6.748830,0.789477,-7.061502,4.476602,19.529255,-3.483389,173.831039,42.658409,165.615173,0.366617,0.097040,0.925288,0.004255
1990,-6.667049,0.738997,-7.132081,3.669454,19.423794,-5.302372,174.185974,42.063622,165.920807,0.361524,0.096180,0.927384,0.003053
1991,-6.616172,0.674740,-7.224638,3.207230,20.293400,-6.164660,174.576767,41.460495,166.295410,0.356326,0.094835,0.929535,0.001745
1992,-6.545239,0.656909,-7.306818,2.940334,20.750998,-6.321975,174.965256,40.836388,166.687241,0.350955,0.093307,0.931732,0.000485
1993,-6.431046,0.624646,-7.424571,2.235454,19.563759,-6.811889,175.320389,40.201393,167.071442,0.345518,0.091697,0.933921,-0.000564
1994,-6.308924,0.576400,-7.536117,1.985305,19.800409,-7.664958,175.669876,39.540516,167.474762,0.339869,0.089880,0.936167,-0.001532
1995,-6.231860,0.498279,-7.669740,2.125872,21.975151,-8.597427,176.060471,38.808704,167.926895,0.333605,0.087775,0.938614,-0.002678
1996,-6.099398,0.489921,-7.763840,2.422091,25.427208,-10.237924,176.487137,37.959660,168.430847,0.326348,0.085346,0.941381,-0.003928
1997,-5.921050,0.462334,-7.853808,2.864707,31.095066,-10.529416,176.912140,36.925476,168.952972,0.317563,0.082774,0.944604,-0.005033
1998,-5.788377,0.432032,-7.957854,4.265532,37.638874,-9.084348,177.320419,35.669346,169.433456,0.306936,0.080500,0.948300,-0.006030
1999,-5.627645,0.395901,-8.073669,5.193262,40.618069,-7.826933,177.703796,34.261539,169.839264,0.295033,0.078729,0.952212,-0.007006
2000,-5.409596,0.388304,-8.125607,5.739415,42.753323,-6.673221,178.041809,32.784866,170.168549,0.282540,0.077391,0.956096,-0.007847
2001,-5.211597,0.355720,-8.218462,5.595754,42.323360,-4.710720,178.313843,31.303068,170.410034,0.269997,0.076527,0.959778,-0.008430
2002,-5.077647,0.316097,-8.361385,5.464284,38.353054,-4.640371,178.546127,29.931673,170.598740,0.258358,0.075898,0.963022,-0.008946
2003,-4.874019,0.212013,-8.475781,4.025225,33.851604,-4.765429,178.778214,28.726549,170.795044,0.248084,0.075093,0.965776,-0.009609
2004,-4.706547,0.184030,-8.576189,3.021169,32.791092,-4.536542,178.991211,27.618347,170.995758,0.238614,0.074130,0.968227,-0.010213
2005,-4.584559,0.162028,-8.695993,1.823301,31.292564,-3.697276,179.146683,26.566210,171.167435,0.229632,0.073234,0.970462,-0.010466
2006,-4.481281,0.126612,-8.835748,1.412820,29.508591,-3.962786,179.268265,25.588179,171.324493,0.221280,0.072346,0.972466,-0.010540
2007,-4.321497,0.056592,-8.901252,0.891061,29.198616,-3.215138,179.394653,24.653418,171.480774,0.213276,0.071438,0.974318,-0.010710
2008,-4.147611,0.153133,-9.003279,0.572141,30.986874,-1.968458,179.461945,23.677046,171.586655,0.204936,0.070833,0.976153,-0.010466
2009,-3.964820,0.162617,-9.062766,0.310970,34.220303,-0.286782,179.440231,22.592609,171.615860,0.195707,0.070729,0.978062,-0.009541
2010,-3.677232,0.166735,-9.161431,-0.038742,38.355812,0.950863,179.380753,21.331314,171.592102,0.184966,0.071042,0.980139,-0.008271
2011,-3.371793,0.190099,-9.218966,0.005208,45.917427,0.996769,179.304550,19.795361,171.548874,0.171859,0.071545,0.982497,-0.006703
2012,-3.063259,0.187235,-9.274216,0.192594,56.279385,-0.220796,179.242920,17.908180,171.534256,0.155697,0.071884,0.985173,-0.004979
2013,-2.748602,0.173614,-9.370541,1.065194,66.621605,-0.969932,179.227554,15.655523,171.566971,0.136315,0.071923,0.988046,-0.003354
2014,-2.377979,0.188343,-9.460132,1.213002,76.264961,-1.537501,179.239853,13.068699,171.629898,0.113974,0.071749,0.990888,-0.001732
2015,-1.996876,0.182095,-9.532252,1.321122,85.551147,-2.454513,179.256638,10.188836,171.722260,0.089030,0.071313,0.993473,0.000036
2016,-1.564098,0.131340,-9.585858,0.898321,92.302567,-2.736773,179.287872,7.084118,171.842163,0.062065,0.070610,0.995570,0.001792
2017,-1.069051,0.220383,-9.724217,0.698218,92.165810,-2.532265,179.284943,3.897980,171.963242,0.034362,0.069823,0.996960,0.003838
2018,-0.534384,0.179711,-9.813233,-0.025374,89.451721,-3.459988,179.240768,0.768975,172.096329,0.007151,0.068870,0.997581,0.006147
2019,-0.077849,0.160375,-9.848768,0.740472,86.670319,-5.796167,179.216751,-2.234858,172.288284,-0.018997,0.067365,0.997514,0.008130
2020,0.321717,0.140959,-9.822433,1.184446,80.549820,-6.684256,179.219681,-5.013938,172.534256,-0.043204,0.065338,0.996881,0.009636
2021,0.692550,0.185703,-9.880399,2.284527,69.358223,-6.548463,179.227707,-7.416844,172.791595,-0.064127,0.063166,0.995882,0.010778
2022,1.007856,0.142658,-9.907956,2.659789,56.734901,-6.716338,179.250244,-9.340199,173.045334,-0.080871,0.060983,0.994791,0.011447
2023,1.227461,0.136773,-9.884678,3.119061,43.064369,-7.323678,179.295242,-10.742038,173.305145,-0.093086,0.058708,0.993858,0.011578
2024,1.471148,0.139729,-9.911956,2.879443,27.951612,-7.010892,179.335724,-11.618486,173.564865,-0.100732,0.056424,0.993247,0.011439
2025,1.668556,0.225843,-9.920022,3.187441,16.252413,-7.065891,179.336197,-12.060966,173.823273,-0.104593,0.054185,0.992972,0.011412
2027,1.838526,0.238383,-9.872021,4.523715,10.739575,-6.515137,179.323730,-12.269107,174.078918,-0.106416,0.051981,0.992897,0.011379
2028,1.968281,0.255567,-9.747878,5.003887,12.104491,-4.949654,179.336166,-12.489655,174.300873,-0.108355,0.050047,0.992789,0.011159
2029,2.064107,0.202119,-9.629128,5.648919,16.852757,-3.573369,179.389130,-12.887419,174.471573,-0.111839,0.048518,0.992483,0.010703
2030,2.235117,0.159332,-9.556877,6.515363,20.838434,-3.140070,179.505066,-13.506646,174.605667,-0.117262,0.047237,0.991928,0.009818
2031,2.399014,0.056839,-9.549688,6.205540,25.270012,-3.104983,179.677094,-14.332311,174.721146,-0.124486,0.046042,0.991116,0.008538
2032,2.521211,-0.033042,-9.488094,3.970271,28.747974,-3.611536,179.861206,-15.308347,174.829407,-0.133004,0.044866,0.990073,0.007207
2033,2.633756,-0.074131,-9.530904,3.201548,30.232929,-3.805235,-179.980576,-16.336987,174.939896,-0.141954,0.043671,0.988891,0.006105
2034,2.801640,-0.040457,-9.517815,1.678924,30.498507,-3.568647,-179.881897,-17.362831,175.052460,-0.150843,0.042512,0.987628,0.005497
2035,2.903242,-0.051502,-9.443282,0.137868,32.369225,-2.120506,-179.853409,-18.396837,175.141632,-0.159764,0.041635,0.986262,0.005514
2036,3.017131,-0.078233,-9.297514,0.167022,33.524117,-0.455668,-179.826584,-19.448948,175.172928,-0.168823,0.041251,0.984767,0.005623
2037,3.212425,-0.014257,-9.320510,1.334429,33.925156,1.418194,-179.777588,-20.516262,175.146500,-0.178004,0.041320,0.983146,0.005632
2038,3.413138,-0.022830,-9.212614,0.728588,35.078548,1.247273,-179.735519,-21.624744,175.097549,-0.187518,0.041577,0.981364,0.005758
2039,3.569366,-0.064371,-9.036521,0.099925,35.490459,-0.010082,-179.706772,-22.783401,175.067520,-0.197440,0.041678,0.979410,0.005993
2040,3.784938,-0.059141,-9.027440,1.113203,33.660843,-0.806589,-179.674454,-23.928625,175.069855,-0.207229,0.041487,0.977393,0.006140
2041,3.981512,-0.072044,-8.996007,0.594451,31.101835,-1.706858,-179.647583,-25.001938,175.103027,-0.216386,0.041043,0.975425,0.006247
2042,4.127740,-0.062204,-8.919268,0.179448,28.951733,-2.510997,-179.653076,-25.988211,175.169159,-0.224774,0.040385,0.973552,0.006529
2043,4.208505,0.078056,-8.836308,1.193970,25.576153,-2.442436,-179.722809,-26.851522,175.279602,-0.232085,0.039495,0.971867,0.007211
2044,4.356756,0.150235,-8.889459,3.149644,22.587971,-2.964581,-179.836578,-27.570541,175.440613,-0.238150,0.038292,0.970439,0.008094
2045,4.419600,0.146159,-8.827696,3.132232,21.374287,-4.020841,-179.951843,-28.189054,175.643326,-0.243362,0.036763,0.969198,0.008849
2046,4.490075,0.147967,-8.777497,3.104207,21.275938,-4.582676,179.930618,-28.761665,175.873505,-0.248184,0.035025,0.968033,0.009528
2047,4.580679,0.108149,-8.676227,1.867775,21.206594,-3.752806,179.823364,-29.334192,176.087250,-0.253004,0.033416,0.966835,0.010134
2048,4.742135,-0.044764,-8.632331,0.292974,22.617580,-2.825068,179.783676,-29.965401,176.221558,-0.258326,0.032334,0.965461,0.010345
2049,4.855594,-0.050838,-8.510840,-2.012438,25.164080,-0.171336,179.793518,-30.707527,176.248276,-0.264579,0.032043,0.963776,0.010404
2050,4.976329,-0.069702,-8.390996,-4.740485,26.622766,2.810503,179.788895,-31.551056,176.158493,-0.271657,0.032755,0.961775,0.010884
2051,5.158186,0.059566,-8.359439,-4.874645,26.090246,5.377180,179.744324,-32.436031,175.985321,-0.279046,0.034256,0.959593,0.011924
2052,5.292478,0.098514,-8.298529,-5.382926,25.663059,4.269265,179.632339,-33.313789,175.821930,-0.286336,0.035842,0.957363,0.013520
2053,5.409425,0.121394,-8.241150,-5.700532,25.113747,2.613499,179.459167,-34.164581,175.725113,-0.293369,0.037036,0.955157,0.015464
2054,5.529148,0.116055,-8.216432,-5.284126,23.786106,1.281250,179.264420,-34.962551,175.685150,-0.299944,0.037833,0.953047,0.017427
2055,5.663776,0.177268,-8.184849,-3.881975,23.686749,0.444920,179.071899,-35.719730,175.693481,-0.306174,0.038243,0.951013,0.019226
2056,5.786089,0.139869,-8.124580,-4.057584,25.633650,-0.478355,178.890518,-36.504730,175.733994,-0.312629,0.038375,0.948871,0.020845
2057,5.913023,0.130500,-8.028867,-4.231514,28.685362,0.933142,178.752228,-37.383022,175.742767,-0.319849,0.038669,0.946418,0.022210
2058,6.044459,0.154074,-7.860123,-4.570204,31.198574,3.804983,178.669922,-38.384850,175.658798,-0.328069,0.039580,0.943534,0.023404
2059,6.204166,0.155945,-7.676717,-5.801567,35.326443,6.725656,178.637268,-39.545696,175.454666,-0.337558,0.041334,0.940075,0.024596
2060,6.393606,0.177508,-7.487756,-6.930717,41.604595,9.785175,178.643509,-40.933414,175.127014,-0.348851,0.043961,0.935787,0.025944
2061,6.523910,0.135490,-7.308999,-7.183965,44.553268,12.565474,178.730774,-42.494110,174.659164,-0.361493,0.047431,0.930770,0.027195
2062,6.667408,0.107068,-7.170041,-5.981405,40.903664,12.715141,178.928055,-44.008720,174.088547,-0.373715,0.051306,0.925701,0.027981
2063,6.842440,0.076923,-7.115220,-3.529091,34.580322,11.076444,179.199829,-45.292309,173.519501,-0.384050,0.054848,0.921251,0.028197
2064,6.989091,0.072289,-7.079651,0.134771,26.660505,9.224078,179.524841,-46.263615,173.018753,-0.391883,0.057616,0.917791,0.027724
2065,7.074838,0.059684,-7.035408,3.079842,16.318718,6.303485,179.861237,-46.863346,172.638535,-0.396763,0.059383,0.915611,0.026637
2066,7.157332,0.064248,-6.990300,4.730767,9.971236,3.080591,-179.895798,-47.069595,172.449844,-0.398494,0.060001,0.914852,0.025458
2067,7.233132,0.009611,-6.921075,5.315015,10.447521,1.151627,-179.730301,-47.143970,172.402954,-0.399164,0.059781,0.914605,0.024340
2068,7.305943,-0.021619,-6.824726,4.860218,14.753079,-1.715661,-179.599625,-47.443630,172.436523,-0.401629,0.058980,0.913603,0.023342
2069,7.423602,-0.021375,-6.727033,3.413594,20.162544,-6.719223,-179.632782,-48.038521,172.655060,-0.406393,0.057204,0.911612,0.023151
2070,7.377472,0.073747,-6.542639,2.102642,26.364162,-13.309897,-179.997208,-48.866188,173.216141,-0.412907,0.053857,0.908851,0.024451
2071,7.439174,0.014201,-6.403526,1.676740,29.339985,-15.631021,179.420624,-49.845497,174.022400,-0.420578,0.049412,0.905521,0.026550
2072,7.483049,0.137393,-6.262992,0.989962,32.036507,-17.668261,178.720001,-50.901325,174.960526,-0.428848,0.044490,0.901815,0.028968
2073,7.608711,0.254433,-6.161209,0.536525,33.948597,-15.735199,177.886276,-52.003407,175.998596,-0.437477,0.039454,0.897798,0.031870
2074,7.743855,0.343790,-6.049550,-0.556326,34.639866,-12.517384,177.053406,-53.126171,176.974426,-0.446272,0.035099,0.893532,0.034791
2075,7.953228,0.262834,-5.964825,-3.124550,35.437908,-9.319162,176.355515,-54.266304,177.740784,-0.455183,0.032035,0.889040,0.037280
2076,8.069983,0.422380,-5.766660,-5.056383,37.151554,-9.224571,175.653488,-55.457767,178.429153,-0.464450,0.029768,0.884198,0.039937
2077,8.287434,0.495005,-5.592133,-5.050416,36.523067,-7.234945,174.841003,-56.694248,179.172333,-0.474033,0.027719,0.879018,0.043034
2078,8.366259,0.491799,-5.414521,-4.774302,35.996872,-6.981736,174.075348,-57.921589,179.868637,-0.483512,0.026025,0.873753,0.045771
2079,8.370879,0.458809,-5.215290,-3.025511,36.094631,-6.639789,173.421188,-59.114338,-179.497864,-0.492693,0.024499,0.868546,0.047754
2080,8.535199,0.498189,-5.039600,0.237083,35.334778,-3.967615,172.958481,-60.293621,-178.977615,-0.501723,0.023140,0.863350,0.048630
2081,8.671084,0.502940,-4.912667,1.511411,36.521996,-1.837108,172.692963,-61.487175,-178.599625,-0.510789,0.022091,0.858051,0.048529
2082,8.772904,0.499371,-4.733191,0.638775,39.105373,-1.333201,172.494354,-62.736290,-178.290466,-0.520195,0.021356,0.852423,0.048131
2083,8.779410,0.551512,-4.446639,-1.289866,40.535229,-2.222567,172.131958,-64.061501,-177.868835,-0.530115,0.020653,0.846296,0.048313
2084,8.865654,0.561172,-4.195657,-3.079731,39.369614,-1.879116,171.562302,-65.412827,-177.309097,-0.540175,0.020035,0.839872,0.049232
2085,8.924883,0.650788,-3.987889,-3.407837,37.064171,-0.965127,170.870285,-66.707458,-176.677277,-0.549759,0.019599,0.833561,0.050561
2086,9.055544,0.660157,-3.817921,-2.414541,33.116745,-2.308108,170.075760,-67.875374,-175.939041,-0.558392,0.018975,0.827728,0.052010
2087,9.111573,0.717094,-3.665204,-1.302232,29.746002,-6.316928,169.051498,-68.877045,-174.923126,-0.565875,0.017536,0.822556,0.053668
2088,9.215463,0.767294,-3.542090,-0.328801,27.783550,-9.092892,167.678925,-69.729965,-173.508133,-0.572417,0.015057,0.817928,0.055730
2089,9.275069,0.921343,-3.426047,0.289030,26.622093,-11.220540,165.918213,-70.468002,-171.671936,-0.578325,0.011668,0.813638,0.058282
2090,9.260472,0.939441,-3.275486,-1.481231,26.855253,-13.111760,163.782135,-71.132080,-169.470322,-0.583925,0.007802,0.809444,0.061420
2091,9.277524,0.993336,-3.118528,-3.509312,27.566036,-12.765829,161.433243,-71.784599,-167.107132,-0.589599,0.004212,0.805073,0.064900
2092,9.296730,1.026006,-2.939913,-4.739282,28.467649,-9.227501,159.104431,-72.480545,-164.820511,-0.595596,0.001502,0.800383,0.068190
2093,9.379857,1.106224,-2.811100,-5.635041,30.382530,-5.225188,156.931885,-73.256752,-162.736893,-0.602036,-0.000066,0.795314,0.070914
2094,9.447659,1.061771,-2.643593,-7.249454,33.724171,-2.638741,154.858002,-74.153931,-160.797226,-0.609154,-0.000502,0.789679,0.073068
2095,9.543406,1.124068,-2.464983,-7.607998,36.145733,-1.909203,152.613785,-75.163765,-158.717316,-0.617011,-0.000289,0.783377,0.074949
2096,9.531662,1.147265,-2.241116,-7.807872,38.721478,-0.952372,149.903824,-76.238373,-156.181534,-0.625451,0.000036,0.776470,0.076843
2097,9.631362,1.133696,-2.071295,-7.874980,38.870964,-1.568727,146.715744,-77.319931,-153.168671,-0.634084,0.000444,0.769252,0.078665
2098,9.696890,1.122433,-1.860647,-7.627719,38.570229,-2.532880,143.008865,-78.342575,-149.628525,-0.642522,0.000790,0.762034,0.080438
2099,9.698219,1.177373,-1.626494,-6.855551,38.974476,-3.695444,138.462265,-79.283195,-145.229919,-0.650864,0.000761,0.754715,0.082348
2100,9.762748,1.195238,-1.408099,-6.261938,39.438255,-3.217723,132.927277,-80.139328,-139.820862,-0.659226,0.000426,0.747206,0.084285
2101,9.772071,1.150538,-1.147902,-5.785816,41.560787,-1.535920,126.385582,-80.973175,-133.386597,-0.667916,0.000344,0.739281,0.085737
2102,9.806485,1.177331,-0.817163,-4.459781,46.105217,0.867736,117.977028,-81.822304,-125.054611,-0.677606,0.000553,0.730318,0.086517
2103,9.798758,1.185957,-0.523177,-3.562574,48.562424,0.469727,106.778801,-82.529900,-113.894859,-0.688236,0.000598,0.720253,0.086981
2104,9.841967,1.166540,-0.251459,-2.204550,49.344185,0.454709,93.406410,-82.898499,-100.521538,-0.699080,0.000323,0.709699,0.087262
2105,9.815474,1.113521,0.032329,0.627520,49.713894,-0.400998,79.425064,-82.858063,-86.468658,-0.709809,-0.000357,0.698993,0.087061
2106,9.886435,1.226490,0.337139,4.707796,48.585121,-2.234971,66.811424,-82.349777,-73.670380,-0.720215,-0.002189,0.688321,0.086599
2107,9.834844,1.253228,0.526775,6.827284,46.433788,-5.637875,57.369923,-81.453369,-63.944462,-0.729800,-0.005495,0.678161,0.086364
2108,9.771911,1.269676,0.757683,9.280988,45.089394,-7.315005,50.858395,-80.366829,-57.075031,-0.738499,-0.009807,0.668647,0.086220
2109,9.662141,1.345438,0.977600,11.812540,43.473263,-8.160571,46.319897,-79.189171,-52.097565,-0.746585,-0.014953,0.659550,0.085910
2110,9.560157,1.391413,1.176761,11.820239,42.220203,-9.647100,43.179111,-77.965302,-48.477226,-0.754111,-0.020666,0.650807,0.085668
2111,9.488560,1.443657,1.356937,10.401221,41.540783,-12.876210,41.040550,-76.701973,-45.887009,-0.761147,-0.026625,0.642298,0.086016
2112,9.457011,1.604156,1.581089,9.678061,40.667526,-13.790616,39.649155,-75.386719,-44.081776,-0.767812,-0.032894,0.633868,0.087141
2113,9.481907,1.694242,1.800404,7.819636,43.006371,-10.148712,38.350521,-74.052765,-42.401150,-0.774558,-0.038793,0.625109,0.088289
2114,9.489357,1.772011,2.087877,4.940342,49.430252,-6.570805,36.510632,-72.655121,-40.233105,-0.782244,-0.043483,0.615062,0.088890
2115,9.527271,1.718003,2.404286,2.646899,57.473354,-1.968685,33.909626,-71.116722,-37.359894,-0.791487,-0.046582,0.602936,0.088580
2116,9.390632,1.682311,2.805935,3.048084,66.870285,2.826069,30.642881,-69.356102,-33.817928,-0.802572,-0.048299,0.588221,0.086844
2117,9.229687,1.548301,3.261718,1.540140,75.909081,7.959884,26.928658,-67.284782,-29.811457,-0.815568,-0.048729,0.570513,0.083606
2118,9.046417,1.479822,3.696218,0.285339,80.875504,8.273523,23.269283,-64.911407,-25.884829,-0.829713,-0.048123,0.550382,0.079629
2119,8.874813,1.395133,4.110240,0.068113,83.046448,7.258107,20.164337,-62.331387,-22.535006,-0.843924,-0.047352,0.528971,0.075758
2120,8.633685,1.504414,4.593524,-0.603727,84.764214,5.557226,17.761124,-59.582935,-19.896162,-0.857795,-0.047155,0.506653,0.072580
2121,8.466020,1.487596,4.949016,-3.500179,84.295174,5.578732,15.912017,-56.768745,-17.856930,-0.870965,-0.047227,0.484003,0.070226
2122,8.238529,1.450919,5.273825,-3.071537,84.426895,3.244161,14.439322,-54.004799,-16.235964,-0.883123,-0.047246,0.461727,0.068333
2124,7.866893,1.474542,5.780969,-1.515163,87.688324,1.545775,13.324576,-51.138474,-14.945609,-0.894876,-0.048013,0.438657,0.066878
2125,7.479798,1.549536,6.270241,-0.598020,90.083481,0.310982,12.509332,-48.051357,-13.904736,-0.906620,-0.049788,0.413792,0.065868
2126,7.066077,1.499135,6.741487,1.471214,89.598106,-1.241303,11.914687,-44.834797,-13.041274,-0.917985,-0.052251,0.387734,0.065089
2127,6.629073,1.540660,7.173536,4.181299,86.045891,-4.397318,11.554371,-41.610329,-12.365812,-0.928487,-0.055488,0.361466,0.064623
2128,6.229085,1.602434,7.621031,4.018123,80.499466,-5.415584,11.398415,-38.481136,-11.879314,-0.937819,-0.059324,0.335848,0.064669
2129,5.959986,1.646230,7.899951,4.175434,72.796669,-5.879912,11.340869,-35.609192,-11.510068,-0.945700,-0.063088,0.312175,0.064946
2130,5.667155,1.586645,8.222904,4.649981,64.745529,-5.625310,11.305159,-33.088528,-11.191613,-0.952128,-0.066337,0.291228,0.065105
2131,5.398615,1.678947,8.310724,5.135158,57.066250,-5.944320,11.317899,-30.919359,-10.933723,-0.957263,-0.069335,0.273109,0.065210
2132,5.227103,1.715570,8.510814,4.027383,52.662582,-4.006454,11.369559,-29.062958,-10.712485,-0.961363,-0.072161,0.257538,0.065172
2133,4.961915,1.682006,8.631764,3.876248,49.271812,-1.394002,11.351247,-27.413458,-10.424608,-0.964890,-0.074262,0.243544,0.064490
2134,4.743998,1.637529,8.726727,3.340373,44.907345,1.449012,11.246299,-25.946251,-10.046826,-0.967987,-0.075554,0.230916,0.063005
2135,4.555444,1.699948,8.731594,2.818256,42.059383,3.075896,11.118546,-24.664019,-9.625812,-0.970639,-0.076471,0.219763,0.060964
2136,4.348000,1.658194,8.854817,1.560693,41.802303,4.878253,10.964944,-23.469187,-9.169098,-0.973056,-0.077063,0.209277,0.058533
2137,4.107807,1.628652,8.881979,1.398646,42.393700,3.962962,10.770248,-22.258434,-8.695744,-0.975426,-0.077251,0.198599,0.055995
2138,3.869384,1.712610,8.925056,1.465653,45.591465,2.038941,10.639767,-20.956045,-8.284134,-0.977750,-0.077853,0.187187,0.053902
2139,3.552825,1.739537,9.032401,0.757725,51.740620,1.111200,10.571541,-19.436045,-7.919173,-0.980190,-0.078978,0.173950,0.052259
2140,3.271895,1.670792,9.242682,0.014579,57.844341,0.615275,10.458951,-17.641499,-7.536875,-0.982851,-0.079836,0.158295,0.050730
2141,2.984369,1.670118,9.418822,1.340389,59.454388,-1.398908,10.331834,-15.680475,-7.167426,-0.985467,-0.080532,0.141167,0.049413
2142,2.638439,1.718737,9.495940,3.058436,57.370213,-2.940090,10.301287,-13.705709,-6.871162,-0.987712,-0.081852,0.123966,0.048565
2143,2.378356,1.731070,9.642544,3.699264,53.195431,-3.396354,10.349776,-11.844584,-6.635429,-0.989487,-0.083617,0.107779,0.048038
2144,2.166394,1.764917,9.687061,4.320268,47.123608,-5.068727,10.441968,-10.208637,-6.467143,-0.990779,-0.085495,0.093572,0.047867
2145,1.913602,1.856098,9.585137,3.870279,40.477726,-5.994904,10.597118,-8.836123,-6.386464,-0.991623,-0.087655,0.081714,0.048198
2146,1.678989,1.871648,9.536740,2.024241,37.568695,-4.874818,10.754234,-7.647614,-6.334170,-0.992211,-0.089691,0.071459,0.048642
2147,1.498676,1.841367,9.611384,-0.790897,37.964767,-2.605670,10.800290,-6.522701,-6.226699,-0.992773,-0.090744,0.061658,0.048637
2148,1.279057,1.810792,9.617232,-2.745623,38.302872,-1.444316,10.720252,-5.393576,-6.054880,-0.993369,-0.090708,0.051708,0.048136
2149,1.065626,1.751865,9.663264,-3.717830,37.119720,-0.566783,10.556945,-4.266902,-5.851238,-0.993947,-0.089921,0.041713,0.047368
2150,0.866592,1.699909,9.684477,-4.378901,35.007332,-0.777236,10.339636,-3.185355,-5.648960,-0.994461,-0.088600,0.032086,0.046556
2151,0.706852,1.668018,9.772511,-5.902191,32.794197,-0.558902,10.076491,-2.180195,-5.464724,-0.994903,-0.086802,0.023115,0.045809
2152,0.524329,1.657021,9.797422,-7.092788,29.328257,-0.680855,9.779900,-1.272359,-5.302488,-0.995276,-0.084634,0.014994,0.045140
2153,0.396787,1.578027,9.902179,-7.482298,24.876534,-0.329776,9.454857,-0.501128,-5.165341,-0.995592,-0.082135,0.008068,0.044547
2154,0.271674,1.547547,9.896124,-8.018330,20.278250,0.407367,9.109986,0.104973,-5.040687,-0.995874,-0.079379,0.002580,0.043908
2155,0.182607,1.508063,9.952923,-7.634149,16.578686,0.935456,8.779053,0.561854,-4.922076,-0.996119,-0.076675,-0.001598,0.043188
2156,0.086864,1.464500,9.942973,-6.583086,13.281960,0.540354,8.483734,0.903453,-4.822642,-0.996322,-0.074230,-0.004744,0.042539
2157,0.032981,1.414493,9.895117,-6.168283,10.079859,0.229169,8.222546,1.143534,-4.753343,-0.996489,-0.072041,-0.006972,0.042075
2158,-0.029122,1.436777,9.805007,-7.724804,7.544615,0.854898,7.976629,1.293975,-4.693694,-0.996646,-0.069952,-0.008407,0.041632
2159,-0.065519,1.373708,9.856670,-9.093535,6.028747,1.627105,7.702771,1.386313,-4.621204,-0.996825,-0.067596,-0.009353,0.041035
2160,-0.100700,1.302096,9.847523,-8.603786,4.618223,2.001034,7.395670,1.439468,-4.537702,-0.997025,-0.064935,-0.009972,0.040313
2161,-0.083397,1.286802,9.877034,-6.765093,2.830780,2.519925,7.132243,1.435413,-4.446927,-0.997204,-0.062634,-0.010079,0.039497
2162,-0.071976,1.258977,9.945390,-4.882064,1.580392,3.130379,6.947928,1.364568,-4.343781,-0.997347,-0.060998,-0.009581,0.038546
2163,-0.050155,1.228357,10.001530,-2.074317,1.124970,2.333934,6.843268,1.258156,-4.247391,-0.997447,-0.060045,-0.008741,0.037644
2164,-0.026516,1.243703,9.967339,0.167375,0.968603,1.584794,6.834467,1.139268,-4.177776,-0.997488,-0.059926,-0.007745,0.036975
2165,-0.008106,1.288868,9.968170,1.371598,1.039593,1.230873,6.914545,1.020214,-4.126189,-0.997474,-0.060583,-0.006710,0.036470
2166,-0.011571,1.273306,9.948863,0.221480,1.269016,1.353074,7.027908,0.853098,-4.077479,-0.997444,-0.061515,-0.005246,0.035963
2167,-0.021769,1.277681,9.919506,-0.498297,1.299949,1.550062,7.116056,0.665311,-4.023065,-0.997428,-0.062224,-0.003613,0.035392
2168,-0.046244,1.277165,9.861703,-0.590994,1.090152,1.627981,7.175157,0.547958,-3.964746,-0.997421,-0.062701,-0.002605,0.034823
2169,-0.063169,1.271767,9.834658,0.126495,0.825782,1.049707,7.228702,0.496467,-3.915909,-0.997410,-0.063151,-0.002168,0.034371
2170,-0.072780,1.239922,9.816964,-0.354063,-0.015173,1.039048,7.246953,0.471077,-3.879493,-0.997412,-0.063302,-0.001961,0.034040
2171,-0.086389,1.260559,9.826309,-0.305211,-0.807160,0.950548,7.240631,0.447104,-3.848289,-0.997426,-0.063239,-0.001772,0.033755
2172,-0.087018,1.267959,9.820978,0.309857,-1.321341,0.346276,7.264734,0.420503,-3.831137,-0.997419,-0.063441,-0.001542,0.033592
2173,-0.081156,1.271660,9.835175,0.990565,-1.823300,-0.076412,7.315528,0.381908,-3.833097,-0.997392,-0.063872,-0.001191,0.033588
2174,-0.043278,1.286081,9.897646,0.876247,-2.061401,0.205892,7.372001,0.306069,-3.839054,-0.997362,-0.064341,-0.000511,0.033598
2175,-0.020103,1.317480,9.897391,1.389158,-2.359171,0.117417,7.449500,0.189091,-3.843023,-0.997322,-0.064982,0.000533,0.033567
2176,-0.003849,1.319197,9.865026,1.606090,-2.737836,-0.035144,7.549726,0.057003,-3.852614,-0.997265,-0.065816,0.001717,0.033574
2177,0.012604,1.304988,9.868611,0.991242,-2.480150,0.367726,7.613055,-0.069467,-3.858579,-0.997229,-0.066330,0.002840,0.033552
2178,0.035647,1.295818,9.858809,0.728688,-1.757038,0.740076,7.622770,-0.177307,-3.849627,-0.997228,-0.066383,0.003776,0.033411
2179,0.018010,1.292773,9.837408,0.887210,-0.951391,0.515771,7.614806,-0.233174,-3.834784,-0.997237,-0.066298,0.004251,0.033250
2180,0.023095,1.283600,9.877167,0.325438,-0.426357,0.648511,7.588746,-0.235351,-3.818423,-0.997257,-0.066071,0.004253,0.033107
2181,0.026556,1.262634,9.848117,0.363258,-0.250755,0.634764,7.534407,-0.225029,-3.798453,-0.997293,-0.065602,0.004136,0.032941
2182,0.025159,1.258658,9.849186,0.314072,-0.272011,0.530988,7.474354,-0.214610,-3.780062,-0.997333,-0.065083,0.004018,0.032789
2183,0.019788,1.277560,9.854105,-0.055428,-0.398543,0.523343,7.433382,-0.203923,-3.763933,-0.997361,-0.064730,0.003904,0.032656
2184,0.018471,1.291519,9.839950,-0.275190,-0.625776,0.553845,7.422056,-0.196801,-3.748327,-0.997372,-0.064634,0.003830,0.032525
2185,0.028144,1.291142,9.825907,0.049905,-0.668414,0.312737,7.432651,-0.202541,-3.736844,-0.997369,-0.064725,0.003876,0.032421
2186,0.026810,1.304302,9.847904,-0.007963,-0.578331,0.489737,7.456749,-0.213945,-3.726353,-0.997358,-0.064931,0.003976,0.032323
2187,0.028563,1.334641,9.837622,0.443965,-0.466874,0.456156,7.514791,-0.220336,-3.713169,-0.997329,-0.065435,0.004041,0.032202
2188,0.037084,1.320639,9.842508,0.784510,-0.447000,0.300507,7.588102,-0.229697,-3.702859,-0.997290,-0.066071,0.004137,0.032104
2189,0.044138,1.301363,9.846176,0.700630,-0.784243,0.437841,7.621928,-0.254140,-3.693408,-0.997273,-0.066359,0.004354,0.032007
2190,0.050287,1.304411,9.866163,0.238175,-0.794964,0.793388,7.617561,-0.290987,-3.676471,-0.997280,-0.066311,0.004663,0.031838
2191,0.049448,1.311967,9.867095,0.320484,-0.410450,0.887999,7.608844,-0.318480,-3.651271,-0.997292,-0.066229,0.004886,0.031603
2192,0.054837,1.301900,9.877580,0.376849,-0.578295,0.758295,7.601118,-0.337182,-3.626151,-0.997303,-0.066157,0.005032,0.031374
2193,0.063498,1.315517,9.887345,0.202810,-0.778207,0.674371,7.594287,-0.366006,-3.605379,-0.997313,-0.066091,0.005269,0.031177
2194,0.068859,1.330603,9.883069,0.277616,-0.540201,0.653013,7.608994,-0.398338,-3.586404,-0.997309,-0.066211,0.005543,0.030992
2195,0.073901,1.340172,9.855905,0.714168,-0.132817,0.382928,7.653145,-0.419345,-3.570974,-0.997287,-0.066590,0.005729,0.030844
2196,0.089346,1.340934,9.822322,0.499184,0.106672,0.187620,7.707319,-0.437633,-3.561863,-0.997258,-0.067057,0.005897,0.030751
2197,0.089843,1.350527,9.794352,0.221642,0.489559,0.265457,7.754511,-0.452806,-3.553329,-0.997232,-0.067464,0.006037,0.030665
2198,0.083035,1.356513,9.803613,0.620086,0.747367,0.173910,7.804062,-0.448155,-3.543576,-0.997205,-0.067897,0.006004,0.030581
2199,0.069388,1.362025,9.813836,0.879641,0.692446,-0.018360,7.858445,-0.422201,-3.537974,-0.997175,-0.068378,0.005789,0.030545
2200,0.055087,1.365644,9.821280,0.975876,0.410250,-0.099248,7.910043,-0.383621,-3.537539,-0.997145,-0.068837,0.005467,0.030561
2201,0.040489,1.371945,9.864261,1.101046,0.265455,-0.251865,7.953453,-0.337716,-3.541822,-0.997118,-0.069227,0.005082,0.030624
2202,0.035777,1.381123,9.908860,1.508463,0.171035,-0.413639,7.995595,-0.291171,-3.551762,-0.997090,-0.069606,0.004694,0.030737
2203,0.028436,1.393018,9.898939,2.190548,-0.114140,-0.612033,8.056812,-0.253044,-3.568519,-0.997048,-0.070148,0.004389,0.030904
2204,0.040890,1.412274,9.888998,3.438812,-0.294104,-1.111025,8.162162,-0.236169,-3.597922,-0.996975,-0.071068,0.004289,0.031166
2205,0.051843,1.432052,9.874450,4.235452,-0.417732,-1.466561,8.311651,-0.247492,-3.642222,-0.996870,-0.072364,0.004456,0.031539
2206,0.059220,1.444297,9.857565,4.760446,-0.698604,-1.454340,8.476953,-0.279406,-3.693206,-0.996750,-0.073791,0.004812,0.031955
2207,0.063449,1.457364,9.833510,4.656668,-0.910825,-1.345982,8.631099,-0.322904,-3.743394,-0.996636,-0.075117,0.005266,0.032357
2208,0.073958,1.476077,9.851612,3.386993,-0.662225,-0.877503,8.744515,-0.368392,-3.783926,-0.996549,-0.076088,0.005721,0.032674
2209,0.068320,1.481982,9.845953,1.932590,-0.241152,-0.273223,8.794041,-0.397312,-3.804965,-0.996510,-0.076510,0.006000,0.032835
2210,0.068052,1.480199,9.841252,0.748189,0.060968,0.186085,8.782038,-0.402622,-3.806480,-0.996518,-0.076404,0.006044,0.032845
2211,0.061332,1.499609,9.839277,0.026189,0.123568,0.498894,8.747305,-0.393978,-3.794399,-0.996544,-0.076105,0.005951,0.032748
2212,0.055302,1.530605,9.827768,-0.343094,0.068716,0.756764,8.740379,-0.377331,-3.773218,-0.996555,-0.076050,0.005790,0.032575
2213,0.051845,1.524228,9.790124,-0.260551,0.016936,0.665192,8.758695,-0.359135,-3.749764,-0.996549,-0.076216,0.005621,0.032382
2214,0.050773,1.527326,9.803594,-0.647999,-0.341563,0.594984,8.770811,-0.348555,-3.730002,-0.996547,-0.076325,0.005520,0.032217
2215,0.047104,1.541511,9.828679,-1.148344,-0.866387,0.521724,8.772655,-0.352193,-3.714871,-0.996550,-0.076341,0.005542,0.032083
2216,0.053014,1.530163,9.837488,-1.404558,-1.298142,0.369118,8.758218,-0.373526,-3.705868,-0.996562,-0.076210,0.005717,0.031991
2217,0.070451,1.497642,9.866319,-1.491575,-1.523968,0.091398,8.702149,-0.419028,-3.705369,-0.996599,-0.075710,0.006097,0.031959
2218,0.089803,1.484981,9.883811,-1.006520,-1.607977,-0.314484,8.622643,-0.486967,-3.716625,-0.996647,-0.074998,0.006673,0.032017
2219,0.109118,1.473146,9.886117,-0.355154,-1.269375,-0.525036,8.559475,-0.563527,-3.737274,-0.996681,-0.074426,0.007335,0.032150
2220,0.123146,1.459831,9.907852,0.482363,-0.732433,-0.422769,8.518469,-0.631436,-3.757420,-0.996700,-0.074048,0.007927,0.032284
2221,0.140948,1.471293,9.900557,1.364185,-0.317591,-0.354070,8.516950,-0.689000,-3.772475,-0.996696,-0.074017,0.008437,0.032377
2222,0.141576,1.481809,9.887891,1.632709,0.495532,-0.036647,8.559009,-0.724776,-3.778410,-0.996665,-0.074372,0.008764,0.032403
2223,0.134615,1.485956,9.867270,1.348894,1.215656,0.398258,8.610052,-0.720191,-3.768239,-0.996635,-0.074818,0.008732,0.032313
2224,0.124030,1.488429,9.833211,0.958259,1.494873,0.663773,8.648529,-0.683841,-3.743975,-0.996618,-0.075165,0.008410,0.032123
2225,0.107817,1.495416,9.794219,0.685138,1.354531,0.695811,8.679563,-0.631499,-3.714465,-0.996607,-0.075452,0.007945,0.031899
2227,0.085914,1.492731,9.820098,0.172425,1.797179,0.540146,8.693059,-0.556510,-3.686159,-0.996608,-0.075593,0.007277,0.031702
2228,0.073533,1.491068,9.832650,-0.018387,1.603563,0.299024,8.681231,-0.466750,-3.663634,-0.996624,-0.075516,0.006479,0.031566
2229,0.055960,1.502849,9.834474,-0.314459,1.011687,0.215071,8.667173,-0.387973,-3.648518,-0.996638,-0.075417,0.005780,0.031487
2230,0.053237,1.504515,9.847434,-0.453300,0.709703,0.160115,8.657860,-0.330386,-3.638046,-0.996647,-0.075353,0.005269,0.031434
2231,0.053498,1.498903,9.842993,-0.376990,0.841002,0.096015,8.646664,-0.291570,-3.629959,-0.996657,-0.075266,0.004923,0.031390
2232,0.057900,1.507845,9.827868,-0.535636,0.653300,0.208935,8.641627,-0.270318,-3.621244,-0.996663,-0.075229,0.004732,0.031329
2233,0.065290,1.502920,9.835847,-0.660679,0.642521,0.193690,8.637902,-0.269670,-3.611445,-0.996668,-0.075197,0.004718,0.031244
2234,0.065028,1.488420,9.843468,-0.807164,0.657642,0.370719,8.614256,-0.277685,-3.598892,-0.996687,-0.074990,0.004774,0.031130
2235,0.055269,1.492536,9.859910,-0.968943,0.533947,0.469919,8.578449,-0.279401,-3.582028,-0.996715,-0.074678,0.004768,0.030984
2236,0.041650,1.480465,9.868730,-1.116993,0.724687,0.231874,8.536509,-0.260344,-3.567302,-0.996746,-0.074319,0.004581,0.030870
2237,0.028245,1.457082,9.856611,-0.903480,1.020808,0.121995,8.479554,-0.214019,-3.557068,-0.996786,-0.073837,0.004156,0.030813
2238,0.015038,1.446379,9.826150,-0.204762,1.011801,0.141810,8.429932,-0.151130,-3.547632,-0.996820,-0.073423,0.003590,0.030773
2239,0.013421,1.457127,9.836579,0.411638,1.013459,-0.030639,8.418737,-0.091203,-3.540812,-0.996828,-0.073342,0.003061,0.030753
2240,0.006016,1.466221,9.842569,0.634457,1.303471,-0.149674,8.442887,-0.035183,-3.538126,-0.996812,-0.073567,0.002579,0.030765
2241,0.002443,1.468396,9.847320,0.661986,1.251641,0.028852,8.476828,0.017593,-3.533859,-0.996791,-0.073876,0.002126,0.030761
2242,0.005403,1.469453,9.857371,0.533835,0.723653,0.120410,8.502131,0.046117,-3.526540,-0.996776,-0.074104,0.001880,0.030715
2243,-0.001314,1.473489,9.853625,0.018076,0.354322,0.126523,8.511950,0.051648,-3.519814,-0.996771,-0.074191,0.001830,0.030660
2244,-0.005984,1.466810,9.859943,-0.244416,0.284092,0.239446,8.501825,0.053827,-3.512214,-0.996779,-0.074104,0.001803,0.030596
2245,-0.000774,1.450525,9.846820,0.025558,-0.060811,0.204357,8.475207,0.047533,-3.504368,-0.996799,-0.073871,0.001846,0.030524
2246,-0.007632,1.461735,9.854383,-0.299570,-0.361453,0.161636,8.449343,0.032606,-3.499386,-0.996817,-0.073642,0.001966,0.030471
2247,-0.016861,1.473408,9.868166,-0.433848,-0.365991,0.120430,8.437770,0.028001,-3.496518,-0.996826,-0.073540,0.002001,0.030443
2248,-0.011988,1.489993,9.880025,-0.003417,-0.413226,0.033441,8.454618,0.028772,-3.495875,-0.996815,-0.073687,0.001998,0.030438
2249,-0.009324,1.496444,9.846077,0.451526,-0.414709,-0.187824,8.505494,0.024252,-3.500428,-0.996781,-0.074128,0.002054,0.030474
2250,-0.008478,1.493797,9.831156,0.415118,0.049206,-0.108480,8.562805,0.025555,-3.506189,-0.996742,-0.074627,0.002062,0.030524
2251,-0.002666,1.488561,9.815247,0.566314,0.644327,0.054792,8.605175,0.039043,-3.505335,-0.996714,-0.074999,0.001955,0.030524
2252,0.002297,1.493949,9.823398,0.572487,1.147840,0.091420,8.637894,0.059883,-3.498446,-0.996694,-0.075289,0.001778,0.030478
2253,0.002348,1.488032,9.842813,0.206266,1.243891,0.222663,8.651034,0.081747,-3.487287,-0.996688,-0.075410,0.001584,0.030395
2254,-0.002288,1.472148,9.847466,-0.489682,0.596805,0.341699,8.621049,0.091736,-3.473414,-0.996711,-0.075152,0.001480,0.030281
2255,-0.016279,1.459440,9.849290,-1.054502,-0.350839,0.208950,8.549860,0.085536,-3.463789,-0.996760,-0.074531,0.001509,0.030194
2256,-0.015110,1.485659,9.867687,-0.842518,-0.950526,0.161646,8.494208,0.063594,-3.460935,-0.996798,-0.074041,0.001683,0.030156
2257,-0.000645,1.489535,9.866615,-0.358731,-1.150461,0.154022,8.487909,0.020362,-3.460891,-0.996803,-0.073975,0.002058,0.030128
2258,0.005268,1.459921,9.842450,-0.253416,-0.984207,0.100626,8.483033,-0.030197,-3.461935,-0.996807,-0.073919,0.002497,0.030104
2259,0.008348,1.461615,9.843346,-0.259578,-0.450179,0.239491,8.462770,-0.063820,-3.459844,-0.996821,-0.073734,0.002783,0.030065
2260,0.015380,1.494423,9.855929,-0.430401,0.027408,0.494324,8.467539,-0.078250,-3.448804,-0.996821,-0.073772,0.002902,0.029959
2261,0.015913,1.453952,9.858685,-1.080391,0.320360,0.370728,8.453148,-0.079682,-3.433702,-0.996834,-0.073647,0.002901,0.029828
2262,0.008179,1.431930,9.842568,-1.376590,0.245603,0.408875,8.378350,-0.069673,-3.419421,-0.996885,-0.072999,0.002786,0.029712
2263,-0.004141,1.438097,9.825942,-1.443881,0.273153,0.428700,8.301001,-0.046325,-3.404330,-0.996938,-0.072333,0.002553,0.029597
2264,-0.011212,1.439640,9.866901,-1.529368,0.714280,0.306607,8.244559,-0.004561,-3.389852,-0.996977,-0.071853,0.002166,0.029498
2265,-0.016198,1.425826,9.885882,-1.010578,1.138624,0.190615,8.197268,0.052582,-3.377257,-0.997008,-0.071456,0.001649,0.029425
2266,-0.020255,1.429669,9.863627,-0.561947,1.071591,0.250112,8.172742,0.109509,-3.364748,-0.997025,-0.071257,0.001139,0.029352
2267,-0.026083,1.407688,9.831278,-0.703842,0.760371,0.317242,8.155103,0.152365,-3.351054,-0.997039,-0.071115,0.000753,0.029260
2268,-0.023523,1.415287,9.829138,-0.700780,0.597113,0.283670,8.133636,0.176586,-3.337932,-0.997055,-0.070934,0.000529,0.029161
2269,-0.018925,1.413331,9.836576,-0.630534,0.702347,0.285204,8.122320,0.185470,-3.325451,-0.997064,-0.070838,0.000441,0.029058
2270,-0.010719,1.410281,9.827212,-0.758654,0.596932,0.350837,8.110817,0.179933,-3.311858,-0.997075,-0.070737,0.000478,0.028936
2271,-0.005107,1.399996,9.839148,-0.992099,0.459418,0.460729,8.085903,0.158911,-3.295962,-0.997095,-0.070515,0.000645,0.028785
2272,-0.010963,1.417679,9.871295,-1.545960,0.729343,0.408871,8.053537,0.143639,-3.278785,-0.997120,-0.070230,0.000759,0.028626
2273,-0.022129,1.401237,9.897641,-2.078447,1.003936,0.421089,8.005346,0.155281,-3.261005,-0.997153,-0.069813,0.000635,0.028479
2274,-0.033990,1.388178,9.893239,-1.890767,1.072618,0.503487,7.937448,0.190467,-3.240947,-0.997198,-0.069231,0.000300,0.028326
2275,-0.038273,1.369644,9.883926,-1.231611,1.118440,0.537051,7.876686,0.233445,-3.218782,-0.997239,-0.068713,-0.000103,0.028159
2276,-0.047551,1.366831,9.856049,-0.905083,1.190205,0.381400,7.837253,0.278755,-3.198376,-0.997266,-0.068381,-0.000519,0.028008
2277,-0.066946,1.361596,9.859565,-0.706684,1.286435,0.254734,7.816372,0.337800,-3.182229,-0.997280,-0.068213,-0.001047,0.027903
2278,-0.073937,1.366683,9.857137,-0.084038,0.989008,0.253191,7.816990,0.400154,-3.168610,-0.997280,-0.068233,-0.001598,0.027821
2279,-0.076204,1.363223,9.817217,0.030518,0.296323,0.111269,7.838282,0.437648,-3.159523,-0.997268,-0.068427,-0.001925,0.027765
2280,-0.086208,1.349304,9.818032,-0.605743,-0.165965,-0.061168,7.838769,0.453166,-3.158326,-0.997267,-0.068435,-0.002060,0.027764
2281,-0.083793,1.351192,9.831930,-0.364665,-0.464987,-0.056599,7.819001,0.455192,-3.161735,-0.997278,-0.068264,-0.002081,0.027794
2282,-0.053165,1.343017,9.827323,0.378427,-0.706161,-0.100841,7.812421,0.420544,-3.167043,-0.997282,-0.068198,-0.001777,0.027820
2283,-0.026315,1.343009,9.853115,0.260873,-0.967369,-0.129796,7.811327,0.337833,-3.174731,-0.997285,-0.068169,-0.001053,0.027837
2284,-0.026959,1.354405,9.870430,-0.096226,-1.036335,-0.112970,7.807529,0.245068,-3.183322,-0.997289,-0.068114,-0.000242,0.027857
2285,-0.016644,1.369684,9.897332,0.042682,-0.629132,-0.071740,7.816407,0.173664,-3.190105,-0.997284,-0.068174,0.000386,0.027874
2286,-0.018940,1.360980,9.890322,0.164816,-0.191333,-0.061038,7.831886,0.131806,-3.194121,-0.997275,-0.068298,0.000756,0.027884
2287,-0.033559,1.372951,9.877858,-0.236436,-0.078417,0.080873,7.844003,0.126778,-3.194377,-0.997268,-0.068403,0.000803,0.027883
2288,-0.055448,1.373262,9.848539,-0.181385,0.559587,0.134257,7.860402,0.168060,-3.189671,-0.997258,-0.068555,0.000445,0.027867
2289,-0.052739,1.362471,9.845721,0.491622,0.889404,0.068612,7.880571,0.235340,-3.182966,-0.997245,-0.068747,-0.000140,0.027848
2290,-0.067033,1.357127,9.836076,0.545026,0.730898,0.019757,7.897000,0.300208,-3.177795,-0.997234,-0.068906,-0.000703,0.027842
2291,-0.063139,1.364283,9.850349,0.464128,0.222907,0.089929,7.908982,0.344373,-3.173813,-0.997226,-0.069020,-0.001087,0.027834
2292,-0.073163,1.366901,9.835942,0.541943,0.082615,-0.038262,7.924571,0.368141,-3.172259,-0.997216,-0.069162,-0.001291,0.027835
2293,-0.067146,1.368335,9.858461,0.361870,-0.101958,-0.082522,7.936985,0.380917,-3.174310,-0.997208,-0.069273,-0.001398,0.027861
2294,-0.057712,1.369167,9.851642,0.555632,-0.462097,0.033451,7.945957,0.367708,-3.176460,-0.997202,-0.069348,-0.001280,0.027872
2295,-0.037794,1.392133,9.852793,0.662495,-0.807087,-0.003153,7.975783,0.320214,-3.178836,-0.997186,-0.069596,-0.000858,0.027864
2296,-0.031632,1.403093,9.855410,0.432228,-0.476151,-0.138932,8.023756,0.260932,-3.184009,-0.997158,-0.069999,-0.000327,0.027873
2297,-0.026334,1.415089,9.875842,0.450711,-0.134507,-0.149590,8.072763,0.218481,-3.190053,-0.997128,-0.070415,0.000058,0.027900
2298,-0.025951,1.400404,9.854795,0.708690,-0.046122,-0.178565,8.111474,0.192430,-3.195827,-0.997103,-0.070746,0.000298,0.027934
2299,-0.028226,1.403710,9.834262,0.630886,0.063680,-0.268586,8.137364,0.180608,-3.203160,-0.997086,-0.070968,0.000412,0.027991
2300,-0.038355,1.405453,9.828169,0.414212,0.143035,-0.253328,8.156457,0.186732,-3.211279,-0.997072,-0.071136,0.000368,0.028065
2301,-0.054411,1.407284,9.834381,0.208204,-0.110158,-0.131270,8.165219,0.210559,-3.217548,-0.997064,-0.071218,0.000167,0.028134
2302,-0.054299,1.386484,9.838769,0.465982,-0.505222,-0.126714,8.155541,0.231633,-3.223337,-0.997068,-0.071139,-0.000015,0.028198
2303,-0.056470,1.411185,9.831923,0.696308,-0.753818,-0.172511,8.157350,0.237790,-3.231319,-0.997065,-0.071156,-0.000064,0.028271
2304,-0.056153,1.426471,9.853704,0.256903,-0.817787,-0.094704,8.185502,0.236423,-3.239393,-0.997045,-0.071401,-0.000040,0.028340
2305,-0.050976,1.431644,9.846917,0.165458,-0.979441,-0.032155,8.214730,0.226071,-3.245655,-0.997026,-0.071653,0.000061,0.028388
2306,-0.043264,1.422928,9.844306,0.124323,-0.924455,-0.209170,8.232434,0.205940,-3.254115,-0.997013,-0.071802,0.000246,0.028449
2307,-0.034412,1.424319,9.852777,0.031244,-0.886297,-0.225956,8.235428,0.179144,-3.265610,-0.997009,-0.071821,0.000487,0.028533
2308,-0.019685,1.421487,9.873899,-0.162582,-0.955012,-0.155757,8.226556,0.139819,-3.276320,-0.997013,-0.071734,0.000834,0.028601
2309,0.002119,1.399945,9.862415,0.064654,-0.881912,-0.279337,8.199473,0.081475,-3.287928,-0.997029,-0.071484,0.001342,0.028666
2310,0.017556,1.390195,9.857055,0.358945,-1.043881,-0.283882,8.163961,0.006437,-3.301842,-0.997049,-0.071156,0.001995,0.028741
2311,0.028495,1.405067,9.856977,0.364900,-1.898632,-0.065642,8.146294,-0.088340,-3.314578,-0.997058,-0.070978,0.002823,0.028793
2312,0.041104,1.396569,9.855419,0.033685,-3.269123,-0.012204,8.135347,-0.215906,-3.328040,-0.997063,-0.070850,0.003938,0.028832
2313,0.049966,1.387553,9.873676,-0.196874,-4.714319,0.115995,8.103811,-0.377138,-3.345020,-0.997077,-0.070534,0.005344,0.028881
2314,0.073490,1.412031,9.915258,0.021243,-6.536335,0.140419,8.083021,-0.575764,-3.367106,-0.997080,-0.070301,0.007080,0.028952
2315,0.101965,1.395839,9.935454,0.633111,-8.726054,-0.093045,8.088713,-0.831035,-3.402070,-0.997059,-0.070281,0.009324,0.029098
2316,0.152490,1.392148,9.969156,1.618784,-11.353713,-0.294465,8.112183,-1.164339,-3.455442,-0.997012,-0.070392,0.012263,0.029354
2317,0.221299,1.436744,10.001029,3.483439,-15.151782,-0.640844,8.194034,-1.607899,-3.533516,-0.996903,-0.070973,0.016191,0.029747
2318,0.334561,1.474675,9.955758,6.115759,-20.558264,-0.999421,8.377418,-2.218652,-3.647030,-0.996682,-0.072377,0.021623,0.030317
2319,0.448603,1.503631,9.889555,7.341243,-26.643867,-0.395128,8.641391,-3.036213,-3.787919,-0.996329,-0.074398,0.028892,0.030949
2320,0.625517,1.570744,9.849108,8.241768,-33.146137,-0.147894,8.957039,-4.079618,-3.952007,-0.995818,-0.076766,0.038155,0.031576
2321,0.859026,1.590660,9.727132,8.783720,-39.608913,-0.428605,9.307553,-5.372071,-4.158112,-0.995091,-0.079297,0.049618,0.032319
2322,1.109569,1.621009,9.636410,8.446679,-43.949306,-0.161478,9.658519,-6.877637,-4.402265,-0.994116,-0.081678,0.062953,0.033156
2323,1.362395,1.653715,9.611278,5.649773,-45.976452,0.168231,9.951033,-8.499580,-4.662602,-0.992932,-0.083417,0.077283,0.033991
2324,1.638811,1.679773,9.586106,4.603018,-46.959854,-0.912007,10.174596,-10.164445,-4.950100,-0.991559,-0.084432,0.091968,0.034997
2325,1.912159,1.710022,9.519055,3.937713,-47.183315,-1.146878,10.377656,-11.840395,-5.269885,-0.989972,-0.085139,0.106747,0.036221
2326,2.164828,1.796263,9.528018,2.796419,-46.619308,-0.215979,10.579379,-13.490870,-5.588694,-0.988201,-0.085743,0.121282,0.037392
2327,2.417848,1.824774,9.467711,1.600292,-46.407650,0.350177,10.767438,-15.103349,-5.892275,-0.986283,-0.086164,0.135448,0.038412
2328,2.669446,1.840880,9.384513,2.209343,-46.328667,0.368503,10.954841,-16.695147,-6.193848,-0.984198,-0.086497,0.149406,0.039371
2330,2.955111,1.840804,9.307514,2.035561,-47.171345,1.425989,11.148347,-18.303116,-6.486793,-0.981903,-0.086788,0.163467,0.040169
2331,3.235804,1.833896,9.181637,1.921232,-48.577175,2.007420,11.328379,-19.970203,-6.764307,-0.979347,-0.086854,0.177979,0.040735
2332,3.545858,1.830903,9.069539,3.128307,-52.220139,1.593985,11.532690,-21.745623,-7.062907,-0.976391,-0.086921,0.193396,0.041269
2333,3.854882,1.855661,8.900360,3.493098,-57.129776,1.909963,11.795525,-23.690338,-7.408946,-0.972854,-0.087163,0.210252,0.041852
2334,4.246733,1.809465,8.760444,1.749000,-64.209511,3.860281,12.040841,-25.883879,-7.768908,-0.968587,-0.086895,0.229141,0.042224
2335,4.636906,1.820969,8.553845,0.642663,-71.600777,4.014677,12.249501,-28.373547,-8.156002,-0.963387,-0.085848,0.250424,0.042469
2336,5.064578,1.827765,8.387704,-0.254576,-77.560890,3.688421,12.490302,-31.108753,-8.626377,-0.957141,-0.084454,0.273688,0.042936
2337,5.446319,1.783410,8.103721,-1.489057,-78.952423,3.705521,12.746282,-33.968407,-9.159316,-0.950029,-0.082644,0.297852,0.043569
2338,5.843426,1.750958,7.900002,-1.502865,-76.536667,3.403728,13.003098,-36.788425,-9.714531,-0.942445,-0.080512,0.321496,0.044229
2339,6.130124,1.806800,7.642016,0.018489,-70.964981,1.565206,13.358189,-39.402958,-10.327683,-0.934806,-0.078919,0.343328,0.045110
2340,6.400092,1.830168,7.429956,1.146307,-63.966137,0.626769,13.853381,-41.708851,-11.011714,-0.927507,-0.078271,0.362579,0.046273
2341,6.609582,1.825197,7.225179,1.558460,-56.225262,0.274181,14.391417,-43.678661,-11.693338,-0.920876,-0.078068,0.378999,0.047456
2342,6.821784,1.859545,7.077959,1.268654,-49.362938,0.199236,14.913134,-45.327461,-12.336765,-0.915054,-0.078007,0.392719,0.048600
2343,7.007612,1.845944,6.919407,0.507279,-45.047112,-0.055789,15.390383,-46.737263,-12.941588,-0.909895,-0.077838,0.404422,0.049747
2344,7.183627,1.863415,6.753977,0.615629,-43.038361,-0.896755,15.858006,-48.015282,-13.549082,-0.905062,-0.077597,0.415020,0.050995
2345,7.312363,1.858397,6.597503,0.069333,-42.367775,-0.550552,16.335957,-49.230457,-14.174622,-0.900329,-0.077308,0.425083,0.052306
2346,7.457585,1.836320,6.402445,-0.388511,-44.503357,-0.349255,16.803782,-50.469765,-14.811185,-0.895424,-0.076708,0.435272,0.053567
2347,7.598278,1.816398,6.177897,0.021857,-49.112583,-1.180930,17.342985,-51.837276,-15.538353,-0.889881,-0.075947,0.446463,0.054900
2348,7.745367,1.835814,5.902040,0.780176,-54.459023,-1.904256,18.071945,-53.387524,-16.455511,-0.883348,-0.075382,0.459161,0.056443
2349,7.923088,1.845784,5.639774,1.375284,-58.259899,-2.296482,19.027893,-55.102764,-17.589771,-0.875810,-0.075071,0.473224,0.058140
2350,8.130964,1.882068,5.329190,1.801069,-60.159660,-2.584964,20.209297,-56.925613,-18.938005,-0.867454,-0.074949,0.488177,0.059909
2351,8.291873,1.926580,5.008698,2.028560,-60.576385,-2.273826,21.624029,-58.792553,-20.503014,-0.858505,-0.075021,0.503523,0.061696
2352,8.480827,1.933483,4.709288,1.741831,-59.531330,-1.344704,23.197157,-60.645123,-22.218374,-0.849284,-0.075006,0.518730,0.063321
2353,8.630632,1.977651,4.437158,1.549692,-57.930794,-0.899310,24.894165,-62.430645,-24.056684,-0.840067,-0.074823,0.533378,0.064785
2354,8.779694,1.975636,4.136442,0.857034,-57.001579,-0.199099,26.727495,-64.144424,-26.038958,-0.830890,-0.074439,0.547453,0.066157
2355,8.918471,1.957058,3.841965,0.861673,-57.055054,-0.125956,28.726139,-65.827087,-28.198692,-0.821588,-0.073745,0.561262,0.067380
2356,9.044912,1.932406,3.578488,0.774693,-57.119141,0.760617,30.919746,-67.484047,-30.558449,-0.812149,-0.072746,0.574846,0.068373
2357,9.155582,1.944821,3.299576,0.837216,-57.724827,1.271844,33.377743,-69.108536,-33.183109,-0.802563,-0.071530,0.588211,0.069168
2358,9.294196,1.895572,2.996492,0.428203,-58.127537,2.285169,36.171230,-70.718224,-36.148460,-0.792730,-0.070012,0.601510,0.069735
2359,9.373135,1.867893,2.695648,-0.022042,-58.432564,4.177539,39.300888,-72.324387,-39.460999,-0.782682,-0.067952,0.614739,0.069904
2360,9.457104,1.828408,2.407094,-0.739344,-58.175991,6.205764,42.808231,-73.905365,-43.163265,-0.772553,-0.065323,0.627728,0.069661
2361,9.565322,1.795026,2.075705,-1.152984,-56.974846,6.700459,46.860485,-75.427559,-47.420551,-0.762389,-0.062309,0.640388,0.069165
2362,9.623570,1.745373,1.768030,-1.902310,-53.989937,7.793319,51.542000,-76.838539,-52.314304,-0.752403,-0.059061,0.652461,0.068529
2363,9.661984,1.687571,1.497972,-2.813389,-49.369156,9.395844,56.599262,-78.098381,-57.595436,-0.743092,-0.055436,0.663448,0.067663
2364,9.756125,1.621183,1.246178,-3.358257,-42.770668,8.761391,61.761856,-79.163368,-62.988480,-0.734867,-0.051623,0.672947,0.066693
2365,9.767374,1.582959,1.038484,-3.739856,-35.837879,6.604032,66.793358,-79.973808,-68.248466,-0.727970,-0.048150,0.680720,0.066039
2366,9.756202,1.564660,0.896492,-4.225230,-29.959314,5.464326,71.351021,-80.533730,-73.033760,-0.722463,-0.045203,0.686776,0.065899
2367,9.773507,1.550454,0.779711,-4.762502,-25.559174,5.583375,75.210152,-80.929985,-77.125336,-0.718162,-0.042508,0.691428,0.066069
2368,9.717343,1.503869,0.660347,-5.568346,-22.800829,5.748155,78.507004,-81.248146,-80.667946,-0.714671,-0.039769,0.695169,0.066359
2369,9.721214,1.454618,0.528220,-5.179379,-23.794786,6.280718,81.895638,-81.548897,-84.305542,-0.711288,-0.036896,0.698770,0.066554
2370,9.773542,1.410316,0.337915,-4.318864,-26.565168,5.646008,86.336479,-81.833458,-88.974770,-0.707185,-0.034071,0.703065,0.066545
2371,9.797818,1.417785,0.138304,-4.160219,-32.296200,-1.374750,92.568459,-81.918251,-95.423042,-0.701658,-0.032138,0.708602,0.067276
2372,9.761908,1.459197,-0.086217,-2.873872,-40.617023,-9.146458,100.547615,-81.571556,-103.605927,-0.694072,-0.031994,0.715816,0.069631
2373,9.828636,1.559641,-0.355045,-0.598692,-49.501179,-13.565923,109.333244,-80.730446,-112.551193,-0.684094,-0.033573,0.724939,0.073152
2374,9.769302,1.662468,-0.620864,-0.481167,-54.402790,-15.002361,117.465744,-79.475632,-120.818321,-0.672244,-0.036044,0.735406,0.077240
2375,9.683643,1.751539,-0.867727,-1.474548,-56.084606,-12.511120,124.111809,-78.009277,-127.627693,-0.659633,-0.038276,0.746184,0.081422
2376,9.620839,1.759861,-1.141342,-1.952192,-53.489075,-4.120481,129.620667,-76.615204,-133.338150,-0.647338,-0.038958,0.756500,0.084517
2377,9.596282,1.759542,-1.423883,-3.078353,-48.099438,3.002408,134.429733,-75.457092,-138.384064,-0.636182,-0.037512,0.765822,0.085912
2378,9.540650,1.681319,-1.677283,-4.389125,-41.186829,6.649530,138.566513,-74.534081,-142.794601,-0.626592,-0.034441,0.773807,0.086135
2379,9.496982,1.637898,-1.895722,-4.566108,-36.143406,6.506444,141.998947,-73.764946,-146.511963,-0.618441,-0.030765,0.780518,0.085890
2380,9.475923,1.620765,-2.094532,-3.836695,-33.574986,4.477298,144.745895,-73.027679,-149.520035,-0.611113,-0.027500,0.786404,0.085758
2381,9.447275,1.643904,-2.271641,-2.931833,-32.076221,2.292357,146.884384,-72.256462,-151.881104,-0.604133,-0.025086,0.791832,0.085995
2382,9.359296,1.599626,-2.440995,-2.480180,-30.826216,0.259929,148.570877,-71.451103,-153.755463,-0.597320,-0.023401,0.796978,0.086528
2383,9.342262,1.629234,-2.606581,-1.911033,-31.569088,-2.196733,149.922638,-70.591866,-155.267227,-0.590418,-0.022364,0.802044,0.087356
2384,9.336003,1.662579,-2.800420,-1.477711,-33.538845,-2.324925,151.088791,-69.645187,-156.576416,-0.583045,-0.021783,0.807321,0.088416
2385,9.267853,1.650784,-2.989010,-1.349557,-34.916634,-2.089938,152.254990,-68.626884,-157.879684,-0.575103,-0.021183,0.812909,0.089368
2386,9.279240,1.661391,-3.187295,-1.097770,-35.964863,-1.551214,153.435730,-67.569931,-159.194061,-0.566786,-0.020406,0.818671,0.090085
2387,9.304420,1.684219,-3.390059,-0.920745,-35.076641,0.458541,154.612106,-66.530121,-160.504395,-0.558489,-0.019317,0.824335,0.090484
2388,9.201222,1.728307,-3.529166,-1.256479,-31.719391,1.918883,155.675995,-65.579216,-161.714432,-0.550817,-0.017936,0.829485,0.090739
2389,9.118247,1.708703,-3.661491,-2.149222,-27.447989,2.050080,156.526947,-64.762947,-162.731140,-0.544204,-0.016431,0.833829,0.091113
2390,9.069488,1.732608,-3.772932,-2.599478,-23.597630,1.076482,157.129425,-64.079704,-163.510956,-0.538704,-0.015050,0.837348,0.091761
2391,8.971091,1.731476,-3.867140,-3.051301,-20.780256,0.224900,157.501358,-63.492157,-164.063614,-0.534061,-0.013968,0.840226,0.092755
2392,8.900837,1.756093,-3.916914,-3.765619,-19.703901,-1.449203,157.676025,-62.955261,-164.427887,-0.529932,-0.013202,0.842692,0.094172
2393,8.864441,1.780861,-4.004876,-4.640191,-20.302956,-1.894980,157.716171,-62.418427,-164.679764,-0.525892,-0.012621,0.845019,0.096032
2394,8.855419,1.750414,-4.108600,-5.119497,-20.596855,-2.317761,157.764160,-61.865421,-164.955536,-0.521696,-0.011917,0.847406,0.097950
2395,8.827456,1.696892,-4.265757,-4.304668,-20.663527,-1.669086,157.957886,-61.302059,-165.357895,-0.517283,-0.010939,0.849957,0.099354
2396,8.819893,1.686915,-4.476871,-3.138716,-20.927338,0.813955,158.401520,-60.712029,-165.973419,-0.512448,-0.009512,0.852839,0.099858
2397,8.760410,1.685154,-4.601340,-2.331277,-20.436049,2.674472,159.034409,-60.110210,-166.754227,-0.507350,-0.007647,0.855928,0.099628
2398,8.722631,1.641036,-4.717725,-1.120953,-20.199644,2.302603,159.734177,-59.516438,-167.568787,-0.502263,-0.005717,0.859018,0.098933
2399,8.614627,1.663600,-4.791798,0.545602,-21.090900,2.292327,160.428452,-58.901199,-168.331436,-0.497054,-0.004094,0.862160,0.097983
2400,8.560517,1.682474,-4.841627,1.178993,-21.980532,3.145549,161.084122,-58.265091,-169.035141,-0.491731,-0.002688,0.865323,0.096999
2401,8.461989,1.657076,-4.859383,2.024400,-20.825220,3.415781,161.699646,-57.668770,-169.687836,-0.486735,-0.001342,0.868263,0.095952
2402,8.401344,1.622103,-4.970058,3.460325,-21.172852,4.358945,162.342636,-57.104652,-170.335724,-0.481976,-0.000018,0.871068,0.094550
2403,8.288736,1.511559,-5.060413,3.927379,-22.842007,6.043832,163.134247,-56.510746,-171.105560,-0.476891,0.001653,0.874083,0.092477
2404,8.234231,1.518011,-5.206141,4.490607,-25.817471,5.482579,163.998840,-55.820957,-171.938477,-0.471034,0.003478,0.877494,0.090106
2405,8.150305,1.498500,-5.339086,3.495799,-27.938522,2.800146,164.735703,-54.999649,-172.648758,-0.464266,0.004839,0.881277,0.088225
2406,8.031166,1.439180,-5.459804,2.476570,-29.817026,-2.296335,165.249969,-54.061291,-173.136490,-0.456743,0.005353,0.885302,0.087157
2407,7.951789,1.429178,-5.610403,3.175550,-30.238291,-6.439095,165.556900,-53.040749,-173.374664,-0.448733,0.004742,0.889438,0.086694
2408,7.931984,1.534452,-5.782724,4.439020,-27.665642,-8.454852,165.684326,-52.031952,-173.375122,-0.440946,0.003041,0.893336,0.086644
2409,7.857170,1.494828,-5.904130,3.880494,-21.781624,-7.394373,165.736389,-51.176281,-173.274460,-0.434388,0.001034,0.896548,0.086645
2410,7.819235,1.471761,-6.022133,4.797658,-16.262180,-3.829662,165.890869,-50.555962,-173.265900,-0.429569,-0.000354,0.898932,0.085974
2411,7.847007,1.477905,-6.136482,7.372039,-12.517265,1.386208,166.257202,-50.150433,-173.440628,-0.426274,-0.000824,0.900674,0.084116
2412,7.774331,1.536184,-6.158663,8.034329,-10.234087,3.069452,166.726059,-49.882519,-173.706787,-0.423984,-0.000774,0.901981,0.081650
2413,7.744016,1.549643,-6.198770,7.338368,-10.406085,1.575504,167.096939,-49.646091,-173.893555,-0.421998,-0.000932,0.903093,0.079617
2414,7.757884,1.529171,-6.286437,7.866127,-11.576050,-1.479555,167.347244,-49.364315,-173.944870,-0.419750,-0.001749,0.904275,0.078064
2415,7.661515,1.554847,-6.295958,8.192398,-10.843232,-5.834795,167.441147,-49.034882,-173.788681,-0.417266,-0.003675,0.905507,0.077022
2416,7.513468,1.577875,-6.242181,4.508412,-8.247279,-10.310734,167.244659,-48.717159,-173.353836,-0.415070,-0.006741,0.906478,0.077263
2417,7.491378,1.483209,-6.255496,1.869773,-5.294198,-12.326756,166.845871,-48.480782,-172.764648,-0.413641,-0.010224,0.906992,0.078497
2418,7.463543,1.410795,-6.266316,3.035563,0.016497,-7.336891,166.582245,-48.416592,-172.307663,-0.413477,-0.012964,0.906989,0.078994
2419,7.399144,1.467328,-6.176155,3.310313,6.136318,-0.324964,166.557541,-48.667912,-172.111710,-0.415588,-0.014130,0.906071,0.078240
2420,7.406989,1.433067,-6.119899,3.044892,9.482400,5.184032,166.726517,-49.202606,-172.171661,-0.419720,-0.013648,0.904311,0.076611
2421,7.482243,1.341925,-6.077471,6.983494,10.780384,8.933680,167.162766,-49.789627,-172.475998,-0.424067,-0.012185,0.902542,0.073739
2422,7.517900,1.373213,-5.976277,10.798409,11.366979,12.553443,167.830887,-50.364063,-172.934799,-0.428205,-0.010431,0.900932,0.069670
2423,7.728662,1.281541,-6.150222,8.791909,4.394151,6.852845,168.525162,-50.825195,-173.386795,-0.431481,-0.009008,0.899694,0.065518
2424,7.826905,1.094845,-6.206086,7.754581,-6.933937,0.046148,169.101852,-50.898899,-173.697266,-0.431840,-0.008671,0.899768,0.062100
2425,7.870545,1.025676,-6.282014,6.598339,-18.160107,-2.434481,169.593033,-50.512383,-173.917435,-0.428661,-0.009145,0.901466,0.059364
2427,7.683497,1.106285,-6.462372,2.718221,-26.833811,-2.064884,169.972229,-49.704689,-174.128586,-0.422185,-0.009612,0.904617,0.057757
2428,7.448253,1.035078,-6.685789,-0.934572,-33.489391,-3.209180,170.230759,-48.503540,-174.359146,-0.412580,-0.009768,0.909059,0.057403
2429,7.058171,1.089637,-6.654553,-0.401774,-31.250744,-0.534184,170.453598,-47.153168,-174.622528,-0.401726,-0.009599,0.913903,0.057484
2430,6.798595,1.207076,-6.777870,0.329127,-25.313387,2.842411,170.648102,-45.915985,-174.896820,-0.391714,-0.009090,0.918232,0.057681
2431,6.575665,1.230041,-6.914401,1.314662,-18.526251,1.082508,170.771530,-44.851921,-175.091553,-0.383088,-0.008793,0.921846,0.058011
2432,6.566836,1.193088,-7.033893,2.205609,-15.131160,-1.240416,170.837234,-43.963314,-175.157242,-0.375910,-0.009181,0.924779,0.058239
2433,6.640331,1.196263,-7.131741,0.990839,-13.774259,-2.716306,170.849762,-43.235600,-175.136826,-0.370055,-0.009956,0.927112,0.058508
2434,6.683027,1.175501,-7.206232,-0.245244,-15.065894,-3.717508,170.803238,-42.599316,-175.075058,-0.364951,-0.010807,0.929088,0.059069
2435,6.659380,1.171481,-7.251117,-2.369350,-16.734114,-5.267926,170.696533,-41.974129,-174.986298,-0.359948,-0.011684,0.930966,0.060033
2436,6.606878,1.209723,-7.298311,-4.244729,-19.976902,-4.196774,170.530884,-41.304127,-174.907883,-0.354573,-0.012344,0.932919,0.061545
2437,6.518511,1.247645,-7.292411,-5.499104,-23.202742,-2.808246,170.349518,-40.566505,-174.898666,-0.348602,-0.012464,0.935038,0.063450
2438,6.378520,1.299184,-7.362914,-5.764729,-26.422434,-0.270730,170.197830,-39.741325,-174.989639,-0.341844,-0.011945,0.937397,0.065470
2439,6.218009,1.353867,-7.460669,-6.067026,-28.856417,1.532750,170.091187,-38.804874,-175.184387,-0.334090,-0.010813,0.940060,0.067482
2440,6.062188,1.309110,-7.561841,-5.031002,-30.927378,3.520916,170.081375,-37.778843,-175.492035,-0.325498,-0.009107,0.942975,0.069044
2441,5.942950,1.270354,-7.670559,-2.966298,-33.665199,5.699983,170.242905,-36.685497,-175.937408,-0.316225,-0.006776,0.946107,0.069558
2442,5.792812,1.231344,-7.798032,-1.775800,-37.503197,6.720988,170.542709,-35.497219,-176.486130,-0.306068,-0.003982,0.949486,0.069162
2443,5.659625,1.185230,-7.990133,-1.207759,-41.641850,7.061503,170.917435,-34.172920,-177.090546,-0.294719,-0.000934,0.953145,0.068223
2444,5.404618,1.135841,-8.083093,-0.784603,-46.487087,6.332377,171.317886,-32.680355,-177.705002,-0.281931,0.002129,0.957090,0.067003
2445,5.180902,1.190721,-8.281168,-0.523301,-52.879745,6.469872,171.682465,-30.969282,-178.298309,-0.267285,0.005087,0.961346,0.065926
2446,4.878703,1.209245,-8.470822,-1.467682,-58.530987,5.972418,171.965118,-29.015236,-178.863678,-0.250553,0.007974,0.965862,0.065345
2447,4.580419,1.197983,-8.670217,-1.307368,-62.868549,5.706832,172.192245,-26.860828,-179.408691,-0.232064,0.010806,0.970465,0.065024
2448,4.233669,1.153913,-8.919338,-0.644956,-64.790703,5.986020,172.429474,-24.576422,-179.956390,-0.212390,0.013679,0.974963,0.064424
2449,3.909071,1.184604,-9.088339,-0.724146,-62.168686,6.870994,172.655579,-22.298422,179.497238,-0.192690,0.016680,0.979049,0.063685
2450,3.613733,1.158803,-9.243903,-1.541945,-56.670109,6.313962,172.822540,-20.190699,178.986542,-0.174391,0.019661,0.982451,0.063170
2451,3.374844,1.114660,-9.397197,-4.048861,-49.198204,5.952314,172.917389,-18.355253,178.525574,-0.158393,0.022528,0.985105,0.063021
2452,3.137441,1.087230,-9.476874,-6.644177,-40.677689,4.556161,172.916031,-16.843422,178.128693,-0.145161,0.025169,0.987048,0.063493
2453,2.934204,1.140791,-9.399227,-7.603773,-33.444733,2.139173,172.802017,-15.646919,177.838837,-0.134656,0.027189,0.988401,0.064740
2454,2.797944,1.130500,-9.417100,-7.838606,-31.216499,0.360036,172.626923,-14.661047,177.644867,-0.125991,0.028543,0.989397,0.066376
2455,2.613321,1.176941,-9.377298,-7.914725,-31.879766,-0.888056,172.434341,-13.723034,177.503250,-0.117754,0.029464,0.990268,0.068084
2456,2.410785,1.261440,-9.372132,-7.466067,-34.911324,-2.917467,172.205841,-12.703137,177.413269,-0.108820,0.029898,0.991141,0.070021
2457,2.233036,1.325095,-9.386713,-8.108590,-37.826988,-5.122404,171.930878,-11.559446,177.383362,-0.098830,0.029744,0.992030,0.072276
2458,2.014733,1.402156,-9.420738,-9.663711,-41.005177,-7.084743,171.589691,-10.292565,177.405762,-0.087781,0.029061,0.992884,0.075039
2459,1.754840,1.485417,-9.486983,-10.231638,-43.956161,-7.896569,171.193375,-8.885227,177.452393,-0.075511,0.028044,0.993675,0.078244
2460,1.520610,1.555399,-9.625998,-10.790405,-45.768936,-7.959177,170.782120,-7.369947,177.489090,-0.062290,0.026957,0.994354,0.081573
2461,1.301942,1.598526,-9.736469,-9.841435,-44.709900,-6.624008,170.407425,-5.851151,177.487183,-0.049017,0.026088,0.994867,0.084599
2462,1.070607,1.671217,-9.828200,-7.656364,-41.651806,-5.073650,170.109726,-4.428137,177.437180,-0.036553,0.025592,0.995210,0.086977
2463,0.864346,1.680110,-9.857268,-5.506283,-37.917610,-3.302003,169.907242,-3.150756,177.344009,-0.025340,0.025495,0.995424,0.088540
2464,0.704930,1.731634,-9.859076,-4.640968,-34.143539,-2.500804,169.766739,-2.044269,177.226044,-0.015604,0.025695,0.995526,0.089573
2465,0.506444,1.711215,-9.772133,-3.465861,-30.862228,-2.398458,169.663513,-1.080791,177.111969,-0.007120,0.025946,0.995553,0.090285
2466,0.338550,1.725579,-9.687728,-1.895506,-30.292479,-2.901902,169.611008,-0.180184,177.014771,0.000793,0.026083,0.995550,0.090547
2467,0.158204,1.709123,-9.667223,-0.073351,-33.548267,-1.844337,169.617538,0.771752,176.900528,0.009152,0.026324,0.995528,0.090264
2468,-0.045917,1.704888,-9.698873,1.973174,-37.567146,-0.947020,169.697159,1.862855,176.733871,0.018742,0.026921,0.995466,0.089278
2469,-0.274001,1.641071,-9.697079,4.590505,-41.328297,-0.367131,169.871475,3.109262,176.523956,0.029688,0.027806,0.995344,0.087380
2470,-0.535777,1.608695,-9.683677,7.127057,-46.374447,0.781886,170.142410,4.530626,176.267181,0.042156,0.029029,0.995106,0.084522
2471,-0.823187,1.570846,-9.768576,7.943897,-51.889214,1.370848,170.459274,6.154609,175.961136,0.056390,0.030604,0.994638,0.081106
2472,-1.174355,1.542078,-9.692939,8.040435,-55.609711,0.978600,170.766403,7.974985,175.635437,0.072320,0.032270,0.993834,0.077599
2473,-1.524565,1.526967,-9.631054,6.945058,-59.843143,0.339124,171.013000,9.976078,175.311050,0.089801,0.033821,0.992598,0.074438
2474,-1.890536,1.481761,-9.603004,5.741246,-63.716572,0.389354,171.189117,12.137566,174.978989,0.108655,0.035315,0.990862,0.071693
2475,-2.229735,1.477897,-9.679161,3.765284,-62.586426,-0.605659,171.296082,14.332715,174.657944,0.127764,0.036648,0.988694,0.069412
2476,-2.538956,1.409534,-9.554590,3.216089,-55.668240,-0.628636,171.365875,16.355898,174.377884,0.145328,0.037711,0.986360,0.067464
2477,-2.758512,1.395633,-9.527331,1.440102,-46.483688,-1.489311,171.416565,18.045794,174.158752,0.159952,0.038460,0.984175,0.065844
2478,-2.945907,1.345284,-9.440357,-0.110002,-36.221420,-1.901322,171.440094,19.333805,174.016296,0.171063,0.038795,0.982366,0.064730
2479,-3.099694,1.382241,-9.375994,-2.566548,-26.941566,-2.590999,171.409256,20.245815,173.941940,0.178918,0.038727,0.980992,0.064368
2480,-3.203964,1.390897,-9.215468,-4.657012,-21.784639,-2.500865,171.286713,20.894966,173.905121,0.184526,0.038375,0.979926,0.064987
2481,-3.317924,1.425130,-9.150375,-7.469329,-21.211611,-3.307942,171.070389,21.454107,173.887054,0.189380,0.037760,0.978923,0.066483
2482,-3.456058,1.476800,-9.088655,-7.988271,-23.377752,-4.241653,170.786224,22.070131,173.884506,0.194725,0.036835,0.977766,0.068544
2483,-3.584093,1.512232,-9.046836,-8.788023,-26.781572,-4.497859,170.471237,22.811401,173.879013,0.201137,0.035753,0.976348,0.070780
2484,-3.718864,1.549573,-8.962606,-10.500270,-29.799438,-5.265265,170.113174,23.681566,173.866852,0.208649,0.034507,0.974631,0.073281
2485,-3.897333,1.592993,-8.871471,-11.002462,-32.466484,-6.020481,169.717957,24.677982,173.855881,0.217221,0.033022,0.972598,0.076005
2486,-4.046871,1.627870,-8.766175,-10.862224,-34.341667,-6.119568,169.316238,25.771931,173.837631,0.226600,0.031438,0.970295,0.078688
2487,-4.206927,1.637739,-8.663422,-12.006741,-34.373547,-5.687666,168.906342,26.898277,173.804886,0.236235,0.029860,0.967823,0.081362
2488,-4.366120,1.647671,-8.536914,-11.130819,-32.533115,-5.785314,168.514832,27.995953,173.774963,0.245590,0.028253,0.965325,0.083877
2489,-4.559608,1.718571,-8.351401,-8.020976,-31.541231,-6.088971,168.185776,29.075502,173.751068,0.254744,0.026685,0.962819,0.085864
2490,-4.728853,1.730214,-8.185194,-6.609562,-33.897446,-6.217149,167.909851,30.220943,173.713638,0.264416,0.025230,0.960118,0.087303
2491,-4.961320,1.799503,-8.227050,-1.516116,-38.742489,-5.915011,167.715042,31.492441,173.633789,0.275121,0.024144,0.957083,0.087845
2492,-5.141098,1.698001,-8.170065,1.486975,-42.105762,-5.678566,167.672684,32.878506,173.528610,0.286727,0.023486,0.953771,0.086934
2493,-5.342782,1.732004,-8.063785,3.141258,-43.814838,-6.467594,167.729675,34.334045,173.427353,0.298839,0.022965,0.950222,0.085122
2494,-5.518765,1.705140,-8.147169,4.383512,-43.892403,-6.443226,167.830093,35.759209,173.331146,0.310639,0.022553,0.946633,0.082956
2495,-5.665136,1.660348,-8.144419,6.260648,-37.867275,-5.574986,168.016937,36.982143,173.263596,0.320695,0.022367,0.943508,0.080290
2496,-5.784128,1.562433,-7.921010,3.622647,-28.455914,-5.262207,168.243759,37.911419,173.259537,0.328264,0.022097,0.941126,0.077695
2497,-5.904404,1.569541,-7.805718,3.889944,-21.623421,-5.196599,168.453262,38.583138,173.311844,0.333678,0.021600,0.939402,0.075610
2498,-5.991096,1.555193,-7.789664,5.174908,-16.953119,-4.461012,168.672211,39.051201,173.377106,0.337414,0.021245,0.938230,0.073650
2499,-6.049636,1.446153,-7.608755,5.428380,-12.624713,-3.363831,168.930634,39.385708,173.452942,0.340045,0.021064,0.937450,0.071506
2500,-6.118660,1.371844,-7.510058,5.201277,-11.034092,-3.673690,169.227661,39.679676,173.559692,0.342320,0.020798,0.936803,0.069177
2501,-6.181698,1.398497,-7.503913,5.552427,-11.776747,-4.650348,169.524887,39.988750,173.685486,0.344708,0.020375,0.936101,0.066899
2502,-6.247673,1.443155,-7.494490,5.413526,-12.401937,-4.714320,169.761627,40.322456,173.781906,0.347326,0.020002,0.935274,0.065018
2503,-6.316545,1.372528,-7.453037,4.084323,-12.793726,-3.983228,169.936325,40.681728,173.844696,0.350181,0.019703,0.934317,0.063531
2504,-6.398043,1.265097,-7.414379,2.906344,-13.240552,-4.262456,170.117050,41.079094,173.932098,0.353329,0.019199,0.933242,0.062048
2505,-6.469089,1.315454,-7.425185,3.029986,-14.247411,-5.528965,170.303375,41.508324,174.051804,0.356716,0.018435,0.932063,0.060607
2506,-6.535256,1.299351,-7.315365,2.691129,-13.964924,-5.214501,170.449677,41.960121,174.158813,0.360297,0.017642,0.930774,0.059447
2507,-6.605517,1.258269,-7.204718,2.077571,-14.453226,-4.636053,170.555954,42.451370,174.239120,0.364214,0.016918,0.929322,0.058508
2508,-6.687504,1.191408,-7.103863,0.661433,-15.871004,-4.565820,170.636047,43.011761,174.313217,0.368691,0.016112,0.927618,0.057724
2509,-6.764546,1.246571,-7.042488,1.231997,-18.692728,-4.085075,170.663528,43.658161,174.346085,0.373881,0.015406,0.925584,0.057180
2510,-6.828707,1.162209,-6.912951,0.270507,-21.413799,-2.096704,170.622726,44.400249,174.295807,0.379878,0.015068,0.923165,0.056850
2511,-6.908098,1.160606,-6.857751,-0.541359,-23.847992,-1.588555,170.526520,45.220875,174.186707,0.386523,0.014944,0.920414,0.056703
2512,-6.970478,1.105298,-6.756207,0.076633,-25.647291,-1.231519,170.423172,46.088810,174.055374,0.393537,0.014917,0.917451,0.056485
2513,-7.043812,1.126148,-6.668293,1.633105,-26.651466,-0.325168,170.336792,46.977375,173.889236,0.400705,0.015188,0.914370,0.055970
2514,-7.136606,1.080878,-6.596365,-0.167432,-26.318798,0.466731,170.220139,47.845428,173.682800,0.407708,0.015670,0.911287,0.055539
2515,-7.222557,1.057922,-6.564733,1.802688,-25.403023,0.877076,170.124680,48.652294,173.477997,0.414198,0.016244,0.908381,0.054958
2516,-7.326899,1.000666,-6.443700,7.650281,-23.840168,3.171838,170.157990,49.396381,173.247711,0.420165,0.017525,0.905712,0.053284
2517,-7.380641,0.989441,-6.335835,11.964363,-20.969616,4.813444,170.318222,50.063450,172.952942,0.425513,0.019848,0.903329,0.050406
2518,-7.415350,0.921957,-6.169412,14.851714,-17.784782,4.993181,170.587372,50.639259,172.643906,0.430106,0.022775,0.901284,0.046671
2519,-7.497652,1.001164,-6.201577,20.520721,-16.102936,3.723420,170.986206,51.124859,172.347687,0.433932,0.026181,0.899584,0.042025
2520,-7.613023,0.981030,-6.134938,20.714539,-13.172845,3.073399,171.452042,51.527115,172.058044,0.437057,0.029878,0.898178,0.036940
2521,-7.693582,0.877959,-6.107841,17.723763,-10.984464,1.086627,171.951767,51.875477,171.868759,0.439692,0.032983,0.896972,0.032014
2522,-7.800575,0.829087,-6.147868,16.330688,-10.196862,-1.650972,172.519409,52.184650,171.844894,0.441937,0.035105,0.895945,0.027230
2523,-7.896962,0.807780,-6.202708,15.283957,-10.039373,-3.143354,173.122681,52.466793,171.927612,0.443926,0.036576,0.895031,0.022612
2524,-7.923939,0.798729,-6.022543,11.473646,-9.409009,-2.934183,173.609451,52.766628,171.998138,0.446086,0.037699,0.893997,0.018855
2525,-7.911461,0.812258,-5.951613,8.296417,-11.618617,-1.175992,173.840302,53.128864,171.937668,0.448831,0.038819,0.892620,0.016544
2526,-7.888912,0.784025,-5.770505,2.358685,-16.228647,0.353437,173.770706,53.623833,171.718246,0.452723,0.039907,0.890617,0.015843
2527,-7.845633,0.689728,-5.573564,-5.089638,-22.866871,2.247442,173.404419,54.348114,171.391449,0.458494,0.040461,0.887617,0.016812
2528,-7.849902,0.848859,-5.404104,-10.069086,-29.213776,1.463545,172.704102,55.307060,170.930435,0.466189,0.040453,0.883543,0.019560
2530,-7.966197,0.749860,-5.311871,-13.127377,-34.747349,3.752842,171.767899,56.452427,170.347946,0.475382,0.040108,0.878555,0.023330
2531,-8.132666,0.795301,-5.095683,-13.321312,-37.702194,3.148695,170.772537,57.754604,169.721298,0.485745,0.039496,0.872789,0.027032
2532,-8.251879,0.815270,-4.923886,-11.624559,-39.381474,2.701604,169.787842,59.153427,169.072403,0.496766,0.038751,0.866491,0.030240
2533,-8.488574,0.866419,-4.731882,-9.172430,-40.470249,0.740703,168.893173,60.609280,168.445877,0.508088,0.037912,0.859854,0.032572
2534,-8.669055,0.794554,-4.543631,-6.915508,-43.243710,-1.086131,168.189713,62.156658,167.932602,0.519888,0.036734,0.852781,0.033654
2535,-8.814333,0.869196,-4.269526,-5.197204,-45.387020,-5.958802,167.706268,63.820572,167.591904,0.532297,0.034942,0.845170,0.033567
2536,-8.836176,0.774306,-4.180770,-4.711824,-47.569698,-8.579224,167.477936,65.521057,167.492371,0.544691,0.032396,0.837378,0.032570
2537,-8.923785,0.818305,-3.970378,-2.319008,-47.760548,-10.372561,167.467331,67.176643,167.573303,0.556527,0.029592,0.829728,0.030874
2538,-8.993203,0.875206,-3.745226,-0.509242,-45.962910,-9.692011,167.408707,68.755035,167.556931,0.567741,0.027351,0.822236,0.029149
2539,-9.104961,0.779261,-3.475538,0.918990,-42.694248,-5.820628,167.171890,70.222961,167.303680,0.578169,0.026024,0.815034,0.027626
2540,-9.230404,0.805357,-3.224820,2.017608,-39.970451,-3.649097,166.679810,71.590797,166.741013,0.587922,0.025628,0.808082,0.026374
2541,-9.337363,0.887745,-2.861710,2.531673,-38.885838,-0.859263,165.651031,72.925964,165.616989,0.597585,0.026252,0.800959,0.025837
2542,-9.402884,0.951108,-2.604810,1.200783,-38.404305,1.727936,163.846024,74.252434,163.729218,0.607425,0.027759,0.793455,0.026331
2543,-9.406819,0.861855,-2.473808,0.658848,-38.020271,6.732117,161.339828,75.480736,161.148666,0.616828,0.029900,0.786047,0.027560
2544,-9.414658,0.883236,-2.355426,-0.276659,-35.133274,8.340872,158.355408,76.519455,158.089874,0.625148,0.032417,0.779287,0.029163
2545,-9.414594,0.855418,-2.186897,-0.728369,-31.185448,9.163586,155.194962,77.354210,154.869843,0.632206,0.034865,0.773400,0.030877
2546,-9.535654,0.897861,-1.957467,0.342839,-27.489454,9.282652,151.975830,78.053688,151.580154,0.638428,0.037225,0.768099,0.032368
2547,-9.619250,0.842612,-1.839075,0.358149,-26.860664,7.989977,148.840881,78.701675,148.357285,0.644255,0.039236,0.763078,0.033297
2548,-9.639421,0.904679,-1.591954,-0.534449,-27.593134,3.591870,145.802917,79.408234,145.252640,0.650275,0.040322,0.757885,0.033560
2549,-9.753930,0.903172,-1.323862,-0.516120,-30.781254,-0.528536,142.441071,80.288818,141.851898,0.657301,0.040351,0.751819,0.033106
2550,-9.806158,1.024928,-1.175911,-2.086329,-35.710636,-4.982939,138.160812,81.328850,137.567017,0.665434,0.039517,0.744714,0.032209
2551,-9.893922,1.062870,-0.999610,-4.302040,-39.760971,-7.415154,132.222839,82.427490,131.690445,0.674338,0.038002,0.736774,0.031446
2552,-9.887311,1.050342,-0.809067,-5.925687,-42.663654,-5.878295,123.652206,83.455605,123.239441,0.683704,0.036220,0.728194,0.031135
2553,-10.018527,1.151816,-0.581646,-7.062562,-44.087585,-4.515131,111.436264,84.213547,111.182770,0.693233,0.034813,0.719174,0.031689
2554,-10.045837,1.189157,-0.356166,-9.240110,-46.516994,-0.060136,95.795471,84.492378,95.749763,0.702873,0.034082,0.709707,0.033519
2555,-9.946164,1.021991,-0.064159,-9.362211,-50.101482,6.874252,79.113174,84.186989,79.303230,0.712910,0.034050,0.699483,0.036392
2556,-9.721703,0.886316,0.128093,-8.899855,-53.322659,10.135117,64.610092,83.385414,65.021255,0.723284,0.034383,0.688565,0.039449
2557,-9.643577,0.910720,0.430107,-6.688780,-53.063042,9.470977,53.572533,82.273407,54.157818,0.733585,0.034874,0.677397,0.042081
2558,-9.676785,1.011948,0.772339,-4.605898,-52.212990,7.738771,45.447632,80.970413,46.137447,0.743710,0.035656,0.666090,0.044142
2559,-9.644617,1.144735,1.105079,-4.193899,-51.564518,6.867483,39.525875,79.520676,40.278400,0.753674,0.036799,0.654599,0.046047
2560,-9.657865,1.254631,1.417045,-4.329678,-50.072292,8.212151,35.395050,77.962006,36.205887,0.763328,0.038397,0.643054,0.048348
2561,-9.618074,1.250098,1.797722,-5.252848,-48.166725,9.210446,32.387714,76.350716,33.282154,0.772677,0.040081,0.631473,0.051041
2562,-9.526827,1.333442,2.087665,-6.307268,-48.364063,7.613098,29.899145,74.714165,30.912449,0.781907,0.041401,0.619688,0.053795
2563,-9.271659,1.255794,2.356738,-6.725413,-48.611820,7.086818,27.637823,73.065948,28.793726,0.791107,0.042170,0.607621,0.056279
2564,-9.042388,1.244520,2.567827,-5.532236,-46.199883,4.707823,25.553553,71.473030,26.840908,0.799975,0.042410,0.595707,0.058090
2565,-8.948854,1.260861,2.839291,-5.201219,-41.408981,0.592277,23.656414,70.027733,25.044224,0.808054,0.042124,0.584632,0.058992
2566,-9.007174,1.424741,3.037161,-6.769868,-36.375278,-0.519977,22.122442,68.761360,23.618525,0.815001,0.041570,0.574874,0.059717
2567,-9.063256,1.098651,3.329725,-9.069547,-32.060162,1.686302,20.707195,67.671547,22.402117,0.820987,0.040039,0.566313,0.060560
2568,-9.168113,1.091799,3.470754,-8.738741,-31.964058,-0.817063,19.131729,66.715408,21.084883,0.826455,0.037254,0.558462,0.060862
2569,-9.197653,1.046081,3.673974,-6.387605,-35.552826,-3.115979,17.525215,65.762169,19.674183,0.831924,0.034385,0.550529,0.060313
2570,-9.130555,1.048882,3.827018,-2.904201,-39.985355,-3.040454,16.027140,64.684479,18.257437,0.837854,0.032243,0.541728,0.059097
2571,-8.994918,0.953422,4.038291,1.354374,-44.659019,-3.111364,14.715508,63.438126,16.890532,0.844373,0.031176,0.531770,0.057299
2572,-8.890615,1.273101,4.185246,4.162057,-50.477081,-3.999589,13.798962,61.992947,15.760083,0.851437,0.031908,0.520546,0.055391
2573,-8.671472,1.272878,4.457582,3.562672,-54.978333,-0.086572,13.331313,60.320633,15.009310,0.859039,0.034326,0.507858,0.054343
2574,-8.539646,1.289402,4.733716,0.271564,-58.658829,4.240005,13.036250,58.442738,14.518586,0.867151,0.036989,0.493660,0.054593
2575,-8.284742,1.244475,5.056933,-3.434677,-62.878170,5.899127,12.706351,56.379559,14.134495,0.875751,0.039027,0.477925,0.055898
2576,-8.038151,1.281477,5.368843,-6.385669,-66.835320,4.144647,12.204622,54.137047,13.687163,0.884873,0.040069,0.460533,0.057476
2577,-7.793194,1.271383,5.690955,-8.076275,-68.886703,2.092578,11.553999,51.783714,13.144320,0.894200,0.040232,0.441965,0.058777
2578,-7.573335,1.255056,6.039499,-9.344248,-70.301834,0.212859,10.801145,49.375969,12.528228,0.903451,0.039634,0.422671,0.059622
2579,-7.274645,1.199502,6.371127,-8.871207,-71.306557,-3.272217,9.971061,46.929737,11.820941,0.912539,0.038446,0.402780,0.059681
2580,-7.072269,1.211268,6.690126,-7.758782,-71.526901,-7.147927,9.125618,44.486736,11.020861,0.921279,0.037057,0.382669,0.058625
2581,-6.849735,1.200923,6.987250,-5.671163,-71.109184,-8.981865,8.371224,42.094940,10.203403,0.929438,0.035997,0.362822,0.056661
2582,-6.546597,1.164920,7.255650,-3.841332,-70.193893,-8.882409,7.759913,39.748943,9.437699,0.936996,0.035517,0.343267,0.054263
2583,-6.254100,1.121533,7.495315,-2.132008,-67.064384,-7.855187,7.297380,37.478352,8.764215,0.943871,0.035592,0.324277,0.051826
2584,-5.990395,1.119797,7.694595,-1.084870,-61.766361,-7.244534,6.975058,35.375038,8.192331,0.949854,0.036145,0.306628,0.049493
2585,-5.713873,1.071437,7.864813,-0.185721,-55.847092,-6.623225,6.749985,33.491657,7.697860,0.954914,0.036940,0.290762,0.047244
2586,-5.477281,0.999729,8.067740,0.020524,-50.495369,-5.985253,6.552552,31.813208,7.246420,0.959209,0.037561,0.276549,0.045044
2587,-5.297067,0.977075,8.249647,0.511992,-46.539761,-5.385533,6.371718,30.307207,6.832231,0.962890,0.037995,0.263736,0.042924
2588,-5.070848,0.971948,8.364626,1.035496,-44.392300,-5.055921,6.234325,28.917467,6.457002,0.966125,0.038531,0.251883,0.040898
2589,-4.884151,0.995011,8.542447,-0.511625,-44.321617,-5.831049,6.104226,27.562183,6.092995,0.969139,0.038996,0.240287,0.038878
2590,-4.691031,0.989610,8.675745,-1.288112,-44.672123,-5.661609,5.951768,26.198175,5.729893,0.972039,0.039189,0.228575,0.036864
2591,-4.446967,0.962633,8.745548,-1.458823,-44.586231,-4.263809,5.802673,24.822201,5.400396,0.974808,0.039266,0.216740,0.035083
2592,-4.220057,0.932794,8.836136,-2.526822,-43.902210,-3.761750,5.646986,23.448282,5.108885,0.977423,0.039138,0.204901,0.033586
2593,-4.033284,0.903169,8.950696,-3.625395,-42.578800,-4.233262,5.452388,22.112350,4.822933,0.979845,0.038579,0.193349,0.032135
2594,-3.815700,0.843260,9.010095,-2.242906,-40.829609,-2.478492,5.260128,20.835590,4.564032,0.982031,0.037902,0.182288,0.030830
2595,-3.580532,0.769660,9.077435,-0.894137,-40.275249,0.339792,5.115531,19.584198,4.383306,0.984020,0.037447,0.171462,0.030063
2596,-3.385418,0.828814,9.183023,-1.280303,-41.495598,1.349878,5.023391,18.304237,4.276725,0.985894,0.037306,0.160407,0.029837
2597,-3.190775,0.849003,9.293032,-1.466395,-42.335999,1.714564,4.970926,16.984779,4.207198,0.987674,0.037446,0.149014,0.029870
2598,-2.966479,0.886897,9.390643,-1.785125,-41.958740,1.403303,4.937431,15.650611,4.146909,0.989332,0.037723,0.137482,0.029950
2599,-2.748011,0.852530,9.472411,-2.793570,-41.734112,0.561022,4.879416,14.320883,4.068866,0.990865,0.037788,0.125956,0.029889
2600,-2.545502,0.852256,9.563570,-5.375305,-40.473366,-3.040156,4.732904,13.025444,3.915579,0.992280,0.037129,0.114662,0.029233
2601,-2.343320,0.781564,9.620907,-6.089399,-38.113903,-7.337183,4.488525,11.810487,3.633437,0.993559,0.035673,0.103988,0.027483
2602,-2.141888,0.768204,9.656887,-5.396638,-36.100777,-11.274108,4.214571,10.685971,3.221764,0.994685,0.033981,0.094047,0.024548
2603,-1.949286,0.739802,9.679487,-4.445918,-35.561687,-13.878883,3.974284,9.613127,2.712660,0.995674,0.032561,0.084536,0.020668
2604,-1.751529,0.724673,9.671663,-3.843026,-35.353725,-14.933301,3.777463,8.552692,2.151564,0.996545,0.031462,0.075130,0.016255
2605,-1.542441,0.721346,9.673055,-3.882442,-35.762310,-13.955167,3.623163,7.474953,1.597099,0.997306,0.030634,0.065586,0.011840
2606,-1.356168,0.729573,9.742451,-3.756942,-36.117542,-11.995847,3.510675,6.367112,1.097549,0.997959,0.030051,0.055799,0.007857
2607,-1.149450,0.674870,9.793566,-3.898494,-35.525234,-9.833581,3.411457,5.246702,0.668829,0.998500,0.029467,0.045923,0.004466
2608,-0.968141,0.619105,9.862539,-3.936441,-33.977730,-7.477545,3.292467,4.151277,0.316201,0.998930,0.028609,0.036283,0.001716
2609,-0.787345,0.601321,9.972506,-3.275604,-31.462767,-5.361091,3.177458,3.121388,0.042352,0.999245,0.027705,0.027236,-0.000386
2610,-0.654853,0.574235,10.048719,-0.431196,-28.154242,-4.402822,3.122429,2.202020,-0.173950,0.999442,0.027269,0.019167,-0.002041
2611,-0.490568,0.575184,10.001087,1.358802,-24.696095,-4.242618,3.149300,1.410649,-0.365499,0.999540,0.027516,0.012218,-0.003526
2612,-0.346577,0.576169,9.947302,2.320246,-21.553818,-4.235006,3.229459,0.727802,-0.548832,0.999570,0.028208,0.006214,-0.004966
2613,-0.223384,0.586670,9.879742,2.859009,-18.347467,-4.999514,3.336569,0.149163,-0.740096,0.999554,0.029121,0.001113,-0.006494
2614,-0.122204,0.574827,9.788818,4.415517,-14.338488,-5.727401,3.470894,-0.308678,-0.950642,0.999504,0.030261,-0.002944,-0.008210
2615,-0.052401,0.613522,9.721670,5.363172,-9.919014,-5.706063,3.646493,-0.621564,-1.165839,0.999429,0.031759,-0.005745,-0.009996
2616,-0.057375,0.640968,9.749473,4.740679,-5.163705,-6.377502,3.834438,-0.754251,-1.383141,0.999348,0.033373,-0.006982,-0.011843
2617,-0.100059,0.748995,9.837738,3.391972,-1.059731,-6.108994,4.014872,-0.690629,-1.598041,0.999274,0.034941,-0.006511,-0.013725
2618,-0.112107,0.782088,9.876967,3.000324,1.424284,-4.271878,4.225917,-0.404616,-1.770755,0.999197,0.036811,-0.004098,-0.015311
2619,-0.138121,0.818702,9.925575,1.479645,2.332371,-2.703353,4.434402,0.005017,-1.882042,0.999117,0.038683,-0.000592,-0.016413
2620,-0.153443,0.804304,10.006790,-0.923308,1.469784,-1.885542,4.519414,0.292087,-1.953105,0.999072,0.039467,0.001875,-0.017130
2621,-0.126114,0.786849,9.998891,-1.240659,-0.484353,-0.046846,4.491253,0.426114,-1.983952,0.999073,0.039242,0.003037,-0.017445
2622,-0.101842,0.698104,9.973149,-1.413428,-2.461563,0.589432,4.379442,0.454568,-1.979349,0.999110,0.038271,0.003303,-0.017411
2623,-0.095286,0.697841,9.967484,-2.337187,-2.742168,-0.291045,4.202018,0.400953,-1.981893,0.999170,0.036716,0.002862,-0.017411
2624,-0.090245,0.695679,9.960712,-3.228646,-2.223254,-1.289011,4.045308,0.340347,-2.014678,0.999216,0.035341,0.002347,-0.017674
2625,-0.088929,0.703851,9.909986,-3.189036,-1.782166,-1.945166,3.925379,0.296803,-2.073224,0.999245,0.034290,0.001969,-0.018169
2626,-0.090068,0.669702,9.905948,-3.214990,-1.504315,-2.705085,3.815541,0.273758,-2.154309,0.999265,0.033330,0.001761,-0.018868
2627,-0.068929,0.658290,9.863338,-2.256727,-0.771755,-2.593701,3.720252,0.264959,-2.244987,0.999277,0.032499,0.001675,-0.019655
2628,-0.071954,0.633974,9.872739,-1.586876,-0.866219,-1.923828,3.649873,0.271180,-2.321936,0.999283,0.031887,0.001720,-0.020326
2629,-0.065635,0.626829,9.882390,-0.949083,-1.169705,-1.127306,3.598472,0.275240,-2.374911,0.999288,0.031440,0.001750,-0.020789
2630,-0.050944,0.607080,9.897524,-0.465437,-1.067383,-0.411654,3.560225,0.256657,-2.402929,0.999294,0.031104,0.001587,-0.021027
2631,-0.044919,0.605793,9.913664,-0.204605,-0.826273,0.252122,3.528781,0.228196,-2.407633,0.999302,0.030825,0.001343,-0.021060
2633,-0.040431,0.620072,9.946730,0.091407,-0.691987,0.557307,3.523604,0.203003,-2.395743,0.999306,0.030775,0.001128,-0.020950
2634,-0.013291,0.612991,9.924825,0.433248,-0.948424,0.685490,3.538951,0.158148,-2.376731,0.999306,0.030900,0.000739,-0.020772
2635,-0.001335,0.607049,9.907463,0.694167,-1.403334,0.528331,3.554841,0.080861,-2.358980,0.999306,0.031025,0.000067,-0.020597
2636,0.007393,0.614796,9.909772,0.929134,-1.788050,0.278091,3.576899,-0.009591,-2.348898,0.999303,0.031201,-0.000723,-0.020484
2637,0.008520,0.629705,9.908432,0.968844,-1.505862,0.038527,3.615822,-0.086460,-2.347094,0.999293,0.031527,-0.001400,-0.020447
2638,0.016284,0.621311,9.884733,1.226753,-1.118308,0.017166,3.657792,-0.136477,-2.348951,0.999281,0.031884,-0.001844,-0.020449
2639,0.011542,0.647261,9.897480,0.883463,-0.547571,-0.236140,3.701594,-0.155675,-2.354396,0.999267,0.032262,-0.002021,-0.020490
2640,0.001825,0.681817,9.923011,0.470146,0.169757,-0.307869,3.765896,-0.132707,-2.363945,0.999247,0.032827,-0.001835,-0.020579
2641,-0.009692,0.673280,9.932221,0.371188,0.855120,-0.210224,3.825419,-0.070604,-2.371508,0.999229,0.033357,-0.001306,-0.020662
2642,-0.001030,0.669847,9.933471,0.095092,0.856822,-0.106473,3.852457,-0.006447,-2.374878,0.999220,0.033604,-0.000753,-0.020710
2643,0.001811,0.679397,9.943501,-0.426715,0.562366,-0.089692,3.858748,0.027049,-2.376554,0.999218,0.033665,-0.000462,-0.020734
2644,-0.006065,0.672527,9.964945,-0.313759,0.530324,-0.153781,3.854203,0.045996,-2.379378,0.999219,0.033629,-0.000297,-0.020764
2645,0.002333,0.649277,9.962259,-0.318419,0.338024,-0.179719,3.827257,0.053923,-2.383967,0.999226,0.033395,-0.000224,-0.020807
2646,0.000453,0.669336,9.973505,-0.741175,0.006821,-0.349092,3.794508,0.044789,-2.392385,0.999234,0.033108,-0.000301,-0.020877
2647,-0.006367,0.668795,9.964586,-0.664841,-0.232794,-0.326200,3.778727,0.033138,-2.403853,0.999236,0.032968,-0.000403,-0.020974
2648,-0.006426,0.658766,9.961837,-0.677015,-0.577656,-0.201074,3.763016,0.019635,-2.413505,0.999239,0.032829,-0.000520,-0.021055
2649,0.000005,0.635962,9.928025,-0.515328,-0.916421,-0.050006,3.730725,-0.007063,-2.419312,0.999247,0.032542,-0.000749,-0.021098
2650,-0.010161,0.634544,9.919289,-0.350641,-0.779057,-0.210230,3.693858,-0.028852,-2.425474,0.999257,0.032217,-0.000934,-0.021146
2651,-0.002579,0.617275,9.891871,-0.047111,-0.670644,-0.172087,3.661425,-0.037968,-2.433381,0.999264,0.031932,-0.001009,-0.021212
2652,0.004025,0.613581,9.894772,-0.054897,-0.791153,-0.249911,3.628248,-0.054040,-2.441936,0.999272,0.031640,-0.001146,-0.021283
2653,0.004240,0.615562,9.894530,-0.199981,-0.868945,-0.516950,3.599836,-0.074948,-2.456421,0.999277,0.031388,-0.001327,-0.021404
2654,0.009435,0.615006,9.900771,-0.630368,-1.048971,-0.617663,3.570870,-0.099003,-2.477281,0.999281,0.031131,-0.001537,-0.021579
2655,0.038831,0.615320,9.898532,-1.082081,-1.085664,-0.457437,3.534486,-0.147385,-2.497355,0.999287,0.030804,-0.001957,-0.021742
2656,0.049262,0.605578,9.925255,-1.280489,-0.727245,-0.429960,3.487597,-0.211544,-2.513927,0.999296,0.030382,-0.002512,-0.021870
2657,0.055909,0.611516,9.941027,-1.353741,-0.269632,-0.335342,3.442349,-0.260230,-2.527634,0.999305,0.029978,-0.002932,-0.021978
2658,0.056121,0.597894,9.939615,-1.178237,-0.185821,0.038516,3.404505,-0.290547,-2.533021,0.999313,0.029642,-0.003190,-0.022018
2659,0.054521,0.586902,9.936600,-0.801351,0.067426,0.232312,3.368252,-0.304246,-2.528605,0.999323,0.029323,-0.003302,-0.021977
2660,0.028323,0.586378,9.933233,-0.281019,0.230778,0.215523,3.348285,-0.284005,-2.520854,0.999330,0.029153,-0.003119,-0.021915
2661,0.014029,0.611723,9.918334,-0.082522,0.089096,0.337583,3.367667,-0.233320,-2.511460,0.999327,0.029332,-0.002679,-0.021846
2662,0.003094,0.580665,9.900253,0.282287,0.104634,0.429121,3.393616,-0.175043,-2.498601,0.999324,0.029570,-0.002172,-0.021748
2663,0.000886,0.581224,9.886234,0.683579,0.724416,0.110188,3.404352,-0.110400,-2.488778,0.999323,0.029676,-0.001608,-0.021679
2664,0.004691,0.586456,9.891714,0.959745,0.910748,0.043037,3.426351,-0.049589,-2.484579,0.999318,0.029880,-0.001081,-0.021658
2665,0.014351,0.583198,9.932627,1.011574,0.822277,0.311598,3.448874,-0.014416,-2.476928,0.999314,0.030083,-0.000776,-0.021600
2666,0.027975,0.576137,9.934216,1.528732,1.221951,0.644257,3.465105,-0.005329,-2.458964,0.999313,0.030226,-0.000695,-0.021446
2667,0.015598,0.604758,9.967303,2.039835,1.546819,1.013541,3.508221,0.008275,-2.428591,0.999307,0.030605,-0.000577,-0.021184
2668,0.001284,0.644216,9.990810,2.349663,1.606269,1.921469,3.594418,0.045429,-2.376530,0.999293,0.031364,-0.000254,-0.020740
2669,-0.023077,0.683528,9.987265,2.348305,1.784825,2.765305,3.706284,0.101597,-2.294957,0.999276,0.032349,0.000238,-0.020044
2670,-0.038028,0.703627,9.939107,2.844452,2.231989,3.297848,3.837347,0.175336,-2.189637,0.999255,0.033504,0.000889,-0.019148
2671,-0.061165,0.707810,9.900840,3.137628,1.676650,3.490109,3.977147,0.252273,-2.072196,0.999231,0.034734,0.001572,-0.018148
2672,-0.068170,0.720009,9.849591,2.544195,0.926002,3.288681,4.102775,0.308981,-1.956274,0.999208,0.035836,0.002083,-0.017156
2673,-0.087176,0.699858,9.866043,1.720233,0.833099,2.785112,4.182003,0.366595,-1.853111,0.999197,0.036534,0.002607,-0.016277
2674,-0.100769,0.733494,9.920908,1.286870,1.542926,2.099953,4.232892,0.454763,-1.768952,0.999189,0.036987,0.003395,-0.015572
2675,-0.097223,0.738671,9.919273,1.528015,1.520250,1.806960,4.290067,0.543367,-1.700108,0.999175,0.037495,0.004183,-0.015003
2676,-0.100994,0.720481,9.958531,1.756819,1.773647,1.642152,4.328622,0.612644,-1.638798,0.999167,0.037837,0.004802,-0.014492
2677,-0.117416,0.729418,9.983639,3.145261,2.670935,1.552117,4.380723,0.691250,-1.580382,0.999153,0.038299,0.005500,-0.014011
2678,-0.106161,0.731485,9.948410,5.295181,3.476616,1.350694,4.500432,0.788173,-1.524448,0.999113,0.039351,0.006350,-0.013562
2679,-0.111836,0.770694,9.911823,7.968508,3.394093,0.836467,4.703212,0.874792,-1.479204,0.999041,0.041126,0.007097,-0.013210
2680,-0.162087,0.909790,9.935772,9.018660,3.059858,0.383276,5.050035,0.968525,-1.448896,0.998909,0.044157,0.007886,-0.013003
2681,-0.177108,0.971245,9.910653,8.647052,2.193204,0.761711,5.488370,1.068099,-1.419435,0.998728,0.047986,0.008716,-0.012818
2682,-0.158198,1.005772,9.869584,7.649570,0.760343,1.515528,5.855751,1.109751,-1.375083,0.998570,0.051189,0.009058,-0.012478
2683,-0.147629,1.086933,9.863320,5.190034,-0.256059,1.433147,6.121566,1.085547,-1.324427,0.998456,0.053499,0.008842,-0.012046
2684,-0.149349,1.085475,9.859196,2.071294,-1.687610,1.904687,6.293883,1.000451,-1.271770,0.998387,0.054988,0.008108,-0.011560
2685,-0.142872,0.987231,9.872436,-0.179727,-3.230585,2.498296,6.270160,0.857855,-1.208768,0.998416,0.054764,0.006898,-0.010942
2686,-0.113072,0.986201,9.859844,-1.205910,-4.199800,2.447956,6.095762,0.675298,-1.142445,0.998515,0.053226,0.005354,-0.010269
2687,-0.103832,1.005217,9.925400,-2.561409,-4.450214,1.776560,5.938240,0.492077,-1.088771,0.998601,0.051836,0.003796,-0.009711
2688,-0.101022,1.004900,9.956059,-2.758415,-5.187234,1.930676,5.817400,0.326460,-1.044100,0.998665,0.050768,0.002383,-0.009244
2689,-0.038466,0.935526,9.899154,-2.642643,-5.466485,2.168720,5.688033,0.141711,-0.994194,0.998729,0.049626,0.000805,-0.008727
2690,0.019595,0.930884,9.875275,-2.397210,-4.853182,1.805560,5.555960,-0.059923,-0.945288,0.998791,0.048460,-0.000922,-0.008214
2691,0.021004,0.969014,9.915820,-1.376450,-3.997263,1.382892,5.476160,-0.236963,-0.906579,0.998826,0.047752,-0.002443,-0.007803
2692,0.060136,0.980421,9.874930,0.784406,-3.527391,1.256250,5.495358,-0.388824,-0.874910,0.998817,0.047910,-0.003755,-0.007463
2693,0.093274,0.920164,9.837955,3.625708,-3.480261,1.207437,5.574204,-0.544011,-0.845341,0.998780,0.048588,-0.005100,-0.007137
2694,0.116643,1.014411,9.837436,5.504229,-3.257665,0.775617,5.747635,-0.696857,-0.823871,0.998700,0.050091,-0.006434,-0.006876
2695,0.102634,1.050087,9.868670,5.822048,-2.647314,0.709999,6.021456,-0.800957,-0.810385,0.998573,0.052471,-0.007351,-0.006695
2696,0.106867,1.035413,9.872275,5.024184,-1.766664,0.330022,6.241029,-0.837487,-0.801385,0.998469,0.054383,-0.007678,-0.006585
2697,0.111300,1.032724,9.875134,3.701003,-1.040072,0.119420,6.345750,-0.834224,-0.798350,0.998419,0.055295,-0.007654,-0.006553
2698,0.115356,1.129791,9.898358,1.064134,-0.926911,-0.082028,6.411202,-0.818065,-0.801099,0.998388,0.055866,-0.007518,-0.006581
2699,0.085366,1.082308,9.981794,-0.811193,-0.618451,0.035444,6.422711,-0.798735,-0.804827,0.998384,0.055968,-0.007353,-0.006622
2700,0.125882,1.146365,10.011301,-1.305629,-1.147810,0.073577,6.379899,-0.800597,-0.806205,0.998404,0.055595,-0.007367,-0.006636
2701,0.189214,1.071776,9.955626,-3.020812,-3.145312,0.989140,6.299266,-0.886931,-0.796384,0.998438,0.054887,-0.008110,-0.006514
2702,0.224523,1.123213,9.907706,-3.942492,-4.492931,1.341654,6.178339,-1.063368,-0.771480,0.998485,0.053824,-0.009629,-0.006222
2703,0.232822,1.058049,9.903069,-5.190670,-4.168134,2.357944,6.031095,-1.258713,-0.725497,0.998539,0.052533,-0.011302,-0.005744
2704,0.255600,1.020856,9.897664,-5.486774,-4.157614,3.452052,5.836401,-1.439316,-0.643056,0.998612,0.050835,-0.012829,-0.004965
2705,0.269091,0.867574,9.825362,-4.808048,-3.994450,4.112797,5.599679,-1.609497,-0.529464,0.998700,0.048777,-0.014254,-0.003928
2706,0.230510,0.876892,9.865852,-2.640318,-2.297477,3.444444,5.350130,-1.697287,-0.410767,0.998797,0.046613,-0.014962,-0.002889
2707,0.196436,0.818933,9.943334,-1.235715,-1.492752,3.174325,5.127517,-1.657522,-0.302462,0.998893,0.044688,-0.014568,-0.001990
2708,0.212899,0.796745,9.971279,0.821959,-2.277932,2.696671,4.957896,-1.594390,-0.206228,0.998967,0.043223,-0.013978,-0.001196
2709,0.279405,0.845925,9.880910,2.277276,-3.322912,1.918437,4.924441,-1.638190,-0.135411,0.998975,0.042939,-0.014333,-0.000566
2710,0.323152,0.885305,9.850282,1.557137,-2.950754,0.938804,5.006730,-1.780202,-0.097619,0.998925,0.043660,-0.015557,-0.000172
2711,0.364458,0.961593,9.845430,0.932028,-2.395694,0.455102,5.152081,-1.946105,-0.085680,0.998846,0.044926,-0.016999,0.000016
2712,0.394298,0.945459,9.819619,0.044552,-2.159623,0.325418,5.290685,-2.112577,-0.083817,0.998765,0.046132,-0.018449,0.000120
2713,0.412809,0.966765,9.803155,-0.846130,-1.317732,-0.341389,5.369405,-2.254238,-0.092859,0.998710,0.046815,-0.019687,0.000112
2714,0.366280,0.957400,9.890660,-1.894108,0.079919,-0.838845,5.391381,-2.292120,-0.116963,0.998694,0.047001,-0.020027,-0.000079
2715,0.344216,0.944098,9.913067,-1.846665,-0.089156,-0.614568,5.357774,-2.229265,-0.142222,0.998719,0.046705,-0.019490,-0.000330
2716,0.361613,0.896506,9.866015,-1.785705,-0.506961,-0.391807,5.282346,-2.177453,-0.159324,0.998758,0.046046,-0.019045,-0.000513
2717,0.383408,0.914557,9.857933,-1.798012,0.532260,-0.904520,5.203746,-2.161936,-0.180097,0.998791,0.045358,-0.018917,-0.000713
2718,0.349123,0.892988,9.896767,-1.801083,1.046570,-1.220393,5.141009,-2.117943,-0.212870,0.998823,0.044807,-0.018546,-0.001027
2719,0.337065,0.864414,9.870827,-1.421250,0.869775,-1.369949,5.064206,-2.039706,-0.252188,0.998865,0.044133,-0.017879,-0.001412
2720,0.328318,0.869798,9.916326,-1.268782,1.243839,-1.583592,4.995958,-1.957593,-0.297305,0.998903,0.043533,-0.017179,-0.001847
2721,0.316613,0.880652,9.936453,-0.644667,1.221144,-1.591239,4.968038,-1.873357,-0.346576,0.998924,0.043285,-0.016463,-0.002313
2722,0.305789,0.848905,9.885599,-0.070914,0.716227,-1.388306,4.958800,-1.803852,-0.393334,0.998937,0.043201,-0.015875,-0.002748
2723,0.325610,0.865730,9.840128,-0.192982,0.939028,-1.505803,4.957051,-1.768999,-0.439060,0.998941,0.043180,-0.015588,-0.003160
2724,0.332789,0.858708,9.865219,-0.870435,1.581283,-1.696532,4.952425,-1.754522,-0.488988,0.998943,0.043134,-0.015480,-0.003601
2725,0.329351,0.863826,9.874424,-1.584525,1.805392,-2.166501,4.921955,-1.733327,-0.548556,0.998955,0.042861,-0.015317,-0.004133
2726,0.307569,0.847679,9.922267,-2.550418,2.108941,-2.483886,4.858867,-1.683907,-0.620342,0.998982,0.042304,-0.014910,-0.004785
2727,0.260190,0.839055,10.018312,-3.026543,1.838907,-2.407592,4.760726,-1.600467,-0.695881,0.999025,0.041444,-0.014206,-0.005487
2728,0.250484,0.814190,10.000359,-2.738203,0.734261,-1.922357,4.654673,-1.527023,-0.764016,0.999068,0.040515,-0.013585,-0.006120
2730,0.244217,0.798423,9.975941,-3.197567,-0.164409,-1.623281,4.544951,-1.492851,-0.821889,0.999107,0.039554,-0.013301,-0.006649
2731,0.252330,0.771776,9.937227,-2.849751,-0.545820,-0.864900,4.426151,-1.487116,-0.863712,0.999145,0.038514,-0.013258,-0.007030
2732,0.259262,0.759202,9.917258,-3.048223,-0.811307,-0.590233,4.308199,-1.502946,-0.889118,0.999181,0.037481,-0.013397,-0.007260
2733,0.296984,0.727512,9.892108,-3.815831,-0.919722,-0.399485,4.181031,-1.545439,-0.907352,0.999216,0.036367,-0.013766,-0.007420
2734,0.315681,0.703885,9.907566,-4.308778,-0.410225,-0.237723,4.031342,-1.599257,-0.919080,0.999256,0.035056,-0.014229,-0.007524
2735,0.315594,0.690517,9.910126,-4.282891,0.053493,-0.175147,3.877498,-1.637734,-0.925965,0.999297,0.033711,-0.014556,-0.007592
2736,0.324153,0.652280,9.893982,-4.850586,0.221194,-0.449801,3.715486,-1.662812,-0.935684,0.999340,0.032295,-0.014767,-0.007690
2737,0.325329,0.594230,9.894258,-4.862920,0.475872,-0.498617,3.528423,-1.680332,-0.949895,0.999388,0.030661,-0.014911,-0.007833
2738,0.322121,0.563639,9.888849,-4.577754,0.701577,-0.779373,3.335351,-1.686093,-0.968834,0.999436,0.028974,-0.014953,-0.008022
2739,0.305083,0.535930,9.900776,-4.335300,1.104335,-1.418726,3.154276,-1.671206,-1.002663,0.999480,0.027391,-0.014818,-0.008344
2740,0.300102,0.505698,9.884729,-3.685410,1.421681,-1.926852,2.991302,-1.635619,-1.055163,0.999519,0.025966,-0.014508,-0.008831
2741,0.264011,0.504325,9.920832,-3.008001,1.484260,-2.340376,2.861218,-1.580430,-1.123136,0.999549,0.024828,-0.014031,-0.009453
2742,0.259058,0.533841,9.928023,-2.420475,1.203557,-2.430410,2.781864,-1.518359,-1.200634,0.999566,0.024132,-0.013499,-0.010152
2743,0.249212,0.540771,9.930720,-1.516831,1.252470,-2.242733,2.777334,-1.456773,-1.278053,0.999567,0.024089,-0.012978,-0.010841
2744,0.238902,0.524856,9.929727,-0.780946,1.003852,-1.755979,2.818432,-1.394161,-1.344810,0.999558,0.024447,-0.012450,-0.011432
2745,0.256501,0.535893,9.928815,-0.330452,0.535391,-1.136461,2.870283,-1.366557,-1.393411,0.999545,0.024897,-0.012225,-0.011856
2746,0.272785,0.548347,9.917633,0.326072,0.553508,-0.463528,2.946216,-1.385758,-1.420972,0.999523,0.025554,-0.012407,-0.012084
2747,0.254362,0.528850,9.926021,1.037418,0.878340,0.076654,3.022129,-1.399807,-1.427498,0.999504,0.026214,-0.012539,-0.012130
2748,0.234147,0.517407,9.942913,1.835518,0.757773,0.622934,3.077734,-1.376858,-1.414616,0.999495,0.026703,-0.012341,-0.012017
2749,0.227663,0.540696,9.945874,2.168163,0.371794,1.007463,3.142560,-1.343516,-1.386409,0.999486,0.027275,-0.012051,-0.011772
2750,0.205896,0.542167,9.966444,2.029308,0.204094,1.074596,3.212400,-1.305287,-1.351207,0.999476,0.027892,-0.011716,-0.011467
2751,0.196158,0.546387,9.947098,1.293747,-0.042880,0.923518,3.254087,-1.259279,-1.317462,0.999474,0.028264,-0.011310,-0.011179
2752,0.203535,0.540541,9.922783,0.306337,-0.166305,0.537452,3.252985,-1.229048,-1.292724,0.999479,0.028259,-0.011040,-0.010971
2753,0.218987,0.560432,9.912172,-0.998432,-0.140329,-0.053081,3.220892,-1.227752,-1.284510,0.999488,0.027980,-0.011024,-0.010903
2754,0.239858,0.570184,9.901442,-1.672852,-0.036694,-0.533741,3.184312,-1.255776,-1.294599,0.999494,0.027658,-0.011267,-0.010988
2755,0.255141,0.552124,9.889831,-2.357935,0.069870,-0.927417,3.129133,-1.304199,-1.319101,0.999500,0.027169,-0.011690,-0.011195
2756,0.260663,0.521653,9.911331,-2.689131,0.356464,-1.316511,3.031834,-1.351089,-1.355675,0.999514,0.026312,-0.012098,-0.011513
2757,0.257239,0.534048,9.929316,-2.948600,0.440213,-1.621685,2.926627,-1.370701,-1.403537,0.999531,0.025387,-0.012269,-0.011938
2758,0.247427,0.509463,9.918591,-3.098121,0.485929,-1.574379,2.831135,-1.365085,-1.456038,0.999547,0.024549,-0.012222,-0.012407
2759,0.254822,0.465812,9.896894,-3.485747,0.809370,-1.504182,2.714417,-1.352014,-1.506043,0.999567,0.023527,-0.012105,-0.012858
2760,0.237994,0.438466,9.893520,-3.488904,1.349503,-1.450770,2.578400,-1.322658,-1.553071,0.999592,0.022339,-0.011843,-0.013289
2761,0.213991,0.439875,9.911157,-3.080026,1.698961,-1.260028,2.455618,-1.265759,-1.595644,0.999616,0.021271,-0.011340,-0.013683
2762,0.216413,0.400666,9.906231,-2.475864,1.676112,-0.860235,2.342647,-1.200239,-1.628145,0.999638,0.020290,-0.010761,-0.013990
2763,0.205156,0.381606,9.907516,-2.236479,1.853140,-0.823610,2.227780,-1.136330,-1.653065,0.999661,0.019294,-0.010194,-0.014229
2764,0.171095,0.388079,9.944841,-2.180106,2.045517,-0.899909,2.137346,-1.048133,-1.678955,0.999679,0.018514,-0.009417,-0.014477
2765,0.173093,0.393975,9.967399,-1.494877,1.882380,-0.385679,2.094176,-0.954525,-1.698305,0.999691,0.018148,-0.008598,-0.014665
2766,0.171718,0.378428,9.944394,-0.893521,1.525326,0.049207,2.082597,-0.894899,-1.702334,0.999696,0.018055,-0.008077,-0.014710
2767,0.139055,0.373906,9.952970,-0.357819,1.468908,0.447471,2.082116,-0.837198,-1.692578,0.999701,0.018059,-0.007572,-0.014634
2768,0.161790,0.374298,9.929883,0.571566,1.302582,1.265365,2.104636,-0.792156,-1.662651,0.999704,0.018263,-0.007177,-0.014379
2769,0.149300,0.363264,9.917030,1.239969,1.329937,1.507990,2.143470,-0.772075,-1.614972,0.999705,0.018607,-0.006999,-0.013964
2770,0.126676,0.368019,9.892869,1.000384,1.586273,0.894568,2.177618,-0.729124,-1.573094,0.999707,0.018913,-0.006622,-0.013604
2771,0.127426,0.382640,9.884534,0.844758,1.720574,0.597012,2.211542,-0.670996,-1.546183,0.999707,0.019217,-0.006114,-0.013377
2772,0.124732,0.391169,9.880007,0.640347,1.908222,0.311665,2.248762,-0.619239,-1.528851,0.999705,0.019549,-0.005664,-0.013233
2773,0.081202,0.399081,9.932942,-0.221729,2.164645,-0.411627,2.270093,-0.538080,-1.528003,0.999705,0.019744,-0.004958,-0.013238
2774,0.078955,0.400759,9.946153,-0.679448,1.877927,-0.436048,2.267079,-0.438883,-1.539576,0.999708,0.019729,-0.004095,-0.013356
2775,0.079777,0.379225,9.943447,-0.778663,1.356102,-0.170538,2.236740,-0.376205,-1.547530,0.999714,0.019472,-0.003546,-0.013438
2776,0.077816,0.349963,9.924681,-1.305308,0.985240,-0.436046,2.162035,-0.349252,-1.555858,0.999726,0.018823,-0.003303,-0.013517
2777,0.079243,0.336070,9.965108,-2.295932,0.379329,-1.232573,2.042486,-0.349350,-1.582408,0.999742,0.017779,-0.003294,-0.013752
2778,0.068236,0.316317,9.983391,-2.406028,-1.027658,-1.960435,1.918549,-0.375255,-1.635647,0.999753,0.016693,-0.003513,-0.014216
2779,0.080680,0.331701,9.901278,-0.889334,-2.111140,-1.762062,1.848925,-0.440473,-1.699277,0.999753,0.016075,-0.004082,-0.014764
2780,0.084344,0.365376,9.913798,1.451610,-2.427099,-0.951793,1.893639,-0.532982,-1.747236,0.999738,0.016451,-0.004902,-0.015168
2781,0.117323,0.411885,9.934292,3.150460,-2.842278,0.151451,2.069487,-0.645568,-1.764542,0.999704,0.017970,-0.005910,-0.015293
2782,0.145669,0.455972,9.920122,4.599258,-2.931006,1.466799,2.337400,-0.787789,-1.742906,0.999655,0.020289,-0.007183,-0.015065
2783,0.172272,0.454862,9.904822,5.931960,-2.488756,2.892017,2.625792,-0.934809,-1.675878,0.999600,0.022790,-0.008490,-0.014433
2784,0.163308,0.451558,9.906234,4.737345,-2.079952,2.356420,2.838997,-1.043833,-1.592812,0.999558,0.024642,-0.009450,-0.013669
2785,0.184612,0.503066,9.856853,2.219613,-1.805310,1.363044,2.962757,-1.116484,-1.534346,0.999532,0.025718,-0.010085,-0.013132
2786,0.114026,0.603555,9.924988,3.954990,-1.615809,4.459124,3.143822,-1.121035,-1.441921,0.999500,0.027305,-0.010123,-0.012309
2787,0.111963,0.690334,9.907758,7.094725,-2.739795,9.920360,3.504707,-1.082791,-1.209843,0.999435,0.030477,-0.009767,-0.010263
2788,0.197349,0.656215,9.820094,6.224089,-2.390064,12.209218,3.853103,-1.132773,-0.849170,0.999361,0.033543,-0.010128,-0.007073
2789,0.269574,0.527026,9.348372,0.205737,0.954571,8.734701,3.932528,-1.218935,-0.501973,0.999347,0.034262,-0.010781,-0.004013
2790,0.187227,0.315505,9.535114,-9.745709,5.974727,-0.991520,3.593196,-1.140097,-0.361792,0.999455,0.031318,-0.010043,-0.002844
2791,0.098723,0.239809,9.537059,-20.764288,10.847221,-12.617528,2.809146,-0.804388,-0.567104,0.999664,0.024476,-0.007139,-0.004775
2792,0.054163,0.144279,9.528399,-24.769680,16.189829,-17.854502,1.782176,-0.264980,-1.052792,0.999834,0.015530,-0.002455,-0.009150
2793,-0.079347,0.105794,9.701519,-23.108980,17.145460,-18.329069,0.777165,0.384938,-1.642043,0.999868,0.006829,0.003262,-0.014351
2794,-0.187512,0.117377,10.264324,-15.708670,12.673438,-13.374397,0.038697,0.978836,-2.167631,0.999785,0.000499,0.008534,-0.018917
2795,-0.176099,0.177970,10.158950,-3.418585,6.077089,-2.586103,-0.229294,1.336106,-2.433580,0.999705,-0.001753,0.011699,-0.021211
2796,-0.097994,0.111798,10.118345,7.142953,0.314939,5.988082,-0.044146,1.391766,-2.374510,0.999712,-0.000133,0.012151,-0.020714
2797,-0.104569,0.060631,10.091715,10.105191,-5.342193,6.374150,0.331294,1.202249,-2.167015,0.999761,0.003089,0.010435,-0.018939
2798,-0.088513,0.134039,9.941567,10.361821,-8.040526,4.858913,0.730982,0.878126,-1.981156,0.999800,0.006510,0.007551,-0.017336
2799,-0.069581,0.228028,9.915905,9.648033,-7.879168,4.037975,1.134672,0.532487,-1.836534,0.999811,0.009975,0.004487,-0.016071
2800,-0.027842,0.283768,9.866765,8.417148,-7.250891,3.580211,1.543956,0.196211,-1.714800,0.999795,0.013497,0.001510,-0.014986
2801,0.003853,0.293707,9.836227,5.948652,-6.671433,2.991215,1.873974,-0.117604,-1.612117,0.999767,0.016337,-0.001256,-0.014049
2802,0.045097,0.308936,9.854533,2.884653,-5.151853,2.107713,2.032599,-0.365827,-1.533962,0.999749,0.017692,-0.003429,-0.013327
2803,0.094408,0.310778,9.883741,0.487217,-3.667344,1.453099,2.047027,-0.558231,-1.479658,0.999746,0.017798,-0.005101,-0.012823
2804,0.121227,0.299166,9.880760,-0.570611,-2.581103,1.256265,1.972590,-0.707284,-1.437504,0.999756,0.017134,-0.006387,-0.012436
2805,0.123292,0.301159,9.910919,-1.976353,-1.735839,0.784762,1.857076,-0.800255,-1.405048,0.999771,0.016118,-0.007181,-0.012146
2806,0.138731,0.284935,9.911960,-2.768603,-1.308585,0.409388,1.718720,-0.852439,-1.385939,0.999788,0.014907,-0.007619,-0.011981
2807,0.144362,0.265162,9.915000,-2.848215,-1.291787,0.088947,1.572029,-0.893690,-1.378113,0.999804,0.013623,-0.007963,-0.011918
2808,0.134985,0.231880,9.907678,-2.682168,-0.754574,-0.243703,1.424161,-0.910125,-1.380760,0.999820,0.012331,-0.008091,-0.011949
2809,0.128766,0.226323,9.912277,-2.448933,-0.095188,-0.376460,1.292476,-0.886782,-1.390770,0.999834,0.011184,-0.007874,-0.012048
2810,0.133393,0.231810,9.918736,-1.661603,0.054542,-0.152152,1.214789,-0.849591,-1.399508,0.999843,0.010509,-0.007543,-0.012133
2811,0.149460,0.211539,9.938836,-1.319762,-0.004899,-0.007191,1.171918,-0.834745,-1.402273,0.999847,0.010137,-0.007409,-0.012161
2812,0.137130,0.211008,9.946688,-1.408233,0.094308,-0.265074,1.132902,-0.828724,-1.406877,0.999851,0.009796,-0.007352,-0.012205
2813,0.133719,0.245185,9.967393,-1.592657,-0.187919,-0.466501,1.125674,-0.815990,-1.419720,0.999851,0.009734,-0.007242,-0.012318
