seq,ax,ay,az,wroll,wpitch,wyaw,roll,pitch,yaw,q0,q1,q2,q3
6116,-0.153032,-0.664929,9.890185,-0.642757,-0.313243,-0.124030,-3.846276,0.884478,-0.059462,0.999407,-0.033554,0.007732,-0.000260
6117,-0.155090,-0.739439,9.867806,-0.447733,-0.261352,-0.096567,-3.855585,0.879030,-0.064372,0.999405,-0.033635,0.007685,-0.000303
6118,-0.152396,-0.760684,9.868025,-0.253074,-0.116377,-0.259851,-3.867349,0.872349,-0.069875,0.999402,-0.033737,0.007629,-0.000353
6119,-0.162695,-0.746090,9.852620,-0.011130,0.059154,-0.362095,-3.871909,0.870698,-0.080154,0.999400,-0.033776,0.007617,-0.000442
6120,-0.157967,-0.738801,9.867149,0.371296,0.291172,-0.365150,-3.866096,0.875705,-0.092643,0.999402,-0.033724,0.007665,-0.000550
6121,-0.161272,-0.732356,9.882619,0.561516,0.463669,-0.433820,-3.850767,0.887362,-0.106777,0.999405,-0.033590,0.007771,-0.000671
6122,-0.174093,-0.697985,9.856157,0.715253,0.262366,-0.291907,-3.829688,0.898625,-0.119657,0.999411,-0.033405,0.007872,-0.000782
6123,-0.175377,-0.682248,9.863448,1.098042,-0.016718,0.185715,-3.799499,0.902593,-0.121695,0.999419,-0.033141,0.007907,-0.000800
6124,-0.161354,-0.665914,9.864267,1.657930,-0.593418,0.620609,-3.753346,0.893332,-0.107614,0.999433,-0.032740,0.007822,-0.000683
6125,-0.153291,-0.666179,9.887912,1.573895,-0.912320,0.739630,-3.699110,0.869764,-0.083356,0.999450,-0.032269,0.007610,-0.000482
6126,-0.144044,-0.664452,9.876387,1.431817,-1.109193,0.519893,-3.648669,0.837487,-0.060244,0.999466,-0.031831,0.007321,-0.000293
6127,-0.138688,-0.679416,9.885676,1.466624,-1.307611,0.190285,-3.600158,0.798036,-0.045882,0.999482,-0.031409,0.006973,-0.000181
6128,-0.134329,-0.675830,9.870443,1.490640,-1.553321,-0.311753,-3.550859,0.750319,-0.044928,0.999499,-0.030979,0.006557,-0.000189
6129,-0.130962,-0.672880,9.883753,1.291830,-1.228307,-1.041151,-3.504735,0.702657,-0.064582,0.999514,-0.030576,0.006146,-0.000376
6130,-0.120535,-0.680309,9.891431,1.099047,-0.692707,-2.063527,-3.465485,0.667551,-0.114289,0.999525,-0.030231,0.005853,-0.000821
6131,-0.133479,-0.676567,9.913118,0.445372,-0.137205,-3.468909,-3.440796,0.648187,-0.205502,0.999532,-0.030011,0.005708,-0.001623
6132,-0.125266,-0.674534,9.915192,-1.065661,0.496134,-4.547736,-3.452650,0.646118,-0.339239,0.999526,-0.030108,0.005725,-0.002789
6133,-0.136505,-0.683833,9.931036,-2.719921,1.364421,-5.238980,-3.517637,0.667141,-0.503945,0.999503,-0.030666,0.005954,-0.004217
6134,-0.136687,-0.714092,9.931706,-3.824871,1.851235,-5.048239,-3.628821,0.709929,-0.678416,0.999463,-0.031624,0.006379,-0.005721
6135,-0.157508,-0.726469,9.915934,-4.421700,1.640710,-3.928209,-3.768232,0.758340,-0.831477,0.999413,-0.032829,0.006853,-0.007034
6136,-0.140230,-0.737363,9.891569,-4.415772,1.213492,-2.272579,-3.916970,0.798860,-0.937792,0.999360,-0.034116,0.007247,-0.007940
6137,-0.148352,-0.769144,9.895834,-3.218091,0.859496,-1.112877,-4.045038,0.829391,-0.996488,0.999315,-0.035227,0.007540,-0.008435
6138,-0.141797,-0.787497,9.882861,-1.567468,0.648921,-0.291934,-4.125167,0.852793,-1.021636,0.999287,-0.035922,0.007758,-0.008641
6139,-0.151173,-0.780034,9.860139,-0.513659,0.542116,0.219241,-4.159894,0.872503,-1.024276,0.999275,-0.036223,0.007933,-0.008656
6140,-0.149846,-0.777759,9.865821,0.537206,0.348336,0.413028,-4.159358,0.888068,-1.014840,0.999275,-0.036218,0.008066,-0.008569
6141,-0.167647,-0.785061,9.868889,1.807811,0.017261,0.899794,-4.119942,0.895724,-0.993453,0.999288,-0.035875,0.008123,-0.008383
6142,-0.160613,-0.770806,9.891397,2.728987,-0.393136,1.540681,-4.043690,0.892370,-0.952429,0.999315,-0.035214,0.008075,-0.008031
6143,-0.155600,-0.729492,9.894043,3.311638,-0.734921,2.343315,-3.941995,0.878123,-0.886534,0.999351,-0.034332,0.007924,-0.007468
6144,-0.157650,-0.717330,9.908317,3.856331,-1.182011,2.869759,-3.821188,0.852132,-0.797675,0.999394,-0.033287,0.007664,-0.006709
6145,-0.159435,-0.688821,9.878695,3.837959,-1.387994,2.839240,-3.691529,0.815626,-0.699911,0.999439,-0.032164,0.007311,-0.005875
6146,-0.157439,-0.678822,9.888709,3.018352,-1.268897,2.418087,-3.576004,0.776987,-0.609648,0.999477,-0.031164,0.006943,-0.005106
6147,-0.159053,-0.669695,9.883477,2.186366,-0.844532,2.061025,-3.488241,0.746431,-0.532959,0.999506,-0.030405,0.006652,-0.004450
6148,-0.153737,-0.675335,9.894673,1.262703,-0.403349,1.426246,-3.429991,0.729180,-0.473685,0.999524,-0.029901,0.006484,-0.003941
6149,-0.147503,-0.660480,9.888245,0.560239,0.260605,0.710591,-3.399154,0.728928,-0.437990,0.999533,-0.029634,0.006472,-0.003632
6150,-0.156159,-0.662192,9.900263,0.118701,1.270965,-0.104248,-3.387726,0.755007,-0.429414,0.999535,-0.029534,0.006696,-0.003551
6151,-0.126406,-0.714991,9.772470,0.775558,1.200877,-0.212594,-3.372923,0.795821,-0.437117,0.999536,-0.029403,0.007054,-0.003608
6152,-0.096280,-0.735419,9.730648,0.698098,-1.137003,0.744137,-3.348240,0.797404,-0.428332,0.999543,-0.029188,0.007065,-0.003533
6153,-0.088234,-0.721921,9.758719,0.933395,-3.438437,1.819877,-3.320424,0.723763,-0.381228,0.999555,-0.028950,0.006410,-0.003142
6154,-0.081186,-0.682817,9.840577,1.905916,-4.786183,2.704880,-3.272150,0.591250,-0.298050,0.999576,-0.028537,0.005232,-0.002453
6155,-0.077441,-0.649640,9.899011,2.831398,-5.482270,3.495285,-3.192191,0.426206,-0.185229,0.999604,-0.027847,0.003763,-0.001512
6156,-0.097227,-0.541986,10.038665,3.159168,-4.933011,3.838610,-3.091557,0.259576,-0.053673,0.999633,-0.026975,0.002277,-0.000407
6157,-0.100033,-0.478439,10.080642,3.678062,-2.767650,2.834555,-2.977186,0.137299,0.064176,0.999662,-0.025979,0.001183,0.000591
6158,-0.099217,-0.474254,10.026902,3.742257,-0.443542,1.409348,-2.853363,0.087432,0.137516,0.999689,-0.024899,0.000733,0.001219
6159,-0.083829,-0.505140,9.943866,3.049495,0.559325,0.698284,-2.740106,0.091059,0.172487,0.999713,-0.023911,0.000758,0.001524
6160,-0.041663,-0.507276,9.905473,2.251272,0.205673,0.660154,-2.651719,0.104856,0.194495,0.999730,-0.023140,0.000876,0.001718
6161,-0.005793,-0.534408,9.888112,1.599280,0.010407,0.379385,-2.587512,0.109246,0.211639,0.999743,-0.022580,0.000911,0.001868
6162,0.009192,-0.548632,9.859737,1.709979,0.406991,0.536547,-2.532328,0.116877,0.226580,0.999753,-0.022099,0.000976,0.001999
6163,0.026079,-0.521777,9.859379,2.145664,0.031328,1.285762,-2.468004,0.125501,0.256602,0.999765,-0.021538,0.001047,0.002262
6164,0.020525,-0.516140,9.882161,1.873371,-0.310822,1.406294,-2.400924,0.122755,0.301629,0.999776,-0.020953,0.001016,0.002654
6166,-0.002791,-0.483842,9.871058,2.208456,-0.138625,1.540564,-2.332791,0.117301,0.351013,0.999788,-0.020359,0.000961,0.003083
6167,-0.029161,-0.434638,9.906735,2.334718,-0.655951,1.702310,-2.256964,0.106232,0.405547,0.999799,-0.019698,0.000857,0.003557
6168,-0.065248,-0.402895,9.951919,2.102617,-0.924300,1.299474,-2.182927,0.081853,0.456562,0.999810,-0.019051,0.000638,0.003997
6169,-0.077641,-0.391259,9.969139,1.618815,-0.508827,0.589934,-2.120865,0.059165,0.488929,0.999820,-0.018509,0.000437,0.004276
6170,-0.069760,-0.372025,9.934895,1.241852,-0.122297,0.116915,-2.073176,0.049083,0.501086,0.999827,-0.018093,0.000349,0.004380
6171,-0.033632,-0.384308,9.926903,0.523029,-0.508031,-0.148584,-2.043761,0.038564,0.500934,0.999831,-0.017836,0.000259,0.004377
6172,-0.017884,-0.406630,9.903502,0.031380,-0.275950,-0.351527,-2.034526,0.025208,0.493071,0.999833,-0.017754,0.000144,0.004306
6173,0.010084,-0.419180,9.879335,-0.120154,-0.317163,-0.250817,-2.036010,0.014972,0.483390,0.999833,-0.017767,0.000056,0.004220
6174,0.004162,-0.421522,9.893693,-0.467071,-0.787230,-0.288968,-2.045797,-0.003743,0.475055,0.999832,-0.017852,-0.000107,0.004144
6175,-0.020292,-0.397307,9.911991,-0.426306,-0.704775,-0.507173,-2.060683,-0.029069,0.462685,0.999830,-0.017981,-0.000326,0.004032
6176,-0.067211,-0.383727,9.901709,0.084606,-0.031483,-0.919160,-2.066364,-0.042188,0.439370,0.999830,-0.018030,-0.000437,0.003827
6177,-0.076711,-0.373952,9.894043,0.375886,0.169015,-1.473049,-2.058662,-0.041331,0.399443,0.999833,-0.017963,-0.000423,0.003479
6178,-0.079827,-0.364186,9.901194,0.430723,0.128474,-2.014729,-2.045178,-0.038457,0.341173,0.999836,-0.017846,-0.000389,0.002971
6179,-0.057168,-0.359943,9.896774,0.702280,0.116848,-2.307685,-2.026247,-0.036930,0.269033,0.999841,-0.017681,-0.000364,0.002342
6180,-0.019902,-0.393268,9.922834,0.947766,0.074469,-2.789865,-1.998691,-0.036726,0.184014,0.999847,-0.017440,-0.000348,0.001600
6181,0.029530,-0.437834,9.938898,1.015922,0.190451,-3.005020,-1.965902,-0.035654,0.087338,0.999853,-0.017155,-0.000324,0.000757
6182,0.036509,-0.457365,9.922562,1.228753,0.406927,-2.266478,-1.928442,-0.028688,-0.000808,0.999858,-0.016828,-0.000250,-0.000011
6183,0.029325,-0.417338,9.924386,1.179156,-0.006808,-1.115937,-1.888286,-0.023897,-0.057373,0.999864,-0.016478,-0.000200,-0.000504
6184,0.015911,-0.407946,9.939666,0.436928,-0.286192,-0.662742,-1.861336,-0.029745,-0.086841,0.999868,-0.016243,-0.000247,-0.000762
6185,0.037189,-0.379946,9.941312,-0.030531,-0.571708,0.225341,-1.854558,-0.044273,-0.093663,0.999869,-0.016184,-0.000373,-0.000824
6186,0.018760,-0.353321,9.937902,-0.546633,-0.597815,0.855543,-1.864194,-0.063170,-0.075024,0.999867,-0.016268,-0.000541,-0.000664
6187,-0.017837,-0.333309,9.937312,-0.693281,-0.492458,0.883013,-1.884895,-0.080383,-0.045469,0.999864,-0.016448,-0.000695,-0.000408
6188,-0.037712,-0.351036,9.936390,-0.873471,-0.193068,0.500016,-1.911043,-0.091039,-0.022052,0.999861,-0.016676,-0.000791,-0.000206
6189,-0.027275,-0.336913,9.930160,-0.731673,0.127741,0.344383,-1.937817,-0.091653,-0.007949,0.999857,-0.016910,-0.000799,-0.000083
6190,-0.076209,-0.313790,9.891622,-0.371496,0.595195,0.275734,-1.956218,-0.079260,0.001971,0.999854,-0.017070,-0.000692,0.000005
6191,-0.075303,-0.295946,9.894488,-0.302587,0.318175,-0.110302,-1.967455,-0.063952,0.004207,0.999852,-0.017168,-0.000559,0.000027
6192,-0.001033,-0.332364,9.943399,-1.014996,-0.452028,-1.034999,-1.989393,-0.066840,-0.014794,0.999849,-0.017360,-0.000581,-0.000139
6193,0.036773,-0.394431,9.968451,-1.387470,-0.331530,-1.683519,-2.029375,-0.081479,-0.059618,0.999843,-0.017709,-0.000702,-0.000533
6194,0.043889,-0.438935,9.958923,-1.157571,0.129090,-1.611807,-2.071712,-0.086816,-0.114383,0.999836,-0.018079,-0.000739,-0.001012
6195,0.061559,-0.477577,9.960177,-1.053060,0.202042,-1.596557,-2.108479,-0.083250,-0.168020,0.999829,-0.018400,-0.000699,-0.001479
6196,0.046726,-0.509431,9.938774,-1.003704,0.490141,-1.396671,-2.142690,-0.073572,-0.218301,0.999823,-0.018699,-0.000606,-0.001917
6197,0.005736,-0.483168,9.877718,-0.435524,1.275896,-0.740525,-2.166640,-0.045498,-0.255001,0.999819,-0.018907,-0.000355,-0.002232
6198,-0.013560,-0.459843,9.836946,-0.054820,1.332464,-0.383453,-2.174807,-0.002766,-0.275365,0.999817,-0.018978,0.000021,-0.002403
6199,-0.033016,-0.456497,9.819112,0.101685,0.942040,-0.413964,-2.174032,0.034612,-0.290083,0.999817,-0.018970,0.000350,-0.002525
6200,-0.040215,-0.442411,9.839554,-0.111009,0.434170,-0.423109,-2.174198,0.057003,-0.304894,0.999816,-0.018971,0.000548,-0.002651
6201,-0.026233,-0.421663,9.890009,-0.128239,-0.107337,-0.325443,-2.178198,0.061972,-0.317568,0.999815,-0.019006,0.000593,-0.002761
6202,-0.016182,-0.440763,9.944703,-0.438420,-0.383446,-0.427677,-2.187654,0.053320,-0.329799,0.999814,-0.019088,0.000520,-0.002869
6203,-0.021742,-0.428133,9.918182,-0.168760,0.132386,-0.069083,-2.197781,0.048822,-0.337913,0.999812,-0.019177,0.000483,-0.002940
6204,-0.026669,-0.408975,9.925399,-0.278924,-0.078074,0.220847,-2.205241,0.049824,-0.335419,0.999811,-0.019242,0.000491,-0.002918
6205,-0.024593,-0.421263,9.943541,-0.596572,-0.329721,0.260526,-2.219826,0.043342,-0.327140,0.999808,-0.019369,0.000433,-0.002847
6206,-0.035473,-0.416920,9.911520,-0.531230,0.134330,0.356666,-2.238615,0.040488,-0.316735,0.999805,-0.019533,0.000407,-0.002757
6207,-0.052717,-0.390442,9.866560,-0.308590,0.181917,0.576410,-2.252600,0.046364,-0.301402,0.999803,-0.019655,0.000456,-0.002622
6208,-0.051024,-0.391224,9.900454,-0.697725,-0.647843,0.452824,-2.269359,0.039281,-0.283954,0.999801,-0.019802,0.000392,-0.002471
6209,-0.049046,-0.419072,9.890071,-0.827540,-0.439989,0.104925,-2.294776,0.021535,-0.273945,0.999797,-0.020024,0.000236,-0.002386
6210,-0.051468,-0.449337,9.828401,-0.252586,-0.074944,-0.038498,-2.312778,0.013005,-0.272493,0.999794,-0.020181,0.000161,-0.002375
6211,-0.044883,-0.453196,9.824311,-0.166043,-0.767365,0.016449,-2.319755,-0.001036,-0.272293,0.999792,-0.020242,0.000039,-0.002376
6212,-0.017119,-0.459521,9.876646,-0.105454,-1.655220,0.021036,-2.324281,-0.041354,-0.270033,0.999791,-0.020283,-0.000313,-0.002363
6213,-0.001464,-0.496477,9.891718,-0.159456,-1.488794,-0.462677,-2.328690,-0.094010,-0.275261,0.999790,-0.020322,-0.000771,-0.002418
6214,0.016145,-0.490588,9.903712,0.232002,-1.586420,-0.085772,-2.327468,-0.145593,-0.282312,0.999790,-0.020313,-0.001220,-0.002489
6215,0.027611,-0.451048,9.935159,0.222327,-1.825999,0.265191,-2.319910,-0.202298,-0.277020,0.999790,-0.020248,-0.001716,-0.002453
6216,0.032162,-0.456680,9.949715,0.009838,-1.604738,0.008838,-2.316067,-0.259245,-0.270144,0.999790,-0.020215,-0.002214,-0.002403
6217,0.032367,-0.463365,9.924789,-0.069954,-0.989730,0.034783,-2.317082,-0.302422,-0.267669,0.999789,-0.020225,-0.002591,-0.002389
6218,0.035658,-0.432238,9.889590,0.477491,-0.815662,0.658892,-2.310360,-0.332020,-0.254901,0.999790,-0.020167,-0.002852,-0.002282
6219,0.034957,-0.426770,9.874261,0.388754,-0.983364,0.594810,-2.296055,-0.361140,-0.232819,0.999792,-0.020042,-0.003110,-0.002094
6220,0.037211,-0.420415,9.895134,0.115413,-1.283787,0.547515,-2.287789,-0.398134,-0.212284,0.999793,-0.019970,-0.003437,-0.001922
6221,0.051641,-0.443454,9.906536,-0.298388,-1.286676,0.419346,-2.290970,-0.440297,-0.194469,0.999791,-0.019997,-0.003808,-0.001774
6222,0.060537,-0.451503,9.912862,-0.349138,-1.173630,0.376628,-2.301882,-0.480737,-0.179569,0.999788,-0.020093,-0.004163,-0.001651
6223,0.064407,-0.446707,9.922681,-0.589104,-1.194860,0.272874,-2.317627,-0.519744,-0.167161,0.999784,-0.020230,-0.004505,-0.001550
6224,0.079238,-0.476403,9.946397,-0.368312,-0.973486,0.376645,-2.333700,-0.555413,-0.154877,0.999780,-0.020370,-0.004818,-0.001450
6225,0.091575,-0.481481,9.935184,0.355925,-0.462240,1.101467,-2.334159,-0.578319,-0.129287,0.999779,-0.020373,-0.005023,-0.001231
6226,0.087142,-0.434350,9.913183,1.225293,-0.311104,1.916318,-2.308320,-0.589162,-0.078508,0.999784,-0.020146,-0.005127,-0.000789
6227,0.077410,-0.429613,9.901427,1.461578,-0.266709,1.962104,-2.264210,-0.596207,-0.013533,0.999791,-0.019758,-0.005200,-0.000221
6228,0.092313,-0.423279,9.917951,1.664288,-0.289461,2.136068,-2.212830,-0.602803,0.055083,0.999800,-0.019307,-0.005269,0.000379
6229,0.090669,-0.380096,9.923243,1.459708,-0.370239,2.001791,-2.161498,-0.611159,0.124421,0.999807,-0.018855,-0.005353,0.000985
6230,0.085307,-0.392987,9.908354,0.602078,-0.466241,0.904657,-2.127662,-0.623277,0.173353,0.999812,-0.018558,-0.005466,0.001412
6231,0.087141,-0.423484,9.919424,0.124179,-0.408097,0.366014,-2.115798,-0.637055,0.195058,0.999813,-0.018453,-0.005590,0.001599
6232,0.099347,-0.389663,9.929568,-0.188935,-0.214182,0.277519,-2.117002,-0.647023,0.206160,0.999812,-0.018463,-0.005679,0.001694
6233,0.087931,-0.395472,9.928893,-0.817812,0.393272,-0.648711,-2.133710,-0.644269,0.199867,0.999810,-0.018609,-0.005654,0.001639
6234,0.066314,-0.407020,9.883580,-1.260590,0.782650,-1.153780,-2.168010,-0.625811,0.169110,0.999805,-0.018910,-0.005488,0.001372
6235,0.055407,-0.409481,9.894475,-1.276133,0.955456,-1.149185,-2.209867,-0.598329,0.129647,0.999800,-0.019277,-0.005242,0.001030
6236,0.055919,-0.412088,9.903287,-1.313005,1.244243,-1.486396,-2.252560,-0.563405,0.084325,0.999794,-0.019652,-0.004930,0.000639
6237,0.038836,-0.443995,9.914137,-1.310276,1.027970,-1.725948,-2.295758,-0.527689,0.029323,0.999789,-0.020032,-0.004609,0.000164
6238,0.034172,-0.456516,9.900344,-1.121498,0.361587,-1.310874,-2.335821,-0.506593,-0.022188,0.999782,-0.020383,-0.004416,-0.000284
6239,0.039166,-0.451720,9.906931,-0.679393,0.339104,-1.103328,-2.365478,-0.496575,-0.062873,0.999777,-0.020643,-0.004321,-0.000638
6240,0.034633,-0.458867,9.912528,-0.327278,0.449355,-1.226909,-2.381919,-0.485053,-0.102222,0.999775,-0.020788,-0.004213,-0.000980
6241,0.026309,-0.453972,9.902846,0.015704,0.211729,-0.901867,-2.386811,-0.475519,-0.138130,0.999774,-0.020832,-0.004124,-0.001292
6242,0.034551,-0.442533,9.884893,0.654787,0.384565,-0.396765,-2.375455,-0.466488,-0.160169,0.999776,-0.020734,-0.004041,-0.001482
6243,0.044231,-0.451062,9.887017,1.251148,0.491703,-0.274676,-2.343596,-0.452356,-0.171951,0.999782,-0.020456,-0.003916,-0.001581
6244,0.044963,-0.453595,9.922826,1.296586,0.310386,-0.274662,-2.301058,-0.439368,-0.181641,0.999790,-0.020085,-0.003802,-0.001662
6245,0.053576,-0.442441,9.929946,1.297762,0.164112,-0.022873,-2.257779,-0.431664,-0.186910,0.999797,-0.019708,-0.003734,-0.001705
6246,0.067896,-0.431735,9.923794,1.421040,0.147441,-0.021340,-2.212458,-0.426503,-0.187848,0.999805,-0.019312,-0.003690,-0.001711
6247,0.064402,-0.428500,9.913239,1.170458,0.010171,-0.260905,-2.169231,-0.424058,-0.192650,0.999812,-0.018935,-0.003668,-0.001751
6248,0.046308,-0.409600,9.919374,0.874124,-0.023258,-0.309728,-2.135085,-0.424634,-0.202145,0.999818,-0.018637,-0.003672,-0.001833
6249,0.049525,-0.389303,9.900345,0.774731,-0.227536,-0.060993,-2.107559,-0.429040,-0.208165,0.999822,-0.018398,-0.003710,-0.001885
6250,0.051020,-0.394041,9.901106,0.631102,-0.370792,-0.126600,-2.084107,-0.439119,-0.210924,0.999825,-0.018193,-0.003798,-0.001910
6251,0.041604,-0.395805,9.907567,0.382125,-0.159992,-0.271553,-2.067172,-0.448200,-0.217235,0.999828,-0.018046,-0.003876,-0.001966
6252,0.037404,-0.399523,9.920153,0.247549,-0.168861,-0.321895,-2.056601,-0.454034,-0.226923,0.999829,-0.017954,-0.003926,-0.002051
6253,0.042566,-0.393361,9.921919,0.111440,-0.176196,-0.259319,-2.050542,-0.460128,-0.236398,0.999830,-0.017901,-0.003978,-0.002134
6254,0.054584,-0.395920,9.939375,0.198122,-0.093560,-0.234893,-2.045317,-0.464916,-0.244469,0.999830,-0.017856,-0.004018,-0.002205
6255,0.062748,-0.395426,9.920965,0.536565,-0.029307,-0.100603,-2.033027,-0.467161,-0.249984,0.999832,-0.017749,-0.004037,-0.002253
6256,0.063986,-0.381262,9.912398,0.875050,-0.245855,0.094722,-2.009501,-0.471748,-0.249921,0.999835,-0.017544,-0.004078,-0.002253
6257,0.072796,-0.354480,9.923944,1.662289,-0.244229,0.122193,-1.967245,-0.479785,-0.246024,0.999841,-0.017175,-0.004149,-0.002219
6258,0.072122,-0.341511,9.916189,3.514735,-0.000004,0.019959,-1.880982,-0.483774,-0.243520,0.999854,-0.016423,-0.004186,-0.002194
6259,0.064032,-0.322681,9.901418,5.725807,0.296142,-0.082274,-1.726963,-0.478874,-0.244715,0.999875,-0.015079,-0.004146,-0.002198
6260,0.062490,-0.269372,9.923437,7.904953,0.578594,0.164930,-1.499792,-0.464263,-0.243751,0.999904,-0.013096,-0.004023,-0.002180
6261,0.051884,-0.231112,9.931711,10.146763,0.719168,0.575407,-1.199026,-0.442346,-0.231927,0.999936,-0.010471,-0.003839,-0.002064
6262,0.040647,-0.177132,9.892219,12.284810,0.928467,1.010300,-0.825364,-0.414416,-0.205987,0.999966,-0.007209,-0.003603,-0.001824
6263,0.028314,-0.095938,9.920485,13.423447,1.128669,1.303281,-0.397164,-0.379714,-0.167796,0.999987,-0.003471,-0.003309,-0.001476
6264,0.021374,0.003737,9.947360,14.658173,1.455427,1.506230,0.070564,-0.336507,-0.121097,0.999995,0.000613,-0.002937,-0.001055
6265,0.001734,0.104552,9.938454,16.561159,2.131509,1.190363,0.590634,-0.276984,-0.075818,0.999984,0.005153,-0.002421,-0.000649
6266,-0.020264,0.211895,9.971304,18.245975,2.511584,0.793620,1.170599,-0.200136,-0.041584,0.999946,0.010215,-0.001750,-0.000345
6267,-0.053070,0.308868,9.981931,20.553377,2.436963,0.631868,1.817167,-0.118331,-0.015692,0.999874,0.015857,-0.001035,-0.000121
6269,-0.038805,0.490034,9.970320,22.178753,1.024097,-0.291320,2.529331,-0.060919,-0.007816,0.999756,0.022071,-0.000533,-0.000056
6270,-0.042343,0.646561,9.945308,22.670467,-0.622269,-0.933739,3.276809,-0.053249,-0.027790,0.999591,0.028592,-0.000471,-0.000229
6271,-0.040564,0.803920,9.941961,22.986757,-2.346466,-1.028351,4.037777,-0.100579,-0.063492,0.999379,0.035228,-0.000897,-0.000523
6272,-0.018591,0.974577,9.870142,23.124580,-2.994902,-0.971898,4.806366,-0.186774,-0.103499,0.999119,0.041930,-0.001666,-0.000834
6273,0.003918,1.150769,9.857005,22.046328,-2.700337,-0.823890,5.559336,-0.278598,-0.141844,0.998820,0.048492,-0.002488,-0.001118
6274,-0.000873,1.249042,9.843192,21.230545,-1.590916,0.355641,6.280668,-0.348922,-0.156990,0.998493,0.054777,-0.003115,-0.001201
6275,0.004291,1.343225,9.850176,21.243277,-0.452474,1.324590,6.988388,-0.385917,-0.133156,0.998135,0.060943,-0.003432,-0.000955
6276,0.003400,1.452751,9.820502,21.251392,0.675298,1.919684,7.696241,-0.389086,-0.079106,0.997740,0.067109,-0.003434,-0.000461
6277,-0.012676,1.558160,9.843342,21.213699,0.951627,2.104301,8.403502,-0.371592,-0.008958,0.997307,0.073268,-0.003240,0.000160
6278,-0.015881,1.684537,9.833468,21.459808,0.651172,2.247713,9.114217,-0.356224,0.066783,0.996834,0.079454,-0.003053,0.000828
6279,-0.030262,1.798635,9.795224,22.091976,0.745942,2.012693,9.839597,-0.344945,0.140669,0.996310,0.085764,-0.002894,0.001481
6280,-0.041348,1.939354,9.777223,22.612761,0.851414,1.771563,10.584249,-0.329941,0.207452,0.995731,0.092238,-0.002700,0.002068
6281,-0.041741,2.068590,9.769081,22.521666,0.441128,1.341216,11.336144,-0.318670,0.262471,0.995104,0.098771,-0.002541,0.002554
6282,-0.019378,2.203062,9.714465,23.440741,0.081173,0.755226,12.101948,-0.317271,0.298467,0.994421,0.105420,-0.002479,0.002882
6283,-0.018077,2.349372,9.696554,24.546003,-0.202511,-0.200034,12.901638,-0.321287,0.307075,0.993660,0.112357,-0.002485,0.002978
6284,-0.020279,2.486380,9.672817,25.343040,-0.881408,-0.586127,13.733172,-0.335906,0.290167,0.992819,0.119564,-0.002608,0.002864
6285,-0.019527,2.634674,9.589580,25.163506,-1.528257,-0.982905,14.575117,-0.368483,0.255024,0.991914,0.126855,-0.002907,0.002615
6286,-0.021774,2.759159,9.521889,24.752043,-1.660862,-0.944798,15.407298,-0.411547,0.210275,0.990966,0.134055,-0.003313,0.002300
6287,-0.037234,2.859367,9.497635,23.069435,-1.486726,-0.546583,16.204569,-0.455251,0.172080,0.990008,0.140945,-0.003721,0.002047
6288,-0.022408,2.954215,9.456109,20.411688,-1.468222,0.297195,16.929369,-0.501248,0.154056,0.989096,0.147204,-0.004129,0.001974
6289,-0.008381,3.070415,9.441512,17.773735,-1.190324,0.790012,17.565731,-0.548896,0.158245,0.988261,0.152695,-0.004523,0.002096
6290,-0.005950,3.160142,9.434237,16.654045,-0.974989,1.127183,18.139320,-0.593015,0.177601,0.987482,0.157641,-0.004866,0.002346
6291,0.001552,3.260293,9.439442,16.372061,-0.907664,1.073714,18.689474,-0.634354,0.202492,0.986711,0.162381,-0.005175,0.002642
6292,0.008247,3.381219,9.438559,17.152130,-0.674013,0.962256,19.247936,-0.670314,0.226012,0.985906,0.167189,-0.005437,0.002922
6293,0.000015,3.473397,9.394211,18.818785,-0.476972,0.753132,19.847189,-0.697958,0.246524,0.985016,0.172344,-0.005629,0.003169
6294,0.002067,3.569421,9.322204,21.114136,-0.409620,0.843082,20.512465,-0.721012,0.266383,0.983997,0.178061,-0.005778,0.003408
6295,0.006385,3.670292,9.271797,22.908985,-0.172888,1.013902,21.245831,-0.741111,0.291836,0.982835,0.184356,-0.005887,0.003695
6296,0.009374,3.799634,9.202020,23.179457,-0.081121,1.254913,22.013500,-0.758974,0.325417,0.981576,0.190938,-0.005959,0.004052
6297,0.012830,3.923212,9.138892,22.925030,-0.210615,1.573742,22.781309,-0.781417,0.367154,0.980271,0.197513,-0.006052,0.004488
6298,0.026929,4.030014,9.094434,22.498159,-0.028829,1.608750,23.537668,-0.805932,0.414367,0.978943,0.203982,-0.006148,0.004974
6299,0.019550,4.144220,9.052582,21.297619,0.119386,1.565933,24.266869,-0.825982,0.463347,0.977621,0.210210,-0.006197,0.005468
6300,0.013241,4.261170,9.034240,20.519737,0.021945,1.507846,24.963097,-0.845172,0.510899,0.976322,0.216149,-0.006238,0.005947
6301,0.015405,4.368819,8.993780,21.658398,-0.218925,1.506211,25.665384,-0.869620,0.554913,0.974975,0.222132,-0.006324,0.006407
6302,0.032469,4.483493,8.935138,22.166851,-0.867228,0.857586,26.395350,-0.903183,0.582380,0.973536,0.228340,-0.006513,0.006747
6303,0.040262,4.613905,8.872193,22.759254,-1.588790,0.054845,27.144157,-0.946624,0.577534,0.972020,0.234698,-0.006847,0.006838
6304,0.046789,4.723288,8.800960,23.035807,-1.843421,-0.653290,27.907963,-0.992797,0.542261,0.970433,0.241171,-0.007267,0.006681
6305,0.046533,4.820495,8.704327,22.199957,-1.855425,-1.340070,28.662888,-1.031379,0.483780,0.968823,0.247555,-0.007675,0.006318
6306,0.049813,4.929359,8.651473,19.667269,-1.601908,-1.875792,29.362005,-1.055811,0.408937,0.967296,0.253457,-0.008008,0.005787
6307,0.038618,4.998460,8.576758,17.711346,-0.782260,-1.738591,29.986282,-1.060544,0.336896,0.965904,0.258717,-0.008179,0.005234
6308,0.016806,5.074331,8.551242,15.222824,0.023687,-1.407617,30.536110,-1.045026,0.285197,0.964655,0.263345,-0.008142,0.004802
6309,0.020045,5.158482,8.543272,13.782563,0.426801,-0.966788,31.020060,-1.018307,0.255012,0.963538,0.267415,-0.007968,0.004521
6310,0.035333,5.246010,8.535995,13.238276,0.543367,-0.463598,31.470612,-0.992100,0.243009,0.962482,0.271201,-0.007758,0.004389
6311,0.028893,5.299733,8.479598,13.902512,0.792673,-0.470061,31.922979,-0.964963,0.241473,0.961406,0.274998,-0.007517,0.004342
6312,0.017704,5.371608,8.452838,14.619870,0.582334,-0.348138,32.398331,-0.938300,0.242121,0.960259,0.278984,-0.007274,0.004313
6313,0.028619,5.453125,8.395968,16.152084,0.156830,0.077447,32.911144,-0.925494,0.244980,0.959001,0.283278,-0.007140,0.004338
6314,0.023516,5.500331,8.302135,17.984926,-0.001649,-0.017303,33.480049,-0.923875,0.247259,0.957583,0.288036,-0.007099,0.004388
6315,0.010349,5.553930,8.212720,18.841169,-0.027360,-0.290598,34.093872,-0.921430,0.242728,0.956027,0.293161,-0.007067,0.004382
6316,0.001791,5.639381,8.155729,18.887142,-0.231590,-0.141224,34.722790,-0.920934,0.234345,0.954404,0.298403,-0.007060,0.004350
6317,0.010638,5.751101,8.113333,18.067915,-0.354948,0.096651,35.338783,-0.928512,0.228136,0.952786,0.303529,-0.007116,0.004356
6318,0.006636,5.839122,8.062203,16.830585,-0.411170,0.119370,35.920483,-0.940982,0.223635,0.951232,0.308361,-0.007210,0.004388
6319,0.012790,5.938219,8.036417,15.713796,-0.592519,0.076471,36.462994,-0.956410,0.216394,0.949760,0.312861,-0.007336,0.004405
6320,0.020087,5.990551,7.993408,14.709890,-0.647225,0.207530,36.970192,-0.975809,0.207840,0.948365,0.317061,-0.007501,0.004420
6321,0.030674,6.046791,7.951172,13.701508,-0.814539,0.989922,37.443687,-1.007279,0.209009,0.947045,0.320976,-0.007740,0.004549
6322,0.046817,6.117275,7.883097,13.854532,-1.045668,1.447074,37.902706,-1.056623,0.222235,0.945747,0.324768,-0.008091,0.004829
6323,0.050492,6.163479,7.805452,14.581184,-0.945995,0.996544,38.376411,-1.107874,0.233784,0.944392,0.328675,-0.008460,0.005104
6324,0.041911,6.228481,7.753570,14.761376,-0.681798,0.640833,38.865353,-1.146113,0.238157,0.942977,0.332701,-0.008740,0.005287
6325,0.045587,6.315895,7.711136,15.468021,-0.649527,0.530783,39.369148,-1.175652,0.239293,0.941502,0.336843,-0.008956,0.005422
6326,0.044305,6.405718,7.643784,16.708773,-0.679814,-0.159129,39.905609,-1.196667,0.229922,0.939914,0.341246,-0.009131,0.005449
6327,0.031854,6.463728,7.601367,18.250135,-0.696354,-0.650684,40.488773,-1.205495,0.204786,0.938165,0.346023,-0.009252,0.005317
6328,0.036226,6.536024,7.541749,19.904388,-0.822752,-0.527304,41.125328,-1.211842,0.173360,0.936230,0.351227,-0.009370,0.005131
6329,0.051650,6.592042,7.419950,20.244822,-1.037669,-0.716728,41.795216,-1.221346,0.137292,0.934161,0.356690,-0.009530,0.004921
6330,0.056658,6.694616,7.361358,19.895548,-1.115267,-1.016013,42.465176,-1.228598,0.091798,0.932061,0.362142,-0.009703,0.004629
6331,0.065775,6.783786,7.305282,19.956736,-1.237127,-0.762906,43.130394,-1.237236,0.043389,0.929944,0.367542,-0.009902,0.004321
6332,0.064872,6.852047,7.198462,18.746822,-1.363572,-0.883651,43.776505,-1.249822,-0.006341,0.927858,0.372775,-0.010141,0.004015
6333,0.066774,6.940281,7.127917,16.920443,-1.515957,-1.382829,44.372265,-1.258038,-0.066873,0.925908,0.377588,-0.010386,0.003605
6334,0.063137,7.029408,7.118003,16.941927,-1.994889,-1.117524,44.938187,-1.270400,-0.137667,0.924034,0.382149,-0.010704,0.003127
6335,0.056292,7.090770,7.005910,19.002037,-2.768316,-0.450912,45.538910,-1.307745,-0.212438,0.922016,0.386979,-0.011240,0.002707
6336,0.073210,7.124886,6.893709,20.766144,-3.442562,-0.612878,46.203724,-1.367084,-0.299064,0.919752,0.392309,-0.011997,0.002280
6337,0.082239,7.180399,6.800956,22.307453,-3.916922,-1.012886,46.924221,-1.431756,-0.406779,0.917264,0.398068,-0.012874,0.001718
6338,0.075996,7.275466,6.697471,23.244503,-4.256989,-1.150449,47.686573,-1.497651,-0.531396,0.914591,0.404142,-0.013828,0.001042
6339,0.099597,7.393989,6.587844,23.259941,-4.389532,-1.185782,48.465160,-1.564972,-0.664670,0.911819,0.410324,-0.014833,0.000316
6340,0.119259,7.464980,6.516216,23.984924,-4.622802,-1.829949,49.256611,-1.625941,-0.810904,0.908958,0.416586,-0.015846,-0.000519
6341,0.104700,7.513787,6.360029,23.740929,-4.192288,-2.829671,50.056656,-1.661884,-0.973236,0.906023,0.422895,-0.016733,-0.001560
6342,0.112153,7.631640,6.265656,20.727404,-3.291777,-2.935220,50.802311,-1.667299,-1.130710,0.903249,0.428757,-0.017374,-0.002672
6343,0.134382,7.705606,6.213108,17.086691,-2.989444,-1.708623,51.436302,-1.672761,-1.260869,0.900859,0.433727,-0.017924,-0.003578
6344,0.132069,7.761231,6.151118,13.484062,-2.844295,-0.799406,51.948822,-1.700219,-1.363080,0.898905,0.437732,-0.018546,-0.004195
6345,0.142377,7.852046,6.111087,7.044790,-1.818420,-0.349841,52.293159,-1.732816,-1.436180,0.897580,0.440414,-0.019095,-0.004586
6346,0.170189,7.946147,6.178492,1.313492,-1.158783,0.459861,52.433632,-1.764576,-1.474364,0.897036,0.441502,-0.019496,-0.004739
6347,0.185188,7.925272,6.181343,-0.751176,-1.009090,0.622942,52.443550,-1.800913,-1.491997,0.896994,0.441571,-0.019849,-0.004735
6348,0.178574,7.891346,6.174313,-2.517058,-0.744706,0.204340,52.389549,-1.829670,-1.506753,0.897199,0.441141,-0.020129,-0.004749
6349,0.181167,7.862578,6.180814,-3.739739,-0.277366,-0.043368,52.285637,-1.842204,-1.518599,0.897598,0.440323,-0.020268,-0.004812
6350,0.180389,7.824735,6.163295,-3.736866,-0.197851,0.008306,52.161243,-1.846596,-1.525216,0.898074,0.439347,-0.020322,-0.004869
6351,0.167911,7.793412,6.195557,-4.242139,-0.309066,-0.066682,52.028488,-1.851020,-1.532483,0.898582,0.438304,-0.020379,-0.004933
6352,0.157946,7.779650,6.219026,-4.092818,-0.423317,0.090252,51.889893,-1.858850,-1.541860,0.899111,0.437214,-0.020471,-0.005001
6353,0.162273,7.765336,6.224079,-2.906161,-0.387731,0.022513,51.773548,-1.868681,-1.551333,0.899553,0.436297,-0.020579,-0.005059
6354,0.162672,7.730302,6.239471,-2.507224,-0.260293,-0.601019,51.683804,-1.867801,-1.565792,0.899894,0.435590,-0.020623,-0.005192
6355,0.163685,7.727177,6.272876,-2.802684,-0.228984,-0.742356,51.595963,-1.855303,-1.586088,0.900227,0.434899,-0.020598,-0.005415
6356,0.165396,7.701590,6.270678,-1.807256,-0.151907,-0.474729,51.519695,-1.843362,-1.603680,0.900517,0.434299,-0.020567,-0.005612
6357,0.163630,7.703160,6.283897,-2.319422,-0.055002,-0.348997,51.451279,-1.834767,-1.614934,0.900776,0.433760,-0.020539,-0.005745
6358,0.169323,7.707345,6.301102,-2.624043,0.018997,-0.342266,51.369133,-1.826138,-1.622593,0.901087,0.433115,-0.020496,-0.005853
6359,0.163637,7.690385,6.304773,-1.920022,-0.018402,-0.050179,51.293530,-1.821025,-1.626674,0.901373,0.432520,-0.020467,-0.005918
6360,0.157339,7.671283,6.303017,-1.234298,-0.026786,0.002313,51.240990,-1.820874,-1.627762,0.901571,0.432107,-0.020467,-0.005936
6361,0.153157,7.668711,6.296078,-1.195511,-0.042778,-0.210735,51.200581,-1.818892,-1.630843,0.901723,0.431788,-0.020461,-0.005975
6362,0.154424,7.657607,6.302394,-0.520380,0.063310,-0.345967,51.172165,-1.811448,-1.636395,0.901830,0.431565,-0.020422,-0.006052
6363,0.157509,7.649127,6.313194,-0.367169,-0.027459,-0.211092,51.157539,-1.803841,-1.641753,0.901886,0.431450,-0.020381,-0.006125
6364,0.159852,7.661105,6.322126,-0.786200,-0.080098,-0.227259,51.138508,-1.799276,-1.647735,0.901957,0.431300,-0.020367,-0.006193
6365,0.165203,7.659262,6.327048,-0.851213,0.006099,-0.400568,51.111446,-1.791903,-1.655266,0.902059,0.431087,-0.020336,-0.006285
6366,0.171471,7.665433,6.326906,-1.151190,-0.107633,-0.166413,51.078300,-1.785613,-1.662521,0.902184,0.430826,-0.020312,-0.006372
6367,0.170921,7.658233,6.330647,-1.258873,-0.372451,0.052505,51.038368,-1.789166,-1.669942,0.902333,0.430510,-0.020365,-0.006424
6368,0.167001,7.648721,6.329153,-1.191074,-0.327498,-0.088706,50.997826,-1.796035,-1.679396,0.902485,0.430188,-0.020453,-0.006480
6369,0.170543,7.666789,6.340382,-0.923334,-0.238287,-0.190250,50.962910,-1.798360,-1.689654,0.902615,0.429910,-0.020507,-0.006558
6370,0.167885,7.659003,6.332639,-0.737928,-0.281830,-0.162095,50.935551,-1.799261,-1.700090,0.902717,0.429693,-0.020552,-0.006642
6372,0.159230,7.652032,6.358407,-1.002717,-0.181906,-0.046994,50.906796,-1.801428,-1.708291,0.902824,0.429464,-0.020598,-0.006703
6373,0.170734,7.649710,6.361031,-1.568184,-0.051466,-0.017339,50.864063,-1.803050,-1.711987,0.902984,0.429127,-0.020622,-0.006734
6374,0.180165,7.644650,6.377481,-1.923099,0.013311,0.096304,50.805862,-1.804472,-1.711649,0.903201,0.428668,-0.020629,-0.006736
6375,0.182894,7.621366,6.385779,-2.183482,-0.105049,0.480073,50.737270,-1.812881,-1.706756,0.903458,0.428127,-0.020673,-0.006679
6376,0.188485,7.612767,6.406024,-2.295928,-0.145600,0.757049,50.662304,-1.831484,-1.696926,0.903737,0.427534,-0.020779,-0.006545
6377,0.203211,7.605483,6.389077,-1.884936,-0.131256,0.681583,50.592243,-1.852947,-1.685277,0.903997,0.426980,-0.020900,-0.006386
6378,0.194672,7.595395,6.401237,-1.309077,-0.037564,0.560338,50.538651,-1.870720,-1.674297,0.904196,0.426556,-0.020997,-0.006243
6379,0.197523,7.593786,6.413223,-1.184908,-0.021661,0.503146,50.496735,-1.885028,-1.663783,0.904351,0.426224,-0.021068,-0.006114
6380,0.196046,7.578229,6.406002,-1.079042,0.044607,0.281143,50.458717,-1.894868,-1.655165,0.904492,0.425924,-0.021112,-0.006017
6381,0.189304,7.576845,6.409498,-1.343955,0.088017,0.001118,50.418179,-1.897087,-1.650462,0.904643,0.425605,-0.021110,-0.005979
6382,0.181020,7.571609,6.432737,-1.396806,0.070432,-0.248438,50.372520,-1.892228,-1.651055,0.904813,0.425245,-0.021071,-0.006010
6383,0.183997,7.591499,6.439734,-1.367254,-0.003597,-0.316425,50.326626,-1.884268,-1.656207,0.904984,0.424883,-0.021025,-0.006089
6384,0.174505,7.601329,6.457012,-0.963784,-0.141703,-0.266930,50.288044,-1.878333,-1.664284,0.905127,0.424578,-0.021006,-0.006182
6385,0.175864,7.598908,6.456560,-0.848689,-0.293529,0.022116,50.258102,-1.879831,-1.672475,0.905237,0.424339,-0.021047,-0.006246
6386,0.183905,7.591139,6.472269,-0.730567,-0.398074,0.204379,50.231987,-1.890104,-1.678927,0.905333,0.424130,-0.021150,-0.006264
6387,0.192902,7.585123,6.469313,-0.517872,-0.511811,0.368376,50.211372,-1.907143,-1.684477,0.905407,0.423963,-0.021304,-0.006248
6388,0.192750,7.581898,6.457750,-0.492814,-0.608774,0.546119,50.194672,-1.930808,-1.689074,0.905467,0.423826,-0.021507,-0.006200
6389,0.192665,7.563848,6.456345,-0.627970,-0.582119,0.458330,50.176151,-1.956376,-1.693604,0.905533,0.423674,-0.021725,-0.006145
6390,0.205454,7.568790,6.462590,-0.360304,-0.373890,0.097415,50.159901,-1.973695,-1.699910,0.905592,0.423542,-0.021884,-0.006134
6391,0.212176,7.571977,6.467284,-0.147560,-0.322859,0.037142,50.151680,-1.982857,-1.707393,0.905621,0.423474,-0.021984,-0.006161
6392,0.210807,7.577986,6.464835,-0.363568,-0.238260,-0.070434,50.143425,-1.988423,-1.714933,0.905650,0.423406,-0.022055,-0.006201
6393,0.221463,7.582356,6.478394,-0.365942,-0.373410,0.055477,50.131550,-1.994767,-1.722923,0.905693,0.423309,-0.022134,-0.006243
6394,0.223936,7.572598,6.457253,-0.082946,-0.681017,0.489656,50.124336,-2.013005,-1.730590,0.905718,0.423247,-0.022306,-0.006238
6395,0.217922,7.567928,6.454865,-0.254631,-0.961141,0.737651,50.118984,-2.046251,-1.738484,0.905735,0.423197,-0.022598,-0.006178
6396,0.222720,7.574317,6.456744,-0.620094,-0.919270,0.729260,50.104710,-2.085109,-1.746858,0.905783,0.423076,-0.022935,-0.006104
6397,0.230987,7.569449,6.470522,-0.700237,-0.984213,0.876516,50.082970,-2.125991,-1.754029,0.905860,0.422895,-0.023284,-0.006014
6398,0.235297,7.541965,6.455843,-0.739235,-0.966751,0.894067,50.059200,-2.169490,-1.760027,0.905943,0.422697,-0.023648,-0.005905
6399,0.250783,7.542595,6.470703,-0.851514,-0.642591,0.669015,50.032833,-2.206685,-1.763861,0.906037,0.422481,-0.023955,-0.005804
6400,0.258561,7.549860,6.489987,-0.998936,-0.312346,0.506553,50.001976,-2.231925,-1.763466,0.906148,0.422232,-0.024151,-0.005714
6401,0.264713,7.550883,6.486241,-1.091410,-0.256775,0.614186,49.966953,-2.252330,-1.758715,0.906275,0.421952,-0.024294,-0.005608
6402,0.275197,7.558569,6.491715,-1.182298,-0.167654,0.589090,49.928761,-2.272233,-1.751219,0.906414,0.421648,-0.024422,-0.005484
6403,0.282842,7.544569,6.516228,-1.183211,-0.106024,0.408381,49.889050,-2.287889,-1.743996,0.906559,0.421332,-0.024517,-0.005377
6404,0.286070,7.530878,6.496436,-1.228407,-0.277873,0.381808,49.848705,-2.302081,-1.740396,0.906706,0.421011,-0.024614,-0.005305
6405,0.295258,7.529800,6.483470,-1.308587,-0.347507,0.326264,49.806450,-2.317822,-1.740749,0.906860,0.420673,-0.024738,-0.005259
6406,0.306274,7.531404,6.499814,-0.775299,-0.282897,0.301282,49.771759,-2.332592,-1.742020,0.906985,0.420396,-0.024858,-0.005223
6407,0.298742,7.509636,6.503222,-0.055905,-0.444119,0.528074,49.757923,-2.350971,-1.742343,0.907034,0.420283,-0.025004,-0.005161
6408,0.294909,7.527825,6.501785,0.120278,-0.542735,0.705988,49.758972,-2.377297,-1.741612,0.907027,0.420286,-0.025210,-0.005058
6409,0.293101,7.545423,6.510387,0.305693,-0.259836,0.464227,49.765965,-2.400826,-1.739222,0.906999,0.420337,-0.025387,-0.004951
6410,0.300115,7.552173,6.507727,0.483516,-0.205815,0.608512,49.778889,-2.419488,-1.733597,0.906950,0.420437,-0.025515,-0.004835
6411,0.301524,7.524184,6.512397,0.458321,-0.348642,0.554433,49.794346,-2.440255,-1.728134,0.906891,0.420556,-0.025660,-0.004712
6412,0.311246,7.541642,6.502531,-0.174224,-0.175612,0.182976,49.799023,-2.455282,-1.726873,0.906872,0.420591,-0.025774,-0.004646
6413,0.314904,7.539484,6.483201,-0.208496,0.076744,-0.141158,49.792683,-2.456878,-1.727682,0.906895,0.420540,-0.025790,-0.004648
6414,0.317573,7.535129,6.502419,-0.410635,0.121566,-0.222659,49.782425,-2.450114,-1.729074,0.906934,0.420460,-0.025741,-0.004686
6415,0.301350,7.525131,6.515283,-0.292446,0.251877,-0.552920,49.770863,-2.436225,-1.732672,0.906978,0.420370,-0.025644,-0.004768
6416,0.301469,7.553278,6.495578,-0.450372,0.450882,-0.616185,49.758633,-2.413784,-1.736320,0.907025,0.420277,-0.025479,-0.004882
6417,0.295470,7.530338,6.493474,-0.051241,0.413364,-0.467346,49.750301,-2.390695,-1.736993,0.907058,0.420216,-0.025298,-0.004974
6418,0.296968,7.522998,6.488096,-0.149605,0.369734,-0.555012,49.746986,-2.369256,-1.738042,0.907072,0.420193,-0.025132,-0.005062
6419,0.294014,7.535925,6.497652,-0.101468,0.326087,-0.511430,49.742920,-2.348198,-1.740679,0.907089,0.420165,-0.024975,-0.005161
6420,0.303101,7.535357,6.491312,0.010783,0.045889,-0.081752,49.741474,-2.336647,-1.742338,0.907096,0.420155,-0.024890,-0.005217
6421,0.299595,7.519353,6.475379,0.011669,-0.226711,-0.048781,49.742001,-2.336934,-1.746047,0.907094,0.420159,-0.024906,-0.005245
6422,0.308783,7.518510,6.513385,-0.318677,-0.210926,-0.285873,49.737255,-2.337392,-1.755225,0.907111,0.420119,-0.024943,-0.005317
6423,0.312386,7.525685,6.531268,-0.051003,-0.218053,0.139324,49.731384,-2.340149,-1.762265,0.907132,0.420070,-0.024990,-0.005364
6424,0.298102,7.527503,6.513773,-0.050338,-0.492191,0.497346,49.729786,-2.355897,-1.764441,0.907136,0.420054,-0.025123,-0.005324
6425,0.296337,7.539243,6.499615,-0.336415,-0.465677,0.228153,49.723522,-2.375443,-1.768808,0.907156,0.420000,-0.025293,-0.005288
6426,0.291323,7.521512,6.524509,-0.352447,-0.115634,-0.050231,49.712257,-2.383969,-1.774286,0.907196,0.419908,-0.025380,-0.005303
6427,0.284486,7.542130,6.495537,-0.254001,0.026923,-0.069258,49.702255,-2.383406,-1.776704,0.907233,0.419828,-0.025384,-0.005326
6428,0.286264,7.548762,6.490252,-0.439196,-0.079234,-0.323301,49.690910,-2.378981,-1.781605,0.907275,0.419738,-0.025366,-0.005384
6429,0.306185,7.525781,6.494764,-0.346698,0.208241,-0.652046,49.678181,-2.365195,-1.790491,0.907323,0.419638,-0.025289,-0.005507
6430,0.311766,7.497477,6.492883,-0.168867,0.359838,-0.710612,49.669884,-2.341753,-1.797975,0.907355,0.419575,-0.025131,-0.005654
6431,0.311976,7.518939,6.516093,-0.342064,0.027690,-0.453273,49.661682,-2.322786,-1.805613,0.907387,0.419512,-0.025008,-0.005786
6432,0.307936,7.511099,6.504349,-0.202437,-0.148822,-0.218817,49.652973,-2.315555,-1.814411,0.907419,0.419443,-0.024983,-0.005884
6433,0.298408,7.503144,6.507931,-0.058234,-0.120840,-0.063732,49.648888,-2.314876,-1.820891,0.907434,0.419409,-0.025001,-0.005939
6434,0.295243,7.527495,6.486849,0.092171,-0.130979,0.015020,49.649601,-2.316975,-1.824618,0.907430,0.419414,-0.025031,-0.005961
6435,0.298579,7.545141,6.521813,0.094630,-0.052615,0.101396,49.652756,-2.320434,-1.825694,0.907418,0.419438,-0.025062,-0.005956
6436,0.307605,7.525527,6.487800,0.606737,-0.052100,0.311406,49.664322,-2.326808,-1.822568,0.907376,0.419529,-0.025102,-0.005905
6437,0.309929,7.524682,6.493870,0.520702,-0.143169,0.407000,49.682899,-2.338043,-1.817297,0.907307,0.419675,-0.025173,-0.005818
6438,0.309701,7.537040,6.497693,0.245430,-0.165565,0.366786,49.695488,-2.351206,-1.812874,0.907260,0.419773,-0.025261,-0.005732
6439,0.313557,7.536353,6.505477,0.023543,-0.148285,0.393709,49.699791,-2.364255,-1.808660,0.907243,0.419805,-0.025349,-0.005650
6440,0.315407,7.528618,6.492515,0.029001,-0.224089,0.382488,49.700516,-2.378136,-1.805023,0.907239,0.419809,-0.025446,-0.005570
6441,0.315657,7.542604,6.494776,-0.247794,-0.066422,0.085911,49.696812,-2.387221,-1.803665,0.907251,0.419778,-0.025513,-0.005527
6442,0.325016,7.557168,6.488043,-0.484829,0.004253,0.091480,49.684555,-2.390146,-1.802541,0.907296,0.419681,-0.025531,-0.005510
6443,0.327931,7.539635,6.485847,-0.232012,0.027597,0.061981,49.672523,-2.391752,-1.800480,0.907340,0.419586,-0.025536,-0.005490
6444,0.322949,7.527610,6.494220,-0.304293,0.057053,-0.126217,49.663574,-2.390024,-1.800097,0.907373,0.419515,-0.025520,-0.005496
6445,0.318209,7.534718,6.491707,-0.335390,0.046859,-0.041303,49.652931,-2.386774,-1.800585,0.907412,0.419431,-0.025496,-0.005514
6446,0.303669,7.544979,6.500939,-0.438169,-0.118932,0.109170,49.640049,-2.388414,-1.800768,0.907459,0.419329,-0.025509,-0.005512
6447,0.304530,7.541979,6.502408,-0.450914,-0.034439,-0.021168,49.625275,-2.391187,-1.801767,0.907513,0.419211,-0.025534,-0.005513
6448,0.311657,7.535094,6.496890,-0.239343,0.220941,-0.099602,49.613724,-2.387640,-1.800702,0.907556,0.419121,-0.025501,-0.005520
6449,0.321366,7.539903,6.509225,-0.488609,0.198560,-0.141365,49.601479,-2.380051,-1.797977,0.907601,0.419026,-0.025430,-0.005529
6450,0.326302,7.525308,6.522363,-0.798995,0.267697,-0.424173,49.580021,-2.367836,-1.798169,0.907681,0.418858,-0.025333,-0.005580
6451,0.326471,7.502689,6.516033,-0.801235,0.374961,-0.328523,49.553352,-2.351340,-1.798153,0.907780,0.418650,-0.025201,-0.005646
6452,0.321544,7.490753,6.503319,-0.577637,0.273171,-0.264913,49.530304,-2.336806,-1.796351,0.907866,0.418471,-0.025079,-0.005690
6453,0.321334,7.502005,6.515459,-1.248198,0.293453,-0.500385,49.499912,-2.320973,-1.797450,0.907979,0.418233,-0.024956,-0.005763
6454,0.317506,7.491353,6.517102,-0.739222,0.335095,-0.331482,49.466827,-2.303627,-1.798494,0.908101,0.417974,-0.024820,-0.005842
6455,0.320135,7.498573,6.527495,-0.594944,0.189039,-0.162567,49.444550,-2.291692,-1.797208,0.908184,0.417800,-0.024720,-0.005880
6456,0.324769,7.492323,6.519641,-0.450633,0.113143,-0.436136,49.427219,-2.280836,-1.799872,0.908248,0.417665,-0.024643,-0.005945
6457,0.319779,7.467182,6.516114,-0.204105,0.278332,-0.601350,49.416561,-2.263458,-1.806169,0.908288,0.417582,-0.024527,-0.006060
6458,0.315671,7.471974,6.513619,0.004258,0.245161,-0.656706,49.413509,-2.241858,-1.813189,0.908301,0.417561,-0.024382,-0.006196
6459,0.304467,7.488895,6.517594,-0.345806,0.266944,-0.860106,49.408192,-2.217107,-1.823163,0.908322,0.417521,-0.024222,-0.006366
6460,0.288990,7.489302,6.518156,-0.230428,0.450521,-0.866719,49.398968,-2.187473,-1.832819,0.908358,0.417452,-0.024021,-0.006553
6461,0.298154,7.513204,6.532967,-0.107393,0.640196,-0.729889,49.393467,-2.155439,-1.836338,0.908381,0.417414,-0.023780,-0.006699
6462,0.299823,7.542659,6.546666,-0.434445,0.599404,-0.681507,49.384426,-2.124134,-1.835966,0.908416,0.417348,-0.023530,-0.006812
6463,0.292270,7.537892,6.551481,-0.248769,0.489935,-0.340135,49.372932,-2.099389,-1.833269,0.908460,0.417263,-0.023324,-0.006883
6464,0.307621,7.524020,6.539380,-0.066156,0.305650,0.161513,49.367390,-2.088495,-1.825139,0.908482,0.417222,-0.023207,-0.006859
6465,0.313438,7.522539,6.527800,0.038676,0.112139,0.487759,49.366486,-2.092173,-1.812800,0.908486,0.417217,-0.023191,-0.006748
6466,0.306663,7.513828,6.515406,-0.010561,-0.008133,0.606481,49.366470,-2.104884,-1.799599,0.908486,0.417217,-0.023244,-0.006597
6467,0.312545,7.509833,6.527331,0.184319,-0.151284,0.828957,49.368870,-2.124771,-1.786027,0.908476,0.417235,-0.023352,-0.006417
6469,0.318885,7.496552,6.524585,0.411172,-0.204419,0.921751,49.378246,-2.150776,-1.771518,0.908440,0.417308,-0.023506,-0.006205
6470,0.317681,7.506935,6.531649,0.483879,-0.201088,0.979441,49.392586,-2.179230,-1.756011,0.908386,0.417419,-0.023676,-0.005975
6471,0.319121,7.514128,6.524307,0.416229,-0.223674,0.922658,49.407001,-2.207907,-1.740744,0.908332,0.417531,-0.023848,-0.005747
6472,0.321182,7.514154,6.505547,0.400536,-0.180631,0.875011,49.420052,-2.235044,-1.726358,0.908282,0.417632,-0.024012,-0.005531
6473,0.318342,7.510499,6.506588,0.081208,0.152361,0.618282,49.427464,-2.254254,-1.710515,0.908254,0.417691,-0.024106,-0.005334
6474,0.320091,7.520149,6.500331,0.056400,0.444176,0.504964,49.428986,-2.262008,-1.690771,0.908248,0.417705,-0.024096,-0.005148
6475,0.320886,7.502615,6.487011,-0.018733,0.633756,0.272618,49.428734,-2.260167,-1.668678,0.908250,0.417708,-0.024001,-0.004980
6476,0.320491,7.501296,6.499419,-0.183940,0.930153,-0.121476,49.424515,-2.245127,-1.647225,0.908268,0.417682,-0.023803,-0.004866
6477,0.320039,7.508962,6.515299,0.067367,1.003763,-0.129504,49.421719,-2.220984,-1.625448,0.908282,0.417669,-0.023533,-0.004782
6478,0.324760,7.532146,6.505811,0.311107,0.793525,0.030347,49.427197,-2.200245,-1.603755,0.908265,0.417721,-0.023289,-0.004685
6479,0.319091,7.532520,6.524987,-0.012766,0.625996,-0.311815,49.431591,-2.181294,-1.588823,0.908251,0.417762,-0.023085,-0.004634
6480,0.315799,7.536934,6.532991,0.095123,0.579023,-0.519701,49.432732,-2.157706,-1.582576,0.908250,0.417776,-0.022875,-0.004671
6481,0.316609,7.544939,6.509971,0.248860,0.362659,-0.205709,49.438305,-2.138314,-1.578512,0.908232,0.417825,-0.022707,-0.004708
6482,0.315060,7.515371,6.513386,-0.142159,0.416364,-0.573782,49.440029,-2.120002,-1.577094,0.908227,0.417842,-0.022557,-0.004764
6483,0.314347,7.492123,6.519332,-0.251045,0.488372,-0.775511,49.433601,-2.093113,-1.580266,0.908253,0.417795,-0.022355,-0.004888
6484,0.325601,7.521586,6.507779,-0.303440,0.218525,-0.325616,49.424473,-2.071510,-1.583255,0.908288,0.417726,-0.022194,-0.004992
6485,0.318372,7.526552,6.505346,-0.454881,-0.023889,-0.144254,49.411915,-2.063452,-1.585887,0.908335,0.417627,-0.022140,-0.005045
6486,0.309626,7.492575,6.513581,-0.362249,0.028228,-0.332192,49.398487,-2.057375,-1.591003,0.908384,0.417521,-0.022109,-0.005110
6487,0.308762,7.510543,6.505812,-0.443597,-0.076807,-0.155455,49.385265,-2.051732,-1.596912,0.908432,0.417416,-0.022086,-0.005180
6488,0.309065,7.535659,6.501661,-0.427125,-0.090293,-0.093163,49.370926,-2.050400,-1.601727,0.908484,0.417302,-0.022092,-0.005226
6489,0.304257,7.503268,6.509603,-0.207717,0.204466,-0.447459,49.360508,-2.042324,-1.606153,0.908523,0.417220,-0.022044,-0.005293
6490,0.308607,7.509057,6.526900,-0.229527,0.346634,-0.513346,49.353333,-2.024190,-1.609616,0.908550,0.417165,-0.021912,-0.005388
6491,0.316291,7.528383,6.506629,-0.139862,0.221721,-0.280109,49.347229,-2.007986,-1.611045,0.908574,0.417119,-0.021789,-0.005459
6492,0.307502,7.527831,6.518401,-0.044013,0.240232,-0.333733,49.344193,-1.995208,-1.611869,0.908586,0.417097,-0.021690,-0.005513
6493,0.297858,7.522704,6.527396,-0.123713,0.296927,-0.405709,49.341442,-1.980026,-1.613108,0.908597,0.417078,-0.021574,-0.005579
6494,0.305540,7.523942,6.516928,0.002584,0.155244,-0.022948,49.339386,-1.969696,-1.612045,0.908606,0.417064,-0.021488,-0.005608
6495,0.304685,7.503184,6.496235,0.113667,0.160018,-0.087248,49.341228,-1.964879,-1.609254,0.908600,0.417080,-0.021440,-0.005603
6496,0.301981,7.488775,6.506945,0.024794,0.291445,-0.346867,49.343506,-1.954488,-1.608260,0.908592,0.417100,-0.021354,-0.005633
6497,0.307839,7.492767,6.512585,0.073179,0.279423,-0.183785,49.345078,-1.941580,-1.606803,0.908588,0.417115,-0.021247,-0.005668
6498,0.316692,7.482483,6.515662,0.133727,0.139177,-0.000811,49.348423,-1.934701,-1.603512,0.908576,0.417143,-0.021180,-0.005666
6499,0.307263,7.482631,6.512599,0.156099,0.186613,-0.238982,49.353199,-1.928131,-1.601995,0.908560,0.417182,-0.021123,-0.005677
6500,0.298019,7.504828,6.516837,-0.010697,0.241720,-0.271203,49.355633,-1.917030,-1.602118,0.908552,0.417204,-0.021035,-0.005718
6501,0.293893,7.506971,6.535315,-0.166821,0.266336,-0.367548,49.352680,-1.903436,-1.602627,0.908563,0.417182,-0.020929,-0.005772
6502,0.292195,7.505329,6.521309,-0.196304,0.307742,-0.358606,49.346653,-1.888021,-1.603253,0.908587,0.417137,-0.020809,-0.005835
6503,0.293007,7.520095,6.516951,-0.237904,0.353713,-0.389330,49.339413,-1.871382,-1.603011,0.908614,0.417083,-0.020676,-0.005895
6504,0.297496,7.523101,6.518592,-0.384729,0.451537,-0.427653,49.328987,-1.852308,-1.601703,0.908654,0.417003,-0.020520,-0.005956
6505,0.302532,7.504125,6.520535,-0.234039,0.418093,-0.250774,49.318562,-1.834286,-1.598080,0.908693,0.416924,-0.020363,-0.005994
6506,0.295239,7.509525,6.513763,-0.152022,0.268667,-0.076932,49.311966,-1.822683,-1.592958,0.908718,0.416875,-0.020252,-0.005997
6507,0.297888,7.517372,6.513551,-0.274413,0.136024,-0.073995,49.304737,-1.816378,-1.589482,0.908745,0.416819,-0.020189,-0.005994
6508,0.290292,7.505921,6.511150,-0.314397,0.212436,-0.110737,49.294853,-1.810256,-1.587086,0.908782,0.416742,-0.020131,-0.005999
6509,0.284475,7.505669,6.524422,-0.500920,0.273618,-0.236016,49.281197,-1.800592,-1.584714,0.908832,0.416636,-0.020045,-0.006018
6510,0.280805,7.499797,6.527020,-0.644761,0.269204,-0.442186,49.262119,-1.786123,-1.585233,0.908903,0.416487,-0.019931,-0.006078
6511,0.281764,7.506751,6.520031,-0.729056,0.301408,-0.404205,49.239277,-1.769229,-1.587237,0.908987,0.416308,-0.019803,-0.006159
6512,0.269192,7.516562,6.526167,-0.752240,0.544204,-0.686688,49.214619,-1.746256,-1.588438,0.909078,0.416116,-0.019624,-0.006256
6513,0.275483,7.511741,6.535451,-0.650299,0.667977,-0.850149,49.191296,-1.713665,-1.589880,0.909165,0.415936,-0.019370,-0.006390
6514,0.263708,7.498816,6.533340,-0.513295,0.584214,-0.738930,49.171944,-1.679980,-1.591398,0.909237,0.415788,-0.019107,-0.006528
6515,0.264109,7.516662,6.521014,-0.644771,0.500448,-0.650600,49.152679,-1.650638,-1.592866,0.909309,0.415640,-0.018878,-0.006649
6516,0.272723,7.513944,6.524912,-0.625092,0.517341,-0.713282,49.131584,-1.622348,-1.594908,0.909387,0.415477,-0.018660,-0.006772
6517,0.271207,7.485229,6.533748,-0.472747,0.464000,-0.589747,49.113327,-1.595224,-1.596754,0.909455,0.415336,-0.018450,-0.006888
6518,0.263982,7.493949,6.518775,-0.375342,0.241278,-0.457054,49.099266,-1.574340,-1.599291,0.909507,0.415227,-0.018293,-0.006986
6519,0.269888,7.499536,6.519351,-0.314459,0.198595,-0.348756,49.087860,-1.559389,-1.602546,0.909549,0.415139,-0.018186,-0.007068
6520,0.265207,7.494770,6.533135,-0.230711,0.264235,-0.313682,49.078804,-1.545994,-1.603949,0.909582,0.415069,-0.018084,-0.007129
6521,0.255754,7.508280,6.543898,-0.742108,0.143738,-0.122991,49.062580,-1.536041,-1.603579,0.909642,0.414942,-0.018002,-0.007164
6522,0.254291,7.514101,6.548316,-0.991025,-0.022518,0.133292,49.033657,-1.534847,-1.601941,0.909747,0.414712,-0.017985,-0.007160
6523,0.246307,7.494913,6.555687,-1.761846,0.104222,0.037066,48.987698,-1.536097,-1.599050,0.909913,0.414348,-0.017982,-0.007140
6524,0.245839,7.489236,6.577623,-2.915772,0.185208,-0.065286,48.909645,-1.532574,-1.595720,0.910195,0.413729,-0.017937,-0.007139
6525,0.248394,7.474761,6.598068,-4.608266,0.137975,-0.031786,48.784161,-1.527811,-1.592727,0.910648,0.412733,-0.017880,-0.007152
6526,0.255111,7.453736,6.618966,-6.491381,0.376039,-0.399553,48.599121,-1.516755,-1.591038,0.911314,0.411264,-0.017775,-0.007207
6527,0.265768,7.459784,6.656380,-9.688317,0.817041,-1.170151,48.329525,-1.483986,-1.593498,0.912281,0.409124,-0.017506,-0.007385
6528,0.254237,7.397856,6.720302,-12.749476,0.894868,-1.571470,47.955803,-1.430912,-1.602731,0.913613,0.406153,-0.017091,-0.007704
6529,0.246927,7.327324,6.756967,-15.169798,0.678195,-1.330375,47.490814,-1.377488,-1.615873,0.915255,0.402449,-0.016679,-0.008066
6530,0.241785,7.252149,6.806094,-16.647110,0.516451,-0.762726,46.960751,-1.338362,-1.624971,0.917108,0.398216,-0.016360,-0.008352
6531,0.229344,7.170011,6.878361,-18.217527,0.273832,-0.192026,46.379711,-1.317761,-1.626334,0.919116,0.393563,-0.016157,-0.008517
6532,0.216275,7.042910,6.963736,-18.562693,-0.106108,0.250487,45.766663,-1.316533,-1.623671,0.921209,0.388641,-0.016093,-0.008586
6533,0.230449,6.990403,7.023041,-18.170853,-0.258690,0.511419,45.154354,-1.329850,-1.619123,0.923272,0.383712,-0.016139,-0.008590
6534,0.232979,6.934390,7.112630,-17.736261,-0.064896,0.105532,44.555836,-1.340929,-1.615650,0.925263,0.378883,-0.016171,-0.008610
6535,0.232899,6.855832,7.197284,-17.748777,0.199093,-1.051113,43.964672,-1.328323,-1.625360,0.927205,0.374105,-0.016057,-0.008813
6536,0.228367,6.781878,7.270037,-17.195181,0.333380,-1.749982,43.382908,-1.289638,-1.652962,0.929092,0.369395,-0.015787,-0.009243
6537,0.225170,6.738629,7.319245,-17.065762,0.434096,-2.050586,42.812737,-1.237002,-1.690457,0.930918,0.364771,-0.015433,-0.009794
6538,0.218117,6.691562,7.399361,-18.077688,0.856779,-2.425957,42.227882,-1.170716,-1.730901,0.932766,0.360020,-0.014970,-0.010410
6539,0.204793,6.626766,7.474343,-19.619099,1.433580,-2.691462,41.600365,-1.085340,-1.768857,0.934723,0.354915,-0.014334,-0.011066
6540,0.191377,6.530805,7.553132,-20.823290,1.876099,-2.677724,40.926899,-0.984875,-1.799727,0.936792,0.349427,-0.013542,-0.011709
6541,0.170900,6.436609,7.620703,-21.992399,2.222486,-2.886771,40.213757,-0.872691,-1.825742,0.938948,0.343605,-0.012627,-0.012343
6542,0.157321,6.333268,7.709990,-23.159988,2.512411,-2.494602,39.461502,-0.754651,-1.844047,0.941183,0.337450,-0.011631,-0.012924
6543,0.131114,6.206357,7.774640,-23.344906,2.632957,-2.164995,38.686535,-0.639160,-1.850294,0.943443,0.331094,-0.010610,-0.013387
6544,0.111420,6.087873,7.862164,-23.093426,2.478841,-1.775882,37.912586,-0.531617,-1.849044,0.945658,0.324730,-0.009628,-0.013753
6545,0.088166,6.016233,7.934091,-22.411619,2.317098,-1.128889,37.154114,-0.438754,-1.838757,0.947787,0.318478,-0.008741,-0.013990
6546,0.090454,5.914502,8.027156,-21.868639,2.312513,-0.542926,36.415970,-0.360300,-1.814892,0.949820,0.312379,-0.007935,-0.014062
6547,0.095102,5.812080,8.097973,-20.719873,2.172094,-0.298750,35.706005,-0.291650,-1.782252,0.951740,0.306500,-0.007190,-0.014023
6548,0.095350,5.691123,8.176466,-19.723713,1.821072,0.156019,35.031803,-0.236015,-1.745677,0.953530,0.300905,-0.006549,-0.013907
6549,0.089328,5.622538,8.221826,-19.289078,1.628733,0.188117,34.381477,-0.192027,-1.708249,0.955226,0.295497,-0.006006,-0.013746
6550,0.091298,5.589211,8.345574,-20.288765,1.679006,0.246160,33.721756,-0.150402,-1.671391,0.956915,0.289999,-0.005486,-0.013577
6551,0.078890,5.492955,8.412573,-22.825045,1.837616,0.942041,33.003109,-0.112344,-1.622624,0.958719,0.283999,-0.004962,-0.013298
6552,0.053180,5.364425,8.460608,-24.389320,1.988615,0.807805,32.216141,-0.074371,-1.563713,0.960653,0.277416,-0.004409,-0.012930
6553,0.040296,5.274861,8.520593,-25.474432,2.078595,0.376000,31.385078,-0.027151,-1.511220,0.962644,0.270449,-0.003795,-0.012632
6554,0.036677,5.133327,8.596292,-24.943579,1.787095,0.423333,30.544827,0.021261,-1.466636,0.964605,0.263389,-0.003192,-0.012395
6555,0.031391,4.943378,8.591939,-22.903608,1.552048,0.247885,29.747454,0.063770,-1.429031,0.966417,0.256676,-0.002663,-0.012195
6556,0.020682,4.843503,8.652590,-19.075253,1.315474,-0.637120,29.047865,0.108600,-1.411225,0.967966,0.250777,-0.002171,-0.012159
6557,0.025589,4.798988,8.732074,-15.968596,0.746240,-0.608091,28.463818,0.148747,-1.412864,0.969230,0.245844,-0.001773,-0.012270
6558,0.022559,4.718152,8.764502,-13.489039,0.492859,-0.115174,27.972868,0.172654,-1.413734,0.970274,0.241692,-0.001520,-0.012335
6559,0.021980,4.649416,8.806586,-12.555225,0.918507,-0.101396,27.538832,0.195140,-1.405986,0.971182,0.238017,-0.001266,-0.012322
6560,0.027249,4.618256,8.863994,-12.437754,0.994707,-0.195953,27.122324,0.225735,-1.395735,0.972041,0.234489,-0.000941,-0.012302
6561,0.035732,4.574508,8.892929,-12.703252,0.962546,-0.151642,26.703354,0.257446,-1.386132,0.972891,0.230936,-0.000608,-0.012288
6562,0.024812,4.486923,8.913541,-13.699661,1.533120,-0.208038,26.263378,0.297348,-1.372951,0.973770,0.227203,-0.000195,-0.012257
6563,0.023219,4.424611,8.978728,-15.199650,1.882433,-0.583353,25.781805,0.354283,-1.359815,0.974715,0.223114,0.000366,-0.012257
6564,0.007034,4.338829,9.005386,-16.115217,1.642738,-0.656538,25.259949,0.416213,-1.353140,0.975719,0.218679,0.000962,-0.012316
6565,-0.009535,4.240047,9.021343,-17.105568,1.816580,-0.775506,24.706297,0.478559,-1.350434,0.976761,0.213968,0.001558,-0.012405
6566,-0.017585,4.124952,9.061593,-17.770924,1.853090,-0.259691,24.125124,0.541382,-1.340860,0.977831,0.209017,0.002175,-0.012430
6567,-0.017012,4.023491,9.097267,-17.687080,1.428759,0.111165,23.534370,0.592394,-1.321036,0.978894,0.203977,0.002710,-0.012340
6568,-0.021096,3.929388,9.115729,-17.751251,1.224145,0.140217,22.943975,0.631360,-1.299762,0.979932,0.198934,0.003143,-0.012211
6569,-0.025225,3.855824,9.176438,-18.117533,1.246887,0.315762,22.346439,0.666444,-1.276899,0.980956,0.193824,0.003546,-0.012058
6570,-0.025812,3.762530,9.218219,-18.109951,0.766066,0.697307,21.742998,0.691195,-1.248659,0.981964,0.188657,0.003868,-0.011838
6572,-0.033529,3.668724,9.273126,-18.041336,0.732338,0.421178,21.140816,0.707617,-1.222203,0.982944,0.183494,0.004113,-0.011617
6573,-0.041533,3.572622,9.316586,-17.940680,0.932084,0.222865,20.541382,0.729735,-1.202299,0.983890,0.178351,0.004395,-0.011459
6574,-0.042433,3.465429,9.368997,-17.022139,0.951772,0.402981,19.958952,0.755585,-1.181633,0.984784,0.173349,0.004707,-0.011298
6575,-0.032011,3.360562,9.389675,-16.070047,1.090465,0.502226,19.407774,0.782543,-1.155961,0.985607,0.168612,0.005031,-0.011094
6576,-0.035254,3.273294,9.435249,-15.029455,1.595366,0.393948,18.889866,0.819922,-1.127160,0.986359,0.164157,0.005444,-0.010877
6577,-0.041934,3.184206,9.445699,-14.567187,1.779820,0.075093,18.396976,0.870719,-1.101746,0.987055,0.159915,0.005963,-0.010705
6578,-0.055585,3.082455,9.478705,-14.675635,1.950544,-0.223931,17.909872,0.930576,-1.084719,0.987722,0.155721,0.006548,-0.010614
6579,-0.060567,3.007725,9.507469,-14.411774,2.003772,-0.013296,17.425365,0.994580,-1.068474,0.988368,0.151547,0.007166,-0.010531
6580,-0.068181,2.923347,9.528496,-14.004474,1.944072,-0.078853,16.952091,1.057883,-1.050493,0.988981,0.147467,0.007779,-0.010427
6581,-0.076823,2.823148,9.553276,-14.079388,1.711936,-0.315314,16.484251,1.118132,-1.039255,0.989571,0.143431,0.008356,-0.010374
6582,-0.081729,2.752370,9.581188,-13.337945,1.127305,-0.011596,16.027466,1.165095,-1.031243,0.990131,0.139488,0.008813,-0.010328
6583,-0.075734,2.701510,9.598166,-12.440827,0.634209,0.263131,15.598070,1.192194,-1.019226,0.990645,0.135778,0.009100,-0.010223
6584,-0.086721,2.614070,9.606364,-12.082348,0.145684,-0.005369,15.189515,1.203581,-1.011647,0.991122,0.132245,0.009244,-0.010138
6585,-0.080671,2.559832,9.622747,-12.015319,-0.467969,-0.147219,14.787814,1.199061,-1.015506,0.991580,0.128770,0.009236,-0.010134
6586,-0.074097,2.492231,9.623868,-11.308909,-0.709309,-0.008297,14.398926,1.180735,-1.022976,0.992012,0.125404,0.009103,-0.010147
6587,-0.066074,2.420319,9.637074,-11.035864,-0.636318,-0.475166,14.026242,1.160971,-1.036304,0.992415,0.122176,0.008951,-0.010212
6588,-0.063582,2.358192,9.650158,-10.996288,-0.726606,-0.726880,13.658544,1.143721,-1.061191,0.992802,0.118992,0.008808,-0.010381
6589,-0.055241,2.314741,9.671861,-10.759852,-0.594113,-0.880936,13.295328,1.128567,-1.092387,0.993173,0.115846,0.008678,-0.010608
6590,-0.056697,2.251091,9.677405,-10.514244,-0.425000,-0.796947,12.940152,1.118376,-1.123478,0.993525,0.112769,0.008592,-0.010841
6591,-0.054874,2.199331,9.710576,-10.665374,-0.228415,-0.831984,12.586599,1.113750,-1.152364,0.993866,0.109705,0.008558,-0.011060
6592,-0.051125,2.164076,9.735188,-10.621162,0.027676,-0.273436,12.231465,1.114441,-1.171074,0.994199,0.106625,0.008581,-0.011197
6593,-0.045616,2.109742,9.756021,-10.254953,0.208989,0.150830,11.883511,1.118710,-1.172245,0.994518,0.103606,0.008651,-0.011185
6594,-0.043521,2.067737,9.751578,-9.771225,0.471167,0.352312,11.549950,1.128095,-1.161728,0.994815,0.100711,0.008774,-0.011076
6595,-0.048130,2.014218,9.783673,-9.307315,0.893568,0.457660,11.232329,1.147720,-1.143993,0.995091,0.097953,0.008990,-0.010915
6596,-0.047895,1.984288,9.797003,-8.870852,0.992472,0.601155,10.929835,1.175171,-1.120619,0.995345,0.095327,0.009277,-0.010711
6597,-0.047704,1.926810,9.798586,-8.864679,1.105100,0.135806,10.634633,1.207211,-1.102007,0.995586,0.092763,0.009598,-0.010551
6598,-0.051438,1.881206,9.794527,-9.362058,1.542744,-0.631677,10.330853,1.252118,-1.102100,0.995824,0.090127,0.010016,-0.010562
6599,-0.061629,1.807557,9.808974,-10.089866,1.756077,-1.133649,10.006228,1.311443,-1.121347,0.996067,0.087312,0.010547,-0.010746
6600,-0.076318,1.739169,9.788503,-10.683419,1.528425,-1.750071,9.659122,1.373598,-1.159361,0.996317,0.084302,0.011092,-0.011090
6601,-0.092501,1.683322,9.801956,-11.882771,1.473209,-2.404644,9.281552,1.434350,-1.219454,0.996576,0.081030,0.011614,-0.011618
6602,-0.100565,1.602215,9.809109,-12.047559,1.524813,-2.427485,8.880888,1.496414,-1.291120,0.996839,0.077558,0.012146,-0.012243
6603,-0.109801,1.530899,9.821519,-11.569950,1.318530,-2.244330,8.485408,1.555014,-1.360960,0.997086,0.074130,0.012653,-0.012847
6604,-0.123759,1.469168,9.853223,-11.424991,1.403701,-2.343472,8.100256,1.610936,-1.430110,0.997314,0.070792,0.013140,-0.013440
6605,-0.138994,1.420164,9.877643,-11.218978,1.931398,-2.589106,7.720742,1.677308,-1.503913,0.997525,0.067504,0.013719,-0.014078
6606,-0.147663,1.341014,9.883213,-10.344607,1.830416,-2.341868,7.359160,1.750252,-1.577174,0.997714,0.064373,0.014357,-0.014713
6607,-0.156415,1.304611,9.877235,-10.162994,1.277753,-2.663800,7.014998,1.812083,-1.653500,0.997884,0.061393,0.014899,-0.015367
6608,-0.162886,1.242358,9.879913,-9.920319,0.830372,-2.712593,6.677567,1.857659,-1.738334,0.998042,0.058471,0.015298,-0.016085
6609,-0.155006,1.183284,9.881882,-9.702062,0.247164,-2.387532,6.347841,1.885148,-1.820804,0.998191,0.055614,0.015543,-0.016773
6610,-0.142019,1.148950,9.879426,-9.900358,-0.271987,-2.019744,6.018731,1.892643,-1.893929,0.998334,0.052757,0.015623,-0.017369
6611,-0.140918,1.084576,9.874293,-10.419086,-0.324224,-2.446961,5.677598,1.890334,-1.969052,0.998475,0.049795,0.015622,-0.017976
6612,-0.144843,0.999705,9.897798,-10.327474,-0.162830,-2.369101,5.329164,1.889960,-2.049772,0.998609,0.046770,0.015640,-0.018631
6613,-0.137870,0.942552,9.894081,-10.136699,-0.111306,-2.291243,4.985529,1.892390,-2.127578,0.998732,0.043786,0.015688,-0.019264
6614,-0.138423,0.903219,9.896212,-10.357901,-0.226113,-2.312572,4.641413,1.893224,-2.204550,0.998846,0.040797,0.015725,-0.019888
6615,-0.131260,0.828527,9.913747,-10.496699,-0.380601,-2.231665,4.291321,1.889040,-2.280888,0.998953,0.037755,0.015724,-0.020504
6616,-0.125147,0.784779,9.932156,-10.391351,-0.112422,-1.303870,3.941235,1.885071,-2.340286,0.999053,0.034711,0.015734,-0.020972
6617,-0.121545,0.758605,9.923967,-10.815448,0.238149,-0.615646,3.586745,1.889239,-2.372084,0.999150,0.031625,0.015827,-0.021202
6618,-0.126600,0.685467,9.930675,-12.000961,0.837448,-0.235660,3.206040,1.907956,-2.385185,0.999244,0.028311,0.016057,-0.021268
6619,-0.137070,0.591949,9.916723,-12.539517,1.665648,0.084809,2.797026,1.949735,-2.385497,0.999332,0.024751,0.016497,-0.021222
6620,-0.152661,0.505254,9.910618,-12.623385,2.174943,0.473941,2.378071,2.013247,-2.373274,0.999408,0.021107,0.017131,-0.021066
6621,-0.171874,0.426303,9.889968,-12.446346,2.104403,0.475484,1.960910,2.083906,-2.354736,0.999471,0.017478,0.017826,-0.020852
6622,-0.185368,0.348868,9.904484,-11.205743,1.911797,0.887498,1.567629,2.150110,-2.329953,0.999519,0.014056,0.018478,-0.020582
6623,-0.194418,0.304571,9.919125,-9.067881,1.459784,1.297984,1.231174,2.205383,-2.292140,0.999553,0.011125,0.019025,-0.020203
6624,-0.192027,0.289709,9.934506,-6.585095,0.824645,1.575714,0.972178,2.242512,-2.243489,0.999578,0.008864,0.019398,-0.019738
6625,-0.190028,0.266593,9.969060,-3.772369,0.439162,1.870252,0.801823,2.262670,-2.185698,0.999596,0.007371,0.019607,-0.019207
6626,-0.185048,0.262148,9.968920,-0.344300,0.021018,2.163287,0.735874,2.269422,-2.118323,0.999610,0.006785,0.019681,-0.018608
6627,-0.176501,0.274025,9.962902,1.712151,-0.540631,1.688788,0.761203,2.259906,-2.054192,0.999621,0.006994,0.019597,-0.018052
6628,-0.172756,0.296506,9.955326,3.172124,-1.039763,1.064753,0.844390,2.232914,-2.008638,0.999627,0.007708,0.019352,-0.017668
6629,-0.174764,0.320785,9.954390,3.959272,-1.331350,0.405627,0.964167,2.193006,-1.984741,0.999629,0.008742,0.018987,-0.017476
6630,-0.165811,0.367149,9.936007,4.174335,-1.479480,-0.479329,1.099646,2.146181,-1.986814,0.999625,0.009918,0.018558,-0.017513
6631,-0.156732,0.386928,9.926847,3.708924,-1.650509,-1.213211,1.229947,2.094590,-2.016097,0.999617,0.011051,0.018085,-0.017785
6632,-0.163703,0.394084,9.886817,3.569994,-1.633788,-1.567140,1.349543,2.040901,-2.063684,0.999606,0.012094,0.017593,-0.018214
6633,-0.162023,0.444861,9.920952,3.071003,-1.179036,-1.676918,1.458279,1.995356,-2.118918,0.999592,0.013043,0.017172,-0.018707
6634,-0.141118,0.466563,9.938513,2.965818,-0.956249,-1.522704,1.557017,1.961180,-2.173197,0.999577,0.013907,0.016851,-0.019192
6635,-0.137208,0.457236,9.908480,2.933790,-1.032584,-1.225055,1.653757,1.929330,-2.219932,0.999562,0.014753,0.016551,-0.019610
6636,-0.130189,0.493979,9.900929,2.382929,-0.805257,-1.311937,1.740927,1.899968,-2.263127,0.999547,0.015514,0.016274,-0.019995
6637,-0.124150,0.524589,9.935190,1.783369,-0.451287,-1.258427,1.808929,1.880360,-2.306619,0.999533,0.016110,0.016085,-0.020381
6638,-0.116375,0.496250,9.905152,1.560618,-0.469665,-1.120993,1.863349,1.866287,-2.346770,0.999520,0.016588,0.015947,-0.020737
6639,-0.118374,0.498966,9.882575,1.047771,-0.552129,-1.072067,1.905619,1.850469,-2.383880,0.999509,0.016959,0.015796,-0.021065
6640,-0.114762,0.511512,9.902976,0.608163,-0.590327,-0.969733,1.932104,1.832576,-2.418545,0.999502,0.017192,0.015630,-0.021368
6641,-0.108534,0.506837,9.916596,0.487452,-0.715521,-0.762110,1.949423,1.811802,-2.448144,0.999496,0.017343,0.015441,-0.021626
6642,-0.101597,0.493567,9.913982,0.336122,-0.782753,-0.699452,1.962359,1.787676,-2.473354,0.999493,0.017455,0.015224,-0.021844
6643,-0.094406,0.512604,9.920575,0.061194,-0.709626,-0.771075,1.968195,1.763658,-2.498713,0.999491,0.017504,0.015010,-0.022062
6644,-0.090351,0.506680,9.910902,0.189147,-0.506806,-0.787763,1.971551,1.744289,-2.525388,0.999488,0.017533,0.014836,-0.022292
6645,-0.095405,0.508616,9.918880,0.144651,-0.258175,-0.807505,1.976294,1.732463,-2.552411,0.999483,0.017576,0.014728,-0.022527
6646,-0.097032,0.529310,9.937118,0.232985,-0.023233,-0.682284,1.981832,1.728633,-2.577400,0.999478,0.017627,0.014690,-0.022745
6647,-0.092941,0.545042,9.928720,0.657153,0.124733,-0.622673,1.996013,1.731079,-2.599087,0.999471,0.017754,0.014705,-0.022936
6648,-0.098386,0.560105,9.917138,1.082958,0.143002,-0.662244,2.024372,1.736290,-2.620343,0.999462,0.018005,0.014741,-0.023126
6649,-0.106871,0.559297,9.941689,1.504208,0.027037,-0.636201,2.066838,1.739895,-2.641878,0.999450,0.018379,0.014761,-0.023320
6650,-0.104917,0.587173,9.928163,1.866000,-0.037027,-0.662038,2.122351,1.740520,-2.663517,0.999437,0.018866,0.014751,-0.023516
6651,-0.100744,0.586453,9.913419,1.895187,-0.241501,-0.603945,2.184392,1.736675,-2.684785,0.999422,0.019409,0.014701,-0.023709
6652,-0.100731,0.592515,9.914971,1.584036,-0.429203,-0.556533,2.241782,1.726252,-2.704552,0.999410,0.019910,0.014595,-0.023887
6653,-0.102315,0.585620,9.915200,1.417766,-0.383424,-0.356529,2.291341,1.713320,-2.720300,0.999400,0.020341,0.014469,-0.024028
6654,-0.104752,0.616686,9.920868,0.679295,-0.253687,-0.185518,2.326009,1.703075,-2.729758,0.999393,0.020643,0.014371,-0.024113
6655,-0.092244,0.608236,9.943527,0.024773,-0.220109,-0.080121,2.337603,1.695365,-2.734505,0.999391,0.020743,0.014300,-0.024155
6656,-0.089248,0.588296,9.929530,-0.036306,-0.088918,-0.086117,2.337323,1.690332,-2.737484,0.999391,0.020740,0.014256,-0.024180
6657,-0.082510,0.589393,9.918081,-0.173755,-0.047786,0.036065,2.333795,1.688089,-2.738411,0.999392,0.020709,0.014237,-0.024187
6658,-0.081728,0.597585,9.922414,-0.480541,0.051308,-0.233915,2.322793,1.688282,-2.741705,0.999393,0.020613,0.014240,-0.024215
6659,-0.084068,0.578095,9.937963,-0.439455,0.133623,-0.352830,2.307175,1.691756,-2.751355,0.999393,0.020479,0.014272,-0.024297
6660,-0.098652,0.569764,9.917834,0.091365,-0.031199,-0.168092,2.301119,1.693811,-2.759966,0.999392,0.020428,0.014290,-0.024372
6661,-0.103501,0.589059,9.927823,-0.076630,-0.232573,-0.119162,2.301218,1.689611,-2.764928,0.999392,0.020428,0.014252,-0.024415
6662,-0.113288,0.591975,9.938966,0.019444,0.033043,-0.334217,2.300039,1.686592,-2.772615,0.999391,0.020418,0.014225,-0.024481
6663,-0.102419,0.592315,9.924341,0.344422,-0.046198,0.036684,2.305957,1.686572,-2.777581,0.999388,0.020470,0.014223,-0.024525
6664,-0.086371,0.600312,9.891836,0.246758,-0.387998,0.113086,2.315875,1.679241,-2.775378,0.999388,0.020555,0.014157,-0.024506
6665,-0.077334,0.603352,9.919588,-0.371214,-0.096631,-0.391884,2.313655,1.671358,-2.780349,0.999389,0.020535,0.014088,-0.024548
6666,-0.061572,0.600098,9.927232,-0.250653,0.016118,-0.437549,2.302886,1.670574,-2.794221,0.999388,0.020442,0.014081,-0.024667
6667,-0.030081,0.582681,9.930255,-0.182046,-0.803650,0.136317,2.295513,1.657660,-2.799766,0.999389,0.020376,0.013969,-0.024712
6668,-0.037143,0.552662,9.917062,-0.548495,-1.478540,0.043351,2.283381,1.619534,-2.798294,0.999397,0.020262,0.013639,-0.024692
6669,-0.056187,0.563504,9.905002,-0.554881,-1.536821,-0.142702,2.264889,1.569384,-2.801943,0.999405,0.020091,0.013205,-0.024713
6670,-0.066232,0.584339,9.899348,-0.367328,-1.437761,0.226675,2.249503,1.519791,-2.802498,0.999414,0.019946,0.012776,-0.024707
6671,-0.082668,0.576925,9.916299,-0.262103,-0.784623,0.242033,2.239180,1.482473,-2.796140,0.999422,0.019847,0.012454,-0.024645
6672,-0.090553,0.584970,9.923367,-0.214850,0.152489,-0.000499,2.231324,1.471789,-2.792527,0.999425,0.019776,0.012363,-0.024610
6673,-0.076606,0.593827,9.937096,0.052208,0.891238,0.138452,2.228691,1.489082,-2.789551,0.999424,0.019757,0.012515,-0.024587
6675,-0.056358,0.581329,9.958941,-0.001192,1.114088,0.251467,2.229746,1.522226,-2.781755,0.999422,0.019772,0.012805,-0.024525
6676,-0.042469,0.555476,9.934913,0.126848,0.761499,0.269878,2.232106,1.553123,-2.771852,0.999420,0.019798,0.013076,-0.024444
6677,-0.043234,0.575769,9.926296,-0.198328,0.135678,0.163167,2.231127,1.567784,-2.764055,0.999420,0.019791,0.013205,-0.024378
6678,-0.060047,0.582806,9.946942,-0.447108,-0.281054,0.074769,2.220475,1.565209,-2.760185,0.999423,0.019698,0.013185,-0.024343
6679,-0.068534,0.588239,9.948342,-0.724829,-0.529847,-0.067038,2.200932,1.551699,-2.760578,0.999428,0.019524,0.013072,-0.024342
6680,-0.077192,0.581671,9.914219,-0.587476,-0.390977,-0.131027,2.178955,1.536490,-2.764465,0.999432,0.019330,0.012943,-0.024370
6681,-0.072267,0.587424,9.924779,-0.688136,-0.114740,-0.156869,2.157558,1.528249,-2.769580,0.999436,0.019142,0.012875,-0.024411
6682,-0.067766,0.562510,9.928052,-0.315808,0.097388,0.084326,2.140793,1.528005,-2.770799,0.999438,0.018996,0.012876,-0.024420
6683,-0.070537,0.556221,9.901265,0.004548,0.472788,-0.083431,2.135616,1.537501,-2.770430,0.999438,0.018953,0.012960,-0.024418
6684,-0.065077,0.565137,9.930264,0.247109,0.494158,0.028057,2.139801,1.553640,-2.770750,0.999435,0.018993,0.013100,-0.024424
6685,-0.052648,0.573195,9.950474,0.602641,0.022567,0.286040,2.154114,1.562050,-2.765194,0.999433,0.019119,0.013171,-0.024378
6686,-0.059240,0.580524,9.934551,0.717125,-0.198810,0.159492,2.176309,1.558834,-2.757881,0.999431,0.019311,0.013140,-0.024316
6687,-0.066915,0.572866,9.925392,0.556921,-0.220240,-0.098287,2.197564,1.551816,-2.757128,0.999429,0.019495,0.013074,-0.024311
6688,-0.066603,0.584281,9.925853,0.372289,-0.468998,-0.108868,2.212945,1.540469,-2.761021,0.999427,0.019627,0.012971,-0.024345
6689,-0.077288,0.587899,9.906250,0.152599,-0.136326,-0.435315,2.221440,1.530739,-2.770477,0.999425,0.019700,0.012883,-0.024427
6690,-0.083915,0.562766,9.925468,-0.178582,0.320028,-0.651903,2.220526,1.534500,-2.788472,0.999420,0.019695,0.012913,-0.024584
6691,-0.075926,0.571953,9.919206,-0.186337,0.286558,-0.723528,2.213837,1.545488,-2.810995,0.999415,0.019641,0.013006,-0.024782
6692,-0.060014,0.596313,9.914015,-0.264146,0.324704,-0.735634,2.205682,1.556607,-2.834913,0.999410,0.019575,0.013101,-0.024991
6693,-0.055738,0.584161,9.929063,-0.395310,0.350552,-0.735529,2.194035,1.568793,-2.858991,0.999405,0.019479,0.013206,-0.025202
6694,-0.057427,0.572057,9.950510,-0.196961,-0.218738,-0.485173,2.183608,1.571766,-2.879245,0.999402,0.019391,0.013230,-0.025378
6695,-0.051153,0.597700,9.938875,0.094534,-0.783479,-0.211926,2.181568,1.555517,-2.891496,0.999402,0.019371,0.013087,-0.025482
6696,-0.057707,0.588368,9.936971,0.184679,-0.952995,0.024701,2.186109,1.526716,-2.895719,0.999404,0.019405,0.012834,-0.025514
6697,-0.065637,0.579672,9.929978,0.312905,-1.053758,0.011070,2.194385,1.493272,-2.896402,0.999406,0.019470,0.012540,-0.025516
6698,-0.066959,0.587567,9.930779,0.416706,-0.870622,0.023376,2.206528,1.461200,-2.897060,0.999408,0.019569,0.012258,-0.025518
6699,-0.056628,0.578446,9.912792,0.757010,-0.426544,-0.129119,2.226024,1.439665,-2.899658,0.999406,0.019735,0.012065,-0.025539
6700,-0.057939,0.579399,9.902764,0.895846,0.043477,-0.359438,2.253361,1.433604,-2.908048,0.999400,0.019973,0.012005,-0.025614
6701,-0.048453,0.582059,9.941611,1.065177,0.067915,-0.292201,2.285774,1.435888,-2.918831,0.999392,0.020257,0.012016,-0.025712
6702,-0.035162,0.583361,9.958479,1.100191,-0.200712,-0.456902,2.321549,1.434179,-2.931398,0.999383,0.020570,0.011990,-0.025825
6703,-0.035182,0.583311,9.951368,1.173308,-0.858500,-0.604816,2.358984,1.417262,-2.949805,0.999374,0.020894,0.011831,-0.025986
6704,-0.035330,0.607884,9.937210,0.695617,-1.671920,-0.587928,2.389606,1.375948,-2.971419,0.999368,0.021154,0.011460,-0.026170
6705,-0.029811,0.617174,9.918972,0.297365,-1.900891,-0.767883,2.405568,1.317398,-2.996491,0.999366,0.021283,0.010941,-0.026380
6706,-0.029426,0.622254,9.894987,-0.010822,-1.572855,-0.857810,2.409679,1.260690,-3.025999,0.999364,0.021309,0.010440,-0.026628
6707,-0.033817,0.628563,9.876938,-0.073296,-1.183690,-0.645608,2.407693,1.215841,-3.052970,0.999362,0.021283,0.010044,-0.026854
6708,-0.023147,0.641769,9.872161,-0.265393,-0.469459,-0.572267,2.401599,1.189164,-3.074411,0.999361,0.021226,0.009809,-0.027036
6709,-0.014294,0.645067,9.887136,-0.213276,0.391234,-0.524865,2.393240,1.188626,-3.092738,0.999358,0.021155,0.009803,-0.027195
6710,-0.014800,0.637097,9.914138,-0.138289,1.050489,-0.387435,2.387082,1.213268,-3.106930,0.999354,0.021108,0.010017,-0.027323
6711,-0.019112,0.632275,9.935761,-0.161013,1.267229,-0.462108,2.381823,1.252452,-3.119472,0.999348,0.021072,0.010357,-0.027439
6712,-0.020570,0.624225,9.953829,-0.028143,0.954451,-0.356722,2.378402,1.290015,-3.131573,0.999342,0.021052,0.010684,-0.027551
6713,-0.020210,0.619262,9.958787,0.074159,0.290664,-0.182667,2.378985,1.311123,-3.139696,0.999337,0.021063,0.010866,-0.027625
6714,-0.024228,0.602801,9.945618,0.223686,-0.214452,-0.115427,2.383836,1.312598,-3.144608,0.999335,0.021106,0.010877,-0.027669
6715,-0.032325,0.599036,9.928489,0.246487,-0.931640,-0.013094,2.391606,1.293602,-3.147544,0.999335,0.021170,0.010709,-0.027692
6716,-0.036535,0.612255,9.916211,0.182347,-1.386309,-0.049621,2.398694,1.255047,-3.150203,0.999337,0.021223,0.010370,-0.027709
6717,-0.038669,0.634337,9.900817,0.171744,-1.215287,-0.176178,2.404475,1.211883,-3.155781,0.999339,0.021263,0.009991,-0.027750
6718,-0.030114,0.631530,9.891941,0.216146,-0.844338,-0.194395,2.410781,1.177846,-3.163395,0.999339,0.021311,0.009692,-0.027811
6719,-0.028508,0.633908,9.894736,0.057593,-0.349776,-0.276703,2.415166,1.158292,-3.172080,0.999338,0.021345,0.009518,-0.027883
6720,-0.016609,0.658335,9.910561,-0.158856,0.057792,-0.420046,2.413240,1.153919,-3.183890,0.999336,0.021328,0.009479,-0.027985
6721,-0.005799,0.655582,9.903292,-0.051728,0.219614,-0.358910,2.409471,1.159084,-3.196669,0.999333,0.021298,0.009522,-0.028098
6722,-0.011919,0.626803,9.898548,-0.167499,0.306648,-0.331347,2.405592,1.168331,-3.207796,0.999330,0.021267,0.009602,-0.028196
6723,-0.019841,0.628970,9.914186,-0.391711,0.503591,-0.384661,2.396039,1.182323,-3.219157,0.999328,0.021188,0.009724,-0.028297
6724,-0.016356,0.636142,9.931946,-0.452612,0.467070,-0.392197,2.381712,1.199026,-3.231421,0.999326,0.021068,0.009871,-0.028405
6725,-0.019022,0.605588,9.913531,-0.109217,0.325236,-0.291393,2.372119,1.212692,-3.242259,0.999323,0.020989,0.009990,-0.028502
6726,-0.024985,0.606617,9.927400,-0.101621,0.064393,-0.208902,2.368434,1.219525,-3.250323,0.999321,0.020959,0.010050,-0.028573
6727,-0.015766,0.613792,9.946589,-0.180971,-0.158328,-0.236276,2.363566,1.218268,-3.257803,0.999321,0.020917,0.010038,-0.028637
6728,-0.022857,0.621121,9.931983,0.047978,-0.367328,-0.220921,2.361180,1.209828,-3.265780,0.999320,0.020895,0.009964,-0.028705
6729,-0.027394,0.604728,9.930131,0.060218,-0.487773,-0.252874,2.362805,1.195914,-3.274258,0.999319,0.020906,0.009841,-0.028777
6730,-0.034183,0.612902,9.952885,-0.589831,-0.600531,-0.507615,2.353701,1.178312,-3.287672,0.999319,0.020824,0.009687,-0.028890
6731,-0.029352,0.625689,9.920406,-0.435628,-0.574400,-0.658594,2.336197,1.159541,-3.307898,0.999319,0.020668,0.009524,-0.029062
6732,-0.018377,0.633088,9.899742,0.045231,-0.360617,-0.415880,2.329317,1.144700,-3.326429,0.999316,0.020606,0.009393,-0.029220
6733,-0.009525,0.612864,9.912844,-0.012592,-0.185035,-0.456988,2.329565,1.136205,-3.341337,0.999313,0.020607,0.009316,-0.029349
6734,-0.008342,0.622834,9.903925,0.344598,-0.201744,-0.322616,2.334836,1.130293,-3.354585,0.999310,0.020653,0.009261,-0.029463
6735,-0.000965,0.617453,9.896238,0.953585,-0.169645,0.025390,2.356370,1.124312,-3.359789,0.999305,0.020839,0.009202,-0.029510
6736,-0.007112,0.595737,9.903407,0.987178,0.031834,0.106354,2.388757,1.121927,-3.357690,0.999300,0.021121,0.009174,-0.029493
6737,-0.023127,0.616853,9.921384,0.526326,-0.006166,-0.065989,2.413996,1.122326,-3.357001,0.999295,0.021341,0.009171,-0.029489
6738,-0.018960,0.619084,9.912658,0.567552,-0.038017,0.028704,2.432214,1.121616,-3.357652,0.999292,0.021500,0.009160,-0.029496
6739,-0.014064,0.627334,9.914173,0.314287,0.010973,0.097460,2.446953,1.121077,-3.355570,0.999290,0.021628,0.009152,-0.029479
6740,-0.017236,0.633717,9.920247,0.158714,0.101156,-0.013843,2.454865,1.122884,-3.354098,0.999288,0.021698,0.009166,-0.029468
6741,-0.019877,0.628641,9.934189,-0.164725,0.047925,-0.175503,2.454705,1.125502,-3.357145,0.999287,0.021697,0.009188,-0.029495
6742,-0.013928,0.614385,9.943127,-0.254784,-0.044998,-0.131163,2.447613,1.125769,-3.362250,0.999287,0.021636,0.009191,-0.029539
6743,-0.019983,0.641520,9.928734,-0.244075,-0.018898,-0.095977,2.439224,1.124866,-3.366079,0.999288,0.021563,0.009185,-0.029571
6744,-0.029713,0.633428,9.929781,-0.306524,0.082032,-0.135563,2.429972,1.126082,-3.369890,0.999289,0.021483,0.009197,-0.029604
6745,-0.030424,0.633121,9.920973,-0.378148,-0.058094,-0.100381,2.418484,1.126647,-3.373803,0.999290,0.021383,0.009204,-0.029637
6746,-0.025516,0.635415,9.936239,-0.402448,-0.045645,-0.004162,2.405438,1.124992,-3.375617,0.999292,0.021269,0.009193,-0.029652
6747,-0.029248,0.627086,9.920164,-0.153614,0.041571,-0.065112,2.396148,1.124973,-3.376774,0.999293,0.021188,0.009195,-0.029661
6748,-0.027044,0.611675,9.923856,-0.258868,-0.188599,-0.065028,2.389229,1.122615,-3.379044,0.999294,0.021127,0.009175,-0.029680
6749,-0.026770,0.608484,9.916036,-0.280254,-0.298229,-0.168708,2.380161,1.114671,-3.383275,0.999295,0.021046,0.009108,-0.029715
6750,-0.027211,0.610711,9.919637,-0.115470,-0.165228,-0.124373,2.373465,1.107156,-3.388476,0.999296,0.020986,0.009043,-0.029758
6751,-0.021513,0.616162,9.901050,0.201949,-0.123793,-0.041889,2.374849,1.102458,-3.391445,0.999295,0.020998,0.009001,-0.029783
6752,-0.022488,0.626902,9.908478,-0.092459,-0.143405,-0.052485,2.376640,1.098073,-3.393202,0.999295,0.021012,0.008962,-0.029798
6753,-0.024338,0.620650,9.918461,-0.043522,-0.043978,-0.090549,2.374326,1.095052,-3.395714,0.999295,0.020991,0.008936,-0.029819
6754,-0.024370,0.618816,9.922562,0.035898,0.073772,-0.090466,2.374141,1.095673,-3.398707,0.999294,0.020990,0.008941,-0.029845
6755,-0.018404,0.638594,9.938771,-0.131816,0.121308,-0.116322,2.372479,1.099064,-3.402017,0.999293,0.020977,0.008970,-0.029875
6756,-0.024678,0.623640,9.931101,-0.211008,0.217672,-0.241362,2.366655,1.104955,-3.407741,0.999292,0.020928,0.009022,-0.029925
6757,-0.024166,0.606759,9.928740,-0.012597,0.268274,-0.255012,2.362775,1.113389,-3.415674,0.999290,0.020897,0.009095,-0.029995
6758,-0.027819,0.611918,9.927577,-0.078208,0.167813,-0.271714,2.361096,1.121013,-3.424147,0.999288,0.020885,0.009161,-0.030071
6759,-0.037007,0.617676,9.927277,-0.209389,0.218456,-0.370817,2.356098,1.127886,-3.434584,0.999285,0.020844,0.009220,-0.030162
6760,-0.042355,0.593452,9.922777,-0.168205,0.267620,-0.398206,2.349559,1.136506,-3.447060,0.999282,0.020790,0.009295,-0.030272
6761,-0.035085,0.604648,9.923004,-0.148423,0.162647,-0.176868,2.344096,1.144064,-3.456344,0.999280,0.020745,0.009360,-0.030354
6762,-0.032752,0.599984,9.915224,-0.249158,0.208694,-0.195098,2.337351,1.150501,-3.462287,0.999279,0.020689,0.009417,-0.030406
6763,-0.039187,0.604582,9.907866,-0.233909,0.437858,-0.256053,2.329157,1.161574,-3.469363,0.999278,0.020621,0.009515,-0.030469
6764,-0.032964,0.619561,9.936262,-0.351336,0.285531,-0.083539,2.319298,1.173850,-3.474531,0.999277,0.020538,0.009623,-0.030516
6765,-0.038772,0.614563,9.919539,-0.189471,0.365126,-0.080402,2.310237,1.184796,-3.476823,0.999277,0.020462,0.009721,-0.030537
6766,-0.045495,0.610567,9.915691,-0.253461,0.438650,-0.136777,2.302791,1.198327,-3.479901,0.999276,0.020401,0.009840,-0.030565
6767,-0.049504,0.619013,9.919575,-0.331154,0.481681,-0.115330,2.292972,1.213822,-3.483485,0.999275,0.020320,0.009977,-0.030599
6768,-0.050808,0.605804,9.931753,-0.294416,0.549128,-0.110670,2.282480,1.231139,-3.486564,0.999275,0.020233,0.010131,-0.030627
6769,-0.050995,0.588897,9.893830,-0.036513,0.526530,-0.057179,2.276920,1.249164,-3.488647,0.999273,0.020190,0.010289,-0.030648
6770,-0.050698,0.584079,9.903126,-0.198307,0.520692,-0.084564,2.272970,1.266698,-3.490314,0.999272,0.020160,0.010443,-0.030665
6771,-0.066322,0.589003,9.901023,-0.131206,0.636964,-0.223342,2.267380,1.286180,-3.494678,0.999270,0.020117,0.010613,-0.030706
6772,-0.078430,0.588544,9.918639,-0.065611,0.622089,-0.145441,2.263980,1.307391,-3.499992,0.999267,0.020094,0.010798,-0.030756
6773,-0.086271,0.592466,9.935237,-0.090034,0.512654,-0.110267,2.261305,1.326457,-3.503505,0.999264,0.020076,0.010964,-0.030789
6774,-0.099060,0.603244,9.930281,-0.022844,0.450575,-0.136130,2.259343,1.342660,-3.506976,0.999262,0.020063,0.011106,-0.030822
6775,-0.108342,0.612512,9.916112,0.155823,0.687640,-0.058230,2.261501,1.361743,-3.509465,0.999259,0.020087,0.011271,-0.030847
6776,-0.098753,0.613157,9.932552,0.160572,0.869747,0.131064,2.266828,1.387632,-3.507226,0.999256,0.020140,0.011496,-0.030833
6778,-0.112903,0.606938,9.930622,0.082891,0.899247,-0.033655,2.270953,1.417028,-3.504436,0.999252,0.020184,0.011751,-0.030814
6779,-0.131064,0.598647,9.926215,0.038721,1.086006,-0.093091,2.272961,1.450173,-3.505236,0.999248,0.020210,0.012040,-0.030827
6780,-0.131749,0.595323,9.935610,-0.028390,1.248380,-0.175416,2.273058,1.489226,-3.508165,0.999243,0.020222,0.012380,-0.030859
6781,-0.132477,0.583870,9.930683,0.018886,1.149779,-0.164659,2.272792,1.529389,-3.512245,0.999237,0.020230,0.012729,-0.030901
6782,-0.138718,0.583811,9.888635,-0.103249,1.319715,-0.417885,2.271168,1.570900,-3.520318,0.999230,0.020228,0.013090,-0.030978
6783,-0.129915,0.590945,9.886248,-0.248236,1.697117,-0.233167,2.265064,1.621570,-3.529174,0.999222,0.020189,0.013532,-0.031063
6784,-0.123638,0.603066,9.905131,-0.364154,1.621199,-0.106425,2.254756,1.677055,-3.532650,0.999215,0.020115,0.014018,-0.031102
6785,-0.135610,0.602776,9.946970,-0.544118,1.346858,-0.117012,2.239565,1.726631,-3.534433,0.999211,0.019996,0.014454,-0.031124
6786,-0.143116,0.612034,9.977059,-0.734729,0.828370,-0.040620,2.218214,1.762959,-3.535650,0.999209,0.019819,0.014777,-0.031138
6787,-0.161561,0.584515,10.003661,-0.624792,-0.051723,0.257029,2.195682,1.775755,-3.531548,0.999213,0.019626,0.014895,-0.031101
6788,-0.158936,0.562838,9.975080,-0.234243,-1.081330,0.424969,2.181691,1.756450,-3.520906,0.999220,0.019497,0.014733,-0.031003
6789,-0.140874,0.546608,9.917363,-0.049795,-1.802770,0.513560,2.177375,1.707821,-3.507099,0.999232,0.019445,0.014312,-0.030875
6790,-0.139437,0.534382,9.878615,-0.082105,-1.907760,0.461764,2.175583,1.645406,-3.493199,0.999244,0.019411,0.013771,-0.030743
6791,-0.139887,0.538520,9.872332,-0.267025,-1.858558,0.220747,2.170016,1.582248,-3.484208,0.999255,0.019345,0.013223,-0.030654
6792,-0.127136,0.558681,9.891555,-0.467108,-1.626210,0.114014,2.157871,1.524000,-3.480824,0.999266,0.019223,0.012719,-0.030613
6793,-0.137520,0.556960,9.907157,-0.708316,-0.917703,-0.201776,2.138201,1.481686,-3.483875,0.999273,0.019041,0.012354,-0.030631
6794,-0.152599,0.547069,9.915341,-0.755760,-0.086959,-0.506891,2.113479,1.465391,-3.496301,0.999276,0.018822,0.012217,-0.030734
6795,-0.134045,0.542639,9.947260,-0.653696,0.316550,-0.375595,2.089614,1.469755,-3.510862,0.999275,0.018617,0.012259,-0.030859
6796,-0.124209,0.535077,9.937334,-0.351756,0.393408,-0.180206,2.072628,1.481916,-3.519691,0.999274,0.018473,0.012368,-0.030936
6797,-0.124867,0.522782,9.928313,-0.348941,0.178770,-0.286952,2.060757,1.491727,-3.527131,0.999273,0.018373,0.012456,-0.031002
6798,-0.119152,0.528804,9.925029,-0.356810,-0.031325,-0.367755,2.048713,1.494574,-3.537952,0.999272,0.018270,0.012482,-0.031095
6799,-0.120531,0.526149,9.931999,-0.424163,-0.314689,-0.260867,2.035419,1.489184,-3.548631,0.999271,0.018154,0.012437,-0.031186
6800,-0.132579,0.538144,9.915726,-0.526557,-0.498815,-0.305047,2.019317,1.475968,-3.558540,0.999273,0.018011,0.012325,-0.031269
6801,-0.132872,0.514007,9.926743,-0.503850,-0.342598,-0.375172,2.001840,1.462351,-3.570366,0.999274,0.017856,0.012209,-0.031368
6802,-0.131220,0.503242,9.913784,-0.287462,-0.251984,-0.265240,1.988372,1.452819,-3.581382,0.999274,0.017737,0.012128,-0.031461
6803,-0.116324,0.505069,9.901156,-0.235884,-0.388779,-0.327737,1.979390,1.442488,-3.591631,0.999274,0.017657,0.012038,-0.031548
6804,-0.101137,0.527512,9.923913,-0.310851,-0.260168,-0.292570,1.970009,1.432035,-3.602340,0.999273,0.017574,0.011948,-0.031639
6805,-0.110996,0.517108,9.910865,-0.188915,-0.358925,-0.133801,1.961494,1.421966,-3.609798,0.999274,0.017497,0.011862,-0.031701
6806,-0.127838,0.529184,9.902939,-0.164619,-0.433150,-0.148992,1.955475,1.408934,-3.614962,0.999275,0.017442,0.011749,-0.031744
6807,-0.110586,0.536917,9.947097,-0.132613,-0.046534,-0.045158,1.950435,1.401054,-3.618469,0.999276,0.017396,0.011681,-0.031773
6808,-0.104594,0.523740,9.960491,0.125204,0.062286,0.199062,1.950374,1.401229,-3.615896,0.999276,0.017395,0.011683,-0.031750
6809,-0.122282,0.514360,9.914884,0.166263,-0.401064,0.084685,1.955343,1.395425,-3.611361,0.999277,0.017437,0.011632,-0.031711
6810,-0.129299,0.529457,9.912793,0.056283,-0.670522,-0.058687,1.959047,1.377561,-3.611537,0.999279,0.017464,0.011475,-0.031710
6811,-0.125435,0.527899,9.912384,0.187448,-0.628662,0.106177,1.963110,1.355893,-3.611487,0.999280,0.017494,0.011285,-0.031707
6812,-0.139209,0.517691,9.904808,0.220904,-0.408205,-0.020414,1.969936,1.338573,-3.610651,0.999281,0.017548,0.011132,-0.031698
6813,-0.139515,0.499801,9.910387,0.206941,-0.239548,-0.127173,1.977001,1.327869,-3.613482,0.999281,0.017607,0.011036,-0.031721
6814,-0.120682,0.499921,9.909403,0.318027,0.011455,-0.314806,1.985577,1.324324,-3.620978,0.999278,0.017682,0.011002,-0.031787
6815,-0.102245,0.482250,9.894715,0.137585,0.317259,-0.647400,1.992803,1.330356,-3.636819,0.999272,0.017748,0.011050,-0.031927
6816,-0.102871,0.486123,9.901202,-0.575466,0.340696,-1.076127,1.984844,1.342312,-3.665155,0.999264,0.017685,0.011152,-0.032175
6817,-0.116173,0.495925,9.908168,-0.993964,0.258885,-1.361416,1.957740,1.353695,-3.705424,0.999255,0.017455,0.011253,-0.032525
6818,-0.134306,0.508774,9.914557,-1.111746,0.232113,-1.355255,1.921579,1.363405,-3.750412,0.999247,0.017147,0.011341,-0.032915
6819,-0.149095,0.496553,9.938539,-1.310364,0.078799,-1.124785,1.880229,1.369955,-3.791564,0.999240,0.016793,0.011404,-0.033271
6820,-0.151652,0.494733,9.951752,-1.202280,0.181895,-1.040806,1.837491,1.375467,-3.827508,0.999235,0.016425,0.011459,-0.033581
6821,-0.148296,0.483700,9.945813,-0.985850,0.323128,-0.874427,1.800259,1.384893,-3.859154,0.999230,0.016106,0.011548,-0.033854
6822,-0.148145,0.481665,9.937144,-1.036451,0.241553,-0.669900,1.765937,1.395101,-3.884595,0.999226,0.015813,0.011644,-0.034074
6823,-0.147782,0.485137,9.933408,-1.085470,0.384274,-0.588972,1.730067,1.406166,-3.905255,0.999224,0.015505,0.011748,-0.034252
6824,-0.147299,0.471795,9.938026,-0.916274,0.569704,-0.317301,1.696343,1.422510,-3.919882,0.999222,0.015218,0.011899,-0.034378
6825,-0.152351,0.467489,9.952165,-0.840184,0.300407,-0.022743,1.666937,1.437171,-3.925122,0.999223,0.014966,0.012035,-0.034422
6826,-0.144826,0.459553,9.944969,-0.480277,0.076857,0.126852,1.644977,1.443406,-3.923205,0.999226,0.014776,0.012096,-0.034404
6827,-0.130977,0.448630,9.925845,-0.195174,-0.029292,0.271872,1.633888,1.444008,-3.916538,0.999229,0.014679,0.012105,-0.034345
6828,-0.131235,0.434937,9.932379,-0.264156,-0.353704,0.450462,1.626530,1.437284,-3.904682,0.999234,0.014612,0.012050,-0.034240
6829,-0.125450,0.445377,9.928242,-0.305672,-0.749852,0.342178,1.617349,1.418525,-3.891994,0.999241,0.014525,0.011891,-0.034126
6830,-0.123870,0.425110,9.921450,-0.458606,-0.767581,0.149969,1.604795,1.393014,-3.884503,0.999248,0.014407,0.011673,-0.034056
6831,-0.128926,0.423696,9.932929,-0.709269,-0.727282,0.101191,1.585414,1.367993,-3.881012,0.999254,0.014230,0.011461,-0.034021
6832,-0.138097,0.419100,9.916265,-0.541828,-0.999710,0.244678,1.564680,1.339062,-3.876038,0.999261,0.014040,0.011216,-0.033972
6833,-0.128033,0.427905,9.916306,-0.681053,-1.217170,0.066193,1.544394,1.301987,-3.871861,0.999269,0.013852,0.010899,-0.033930
6834,-0.125341,0.421516,9.944447,-0.627978,-1.085201,-0.126024,1.522531,1.263655,-3.873885,0.999275,0.013650,0.010571,-0.033941
6835,-0.123554,0.409071,9.940652,0.094928,-1.291954,0.060184,1.513600,1.224079,-3.876032,0.999279,0.013561,0.010228,-0.033954
6836,-0.123568,0.426415,9.924223,0.390618,-1.813003,0.051074,1.521703,1.172299,-3.875551,0.999283,0.013617,0.009774,-0.033945
6837,-0.107900,0.430314,9.939922,0.663501,-2.015131,-0.197607,1.539189,1.108584,-3.879697,0.999286,0.013751,0.009213,-0.033976
6838,-0.084642,0.438960,9.931046,1.195823,-1.951823,-0.054123,1.570064,1.042606,-3.885688,0.999286,0.014001,0.008628,-0.034023
6839,-0.079619,0.443452,9.910279,1.064389,-1.737469,-0.067809,1.607669,0.981199,-3.889428,0.999285,0.014311,0.008081,-0.034051
6840,-0.068609,0.475573,9.913417,0.344047,-1.356765,-0.234089,1.631035,0.929791,-3.895916,0.999284,0.014500,0.007625,-0.034103
6841,-0.063967,0.473020,9.935438,-0.109191,-0.768520,-0.195895,1.634818,0.894588,-3.904088,0.999284,0.014523,0.007315,-0.034170
6842,-0.061289,0.458545,9.938534,-0.553361,-0.261121,-0.098192,1.623692,0.877573,-3.909474,0.999285,0.014421,0.007170,-0.034214
6843,-0.075898,0.440517,9.929996,-0.970181,-0.080190,-0.043221,1.598261,0.871953,-3.911989,0.999288,0.014198,0.007128,-0.034234
6844,-0.072537,0.437746,9.923918,-0.972005,-0.028904,0.132297,1.565914,0.870094,-3.910556,0.999292,0.013915,0.007122,-0.034219
6845,-0.076366,0.412645,9.923062,-0.990680,0.210079,0.181159,1.533283,0.872971,-3.905251,0.999297,0.013631,0.007157,-0.034171
6846,-0.084660,0.398684,9.913064,-1.165105,0.388071,0.025546,1.497410,0.882845,-3.901542,0.999302,0.013321,0.007254,-0.034137
6847,-0.094161,0.417014,9.913934,-1.403555,0.642419,-0.004943,1.454611,0.900006,-3.900756,0.999306,0.012953,0.007417,-0.034130
6848,-0.097154,0.409211,9.921489,-1.306210,0.689271,0.124792,1.409489,0.922144,-3.898205,0.999310,0.012566,0.007624,-0.034107
6849,-0.098619,0.369838,9.920349,-1.183047,0.705596,0.207220,1.368101,0.945251,-3.892108,0.999315,0.012211,0.007838,-0.034053
6850,-0.097108,0.372260,9.929770,-1.218667,0.674585,0.249975,1.328208,0.968068,-3.883947,0.999320,0.011870,0.008050,-0.033982
6851,-0.097649,0.357717,9.948833,-1.226815,0.445169,0.269841,1.287605,0.986528,-3.874858,0.999325,0.011520,0.008224,-0.033901
6852,-0.100013,0.341009,9.929068,-1.024454,0.057041,0.172210,1.250214,0.994732,-3.867308,0.999330,0.011196,0.008307,-0.033834
6853,-0.102685,0.335658,9.919873,-0.973187,0.116012,-0.090222,1.216945,0.997587,-3.865880,0.999334,0.010907,0.008342,-0.033819
6854,-0.109758,0.351592,9.938024,-0.868427,0.321501,-0.158860,1.186181,1.004965,-3.869879,0.999335,0.010641,0.008415,-0.033852
6855,-0.111327,0.333708,9.931169,-0.475232,0.436987,-0.216817,1.163681,1.017732,-3.875879,0.999334,0.010449,0.008532,-0.033904
6856,-0.106922,0.330510,9.910892,0.091876,0.483781,-0.135914,1.157193,1.033194,-3.881447,0.999332,0.010397,0.008669,-0.033953
6857,-0.112779,0.330392,9.926932,0.468251,0.579394,-0.146568,1.166448,1.051006,-3.885794,0.999328,0.010484,0.008821,-0.033994
6858,-0.127841,0.332514,9.938825,0.830894,0.557567,-0.308288,1.187968,1.070107,-3.892985,0.999322,0.010678,0.008980,-0.034060
6859,-0.137918,0.326257,9.920099,1.396449,0.325234,-0.384559,1.224879,1.085060,-3.904222,0.999314,0.011005,0.009099,-0.034162
6860,-0.137814,0.346669,9.926320,2.316036,-0.016949,-0.163273,1.286583,1.090397,-3.913238,0.999305,0.011545,0.009126,-0.034246
6861,-0.131224,0.347720,9.925472,3.893314,-0.250830,0.041229,1.390032,1.085985,-3.915374,0.999294,0.012446,0.009056,-0.034272
6862,-0.118335,0.370359,9.932402,5.899356,-0.417647,0.376963,1.553369,1.074670,-3.908690,0.999278,0.013867,0.008910,-0.034226
6863,-0.095774,0.429842,9.939059,8.937060,-0.688353,1.100288,1.801090,1.055527,-3.884615,0.999255,0.016019,0.008672,-0.034032
6864,-0.084113,0.487264,9.947211,11.451543,-1.105658,1.353637,2.141621,1.024245,-3.844761,0.999217,0.018977,0.008305,-0.033705
6865,-0.075653,0.560675,9.953820,14.138562,-1.486387,1.356741,2.568875,0.979224,-3.801390,0.999156,0.022686,0.007795,-0.033349
6866,-0.071676,0.666330,9.939909,17.690323,-2.114028,1.573457,3.100105,0.916868,-3.755573,0.999058,0.027297,0.007108,-0.032971
6867,-0.068150,0.777510,9.918386,19.785860,-2.851231,1.443770,3.725379,0.831264,-3.710289,0.998914,0.032721,0.006194,-0.032590
6868,-0.063460,0.889826,9.889649,21.164236,-3.438878,0.831891,4.408267,0.723993,-3.679871,0.998717,0.038642,0.005075,-0.032326
6869,-0.038333,1.023078,9.869911,22.588413,-3.497023,0.545035,5.137595,0.606856,-3.666603,0.998462,0.044965,0.003854,-0.032196
6870,-0.033037,1.166673,9.886061,23.800514,-3.216404,0.348209,5.910746,0.494042,-3.662568,0.998144,0.051669,0.002656,-0.032136
6871,-0.030581,1.292973,9.899909,24.312220,-2.989162,0.099500,6.712550,0.390419,-3.666547,0.997762,0.058623,0.001527,-0.032136
6872,-0.017871,1.402154,9.883738,26.137709,-2.890077,0.052211,7.553277,0.292870,-3.676224,0.997306,0.065915,0.000436,-0.032174
6873,-0.005868,1.586796,9.876054,28.010508,-2.482745,-0.141567,8.455631,0.204409,-3.690187,0.996756,0.073741,-0.000596,-0.032241
6875,0.004065,1.781929,9.826012,30.277073,-2.345492,0.099542,9.426982,0.125025,-3.703425,0.996094,0.082165,-0.001568,-0.032293
6876,0.011931,1.988249,9.749757,31.345875,-2.093783,0.314711,10.453938,0.050984,-3.709415,0.995318,0.091068,-0.002506,-0.032271
6877,0.035974,2.207421,9.703650,30.923937,-1.701696,0.317777,11.491679,-0.013097,-3.711129,0.994455,0.100060,-0.003355,-0.032206
6878,0.036227,2.460672,9.669806,30.454807,-1.321813,0.024813,12.514571,-0.063563,-3.716051,0.993522,0.108918,-0.004085,-0.032169
6879,0.030080,2.632621,9.593136,29.155659,-1.227255,-0.207118,13.508012,-0.104283,-3.728605,0.992538,0.117515,-0.004729,-0.032200
6880,0.024622,2.813270,9.578034,27.073715,-1.035014,-0.519928,14.445136,-0.137958,-3.749474,0.991538,0.125618,-0.005307,-0.032304
6881,0.037830,2.958109,9.533230,25.916483,-1.135744,-0.500088,15.328317,-0.168573,-3.775210,0.990534,0.133246,-0.005850,-0.032449
6882,0.017217,3.097688,9.460711,25.990660,-0.925168,-0.356653,16.193453,-0.197752,-3.798271,0.989495,0.140710,-0.006375,-0.032567
6883,0.022887,3.217873,9.422576,25.359835,-0.644378,0.079752,17.049286,-0.221484,-3.810186,0.988413,0.148089,-0.006838,-0.032590
6884,0.030820,3.370818,9.369583,25.604881,-0.450568,0.679432,17.898621,-0.242658,-3.803604,0.987291,0.155405,-0.007253,-0.032453
6885,0.030760,3.504000,9.308177,26.074253,-0.107219,1.247068,18.759768,-0.261540,-3.776050,0.986104,0.162816,-0.007620,-0.032134
6886,0.018614,3.653126,9.263384,28.177891,0.751911,1.276045,19.663715,-0.265191,-3.732816,0.984801,0.170592,-0.007840,-0.031696
6887,0.020693,3.804391,9.219206,28.012487,0.994579,1.153951,20.599945,-0.251787,-3.684828,0.983387,0.178639,-0.007909,-0.031240
6888,0.019697,3.936271,9.123322,27.988987,0.729111,1.382820,21.533022,-0.240178,-3.635070,0.981913,0.186647,-0.007983,-0.030767
6889,0.011786,4.052112,9.100616,26.979691,0.564357,1.802426,22.448856,-0.240060,-3.577754,0.980405,0.194493,-0.008130,-0.030212
6890,0.014813,4.183980,9.042642,26.364027,0.073059,2.269336,23.337574,-0.256647,-3.511089,0.978885,0.202091,-0.008388,-0.029549
6891,0.032563,4.271865,8.945031,23.349560,-1.445204,2.864430,24.165735,-0.312020,-3.441946,0.977418,0.209151,-0.008948,-0.028797
6892,0.058312,4.384597,8.867512,21.946432,-2.173065,3.250483,24.920191,-0.409194,-3.374180,0.976040,0.215562,-0.009837,-0.027977
6893,0.071742,4.538004,8.849443,20.257961,-2.069309,3.221488,25.623014,-0.519168,-3.306767,0.974718,0.221522,-0.010814,-0.027130
6894,0.092728,4.646009,8.808481,18.429111,-1.974707,3.038373,26.267136,-0.625407,-3.242432,0.973474,0.226977,-0.011741,-0.026312
6895,0.095849,4.716456,8.754389,16.778765,-1.901457,2.521074,26.853275,-0.724616,-3.188431,0.972313,0.231935,-0.012608,-0.025592
6896,0.108985,4.826422,8.732680,16.256062,-1.616087,2.365409,27.403223,-0.813938,-3.142680,0.971199,0.236581,-0.013393,-0.024959
6897,0.130791,4.928904,8.698614,15.678435,-1.643534,2.177700,27.934834,-0.897209,-3.100854,0.970099,0.241069,-0.014126,-0.024367
6898,0.131435,4.949525,8.666162,15.242676,-1.428353,1.431498,28.449703,-0.970755,-3.072021,0.969012,0.245411,-0.014795,-0.023902
6899,0.125610,4.993254,8.610162,16.355652,-1.286390,0.616615,28.976179,-1.026854,-3.063837,0.967875,0.249847,-0.015361,-0.023642
6900,0.143527,5.092508,8.557595,17.593752,-1.499958,0.105385,29.542213,-1.073274,-3.076063,0.966625,0.254612,-0.015896,-0.023565
6901,0.141143,5.187467,8.512263,17.775934,-1.466326,-0.526395,30.132278,-1.112688,-3.106759,0.965295,0.259572,-0.016419,-0.023652
6902,0.123773,5.266423,8.483205,18.492182,-1.391464,-0.871320,30.737600,-1.141975,-3.150995,0.963900,0.264654,-0.016892,-0.023869
6903,0.133031,5.362693,8.410004,20.285725,-1.760633,-0.724907,31.384884,-1.173259,-3.200909,0.962379,0.270078,-0.017407,-0.024119
6904,0.131537,5.488795,8.338345,22.158659,-2.039770,-0.624274,32.093361,-1.215292,-3.253348,0.960679,0.276004,-0.018034,-0.024349
6905,0.130909,5.617847,8.270309,24.316996,-1.972512,-0.834941,32.869141,-1.258636,-3.309776,0.958775,0.282481,-0.018700,-0.024592
6906,0.132982,5.731833,8.170185,27.245958,-1.738919,-1.276032,33.729877,-1.291018,-3.373170,0.956612,0.289655,-0.019315,-0.024898
6907,0.144681,5.825005,8.045821,29.398239,-1.921907,-1.202888,34.675446,-1.318254,-3.441685,0.954174,0.297520,-0.019924,-0.025237
6908,0.161453,5.958074,7.921216,29.968149,-2.597785,0.002500,35.666210,-1.368294,-3.501431,0.951552,0.305733,-0.020717,-0.025426
6909,0.195729,6.084424,7.820321,27.736467,-3.279799,1.070574,36.628948,-1.457895,-3.544693,0.948939,0.313683,-0.021790,-0.025364
6910,0.219180,6.188628,7.761337,24.074940,-3.375886,1.110193,37.493416,-1.568287,-3.582454,0.946535,0.320793,-0.022998,-0.025201
6911,0.239158,6.295944,7.724576,20.167648,-3.101177,0.415845,38.232059,-1.669130,-3.628612,0.944435,0.326848,-0.024122,-0.025144
6912,0.234077,6.397643,7.685324,17.040041,-2.359518,-0.399064,38.853836,-1.740518,-3.685132,0.942633,0.331933,-0.025009,-0.025270
6913,0.221599,6.445840,7.637629,14.837079,-1.245498,-1.810639,39.387135,-1.763914,-3.751675,0.941062,0.336295,-0.025514,-0.025631
6914,0.206313,6.505684,7.598892,14.620811,0.047089,-3.368730,39.880501,-1.724259,-3.830996,0.939589,0.340338,-0.025535,-0.026289
6915,0.178729,6.561743,7.534876,15.787011,1.124550,-4.133364,40.389709,-1.628749,-3.914107,0.938049,0.344522,-0.025119,-0.027144
6916,0.147801,6.599990,7.462286,19.033031,1.535205,-3.622346,40.971912,-1.510865,-3.983301,0.936271,0.349307,-0.024505,-0.027942
6917,0.143167,6.661831,7.363005,22.611706,1.318701,-2.754261,41.667198,-1.404933,-4.031698,0.934122,0.355005,-0.023961,-0.028516
6918,0.120721,6.747123,7.270817,25.970661,0.682557,-1.526052,42.477596,-1.332339,-4.062244,0.931579,0.361620,-0.023668,-0.028824
6919,0.129383,6.906429,7.125397,28.919218,-0.335082,0.484965,43.392570,-1.316247,-4.070910,0.928660,0.369050,-0.023795,-0.028756
6920,0.153324,7.065941,6.984472,29.650730,-1.232211,1.957357,44.368393,-1.363236,-4.059529,0.925487,0.376932,-0.024381,-0.028305
6921,0.174642,7.206383,6.870174,28.366558,-2.117164,2.131212,45.335052,-1.450834,-4.050472,0.922279,0.384699,-0.025294,-0.027731
6922,0.189728,7.314112,6.771626,25.248209,-2.374971,1.934271,46.228733,-1.551636,-4.056818,0.919251,0.391845,-0.026339,-0.027239
6923,0.216283,7.428087,6.669535,21.218863,-2.083453,0.998788,47.003700,-1.638221,-4.077225,0.916576,0.398019,-0.027286,-0.026922
6924,0.211653,7.448434,6.628794,17.494606,-1.415025,-0.409740,47.649944,-1.684988,-4.113479,0.914309,0.403157,-0.027938,-0.026892
6925,0.194839,7.481821,6.571896,15.868366,-1.115842,-0.718106,48.207272,-1.699329,-4.157462,0.912327,0.407584,-0.028339,-0.027054
6926,0.193377,7.531386,6.472460,14.837204,-0.838002,-0.298625,48.720070,-1.708242,-4.193104,0.910486,0.411650,-0.028658,-0.027178
6927,0.196907,7.603434,6.396198,15.058848,-0.303809,-0.869472,49.219135,-1.706033,-4.220245,0.908678,0.415606,-0.028857,-0.027277
6928,0.189471,7.703912,6.355099,16.414282,0.225808,-1.461690,49.744453,-1.677341,-4.246515,0.906756,0.419770,-0.028851,-0.027457
6929,0.182198,7.743743,6.278114,17.028118,0.163371,-1.200922,50.302490,-1.639165,-4.270092,0.904695,0.424188,-0.028771,-0.027644
6930,0.186998,7.755096,6.189485,18.252298,0.039889,-1.262119,50.891148,-1.605290,-4.293529,0.902497,0.428836,-0.028734,-0.027808
6931,0.179884,7.816008,6.114141,19.476454,0.140711,-1.597974,51.520699,-1.566256,-4.321054,0.900119,0.433794,-0.028684,-0.028014
6932,0.175690,7.905966,6.040589,19.972740,-0.182675,-1.004541,52.178902,-1.532583,-4.348417,0.897605,0.438962,-0.028685,-0.028192
6933,0.178151,7.958972,5.923020,20.696407,-0.701389,-0.163901,52.857323,-1.526090,-4.371934,0.894984,0.444265,-0.028892,-0.028231
6934,0.179623,8.039253,5.814287,21.952648,-1.014112,0.002288,53.568783,-1.541049,-4.396406,0.892204,0.449802,-0.029279,-0.028182
6935,0.174965,8.088161,5.729737,21.562408,-1.343619,0.278338,54.294788,-1.567969,-4.425409,0.889330,0.455428,-0.029781,-0.028114
6936,0.187122,8.145576,5.617275,19.926987,-1.105483,0.339232,54.987007,-1.599990,-4.452728,0.886558,0.460773,-0.030308,-0.028016
6937,0.180370,8.196263,5.526416,18.195417,-0.246295,-0.648188,55.622955,-1.608571,-4.474190,0.883982,0.465678,-0.030616,-0.027978
6938,0.162759,8.262269,5.493407,16.010592,0.739562,-1.501353,56.193409,-1.574291,-4.487527,0.881648,0.470081,-0.030546,-0.028069
6939,0.156669,8.311494,5.425098,14.260592,1.569785,-1.744164,56.697853,-1.507928,-4.485406,0.879566,0.473982,-0.030152,-0.028193
6940,0.134159,8.389825,5.370039,13.375781,2.242843,-2.383726,57.158043,-1.415582,-4.469728,0.877654,0.477547,-0.029493,-0.028337
6941,0.110240,8.437887,5.317677,13.491967,2.059865,-2.525852,57.605450,-1.307999,-4.453466,0.875779,0.481012,-0.028713,-0.028550
6942,0.097341,8.446807,5.279706,14.291721,1.094089,-2.063714,58.068420,-1.215272,-4.449685,0.873822,0.484579,-0.028105,-0.028797
6943,0.093100,8.456510,5.179348,15.384423,0.566242,-2.349264,58.563332,-1.138172,-4.464736,0.871710,0.488371,-0.027707,-0.029119
6944,0.070563,8.478677,5.131530,16.705990,0.749474,-2.668384,59.098633,-1.055290,-4.489252,0.869405,0.492459,-0.027320,-0.029532
6945,0.080243,8.533484,5.018788,17.589619,0.610727,-2.371018,59.670628,-0.971462,-4.512526,0.866921,0.496816,-0.026934,-0.029935
6946,0.063601,8.578870,4.963069,17.701130,0.194248,-1.757767,60.259155,-0.905174,-4.535336,0.864345,0.501278,-0.026687,-0.030259
6947,0.043332,8.655638,4.843948,17.576136,-0.283262,-0.430395,60.847393,-0.874149,-4.554527,0.861752,0.505714,-0.026694,-0.030403
6948,0.042874,8.763977,4.741983,16.947660,-0.968301,1.133491,61.422970,-0.894472,-4.567080,0.859200,0.510027,-0.027054,-0.030272
6949,0.056837,8.831362,4.601815,17.170744,-1.877660,2.038188,61.991863,-0.963493,-4.583721,0.856661,0.514259,-0.027795,-0.029952
6950,0.061747,8.831105,4.517071,17.700569,-1.769232,2.256221,62.573391,-1.055136,-4.604192,0.854046,0.518564,-0.028722,-0.029548
6951,0.084485,8.828483,4.377345,18.219713,-1.112998,2.117186,63.172230,-1.141900,-4.613708,0.851331,0.522987,-0.029563,-0.029071
6952,0.108636,8.851911,4.298558,19.297346,-0.139382,1.106861,63.797401,-1.199275,-4.608418,0.848473,0.527606,-0.030122,-0.028606
6953,0.109801,8.869743,4.197678,21.058565,0.747254,0.064492,64.469604,-1.212402,-4.590846,0.845369,0.532574,-0.030304,-0.028238
6954,0.098818,8.918461,4.136872,21.858402,1.240210,-0.071497,65.184227,-1.198191,-4.560977,0.842037,0.537848,-0.030235,-0.027896
6955,0.087611,9.027153,3.997597,21.811361,0.834403,-0.671389,65.911476,-1.172590,-4.534639,0.838610,0.543197,-0.030100,-0.027632
6956,0.081425,9.150572,3.921280,21.486643,0.726153,-1.237720,66.632866,-1.133030,-4.523651,0.835172,0.548482,-0.029932,-0.027552
6957,0.093837,9.157414,3.798818,21.322130,0.034991,-0.261327,67.346275,-1.105093,-4.521766,0.831739,0.553680,-0.029891,-0.027486
6958,0.110578,9.165549,3.716800,20.437332,-0.834722,0.611338,68.042427,-1.115562,-4.531825,0.828359,0.558717,-0.030182,-0.027326
6959,0.138181,9.210376,3.558494,19.639507,-1.319922,0.017631,68.710938,-1.138565,-4.561293,0.825081,0.563524,-0.030652,-0.027248
6960,0.152987,9.252408,3.486243,19.775562,-1.257329,1.181823,69.368500,-1.172632,-4.594276,0.821830,0.568229,-0.031215,-0.027139
6961,0.168393,9.313174,3.378049,20.882080,-1.802061,2.886210,70.046623,-1.253882,-4.618540,0.818458,0.573048,-0.032077,-0.026720
6962,0.170114,9.403455,3.267128,20.757202,-1.716586,3.116549,70.741074,-1.367796,-4.640136,0.814979,0.577952,-0.033157,-0.026104
6963,0.184716,9.449738,3.119791,20.289038,-1.394590,3.262944,71.425507,-1.485175,-4.654711,0.811523,0.582764,-0.034217,-0.025411
6964,0.194023,9.470679,3.059057,18.523821,-1.138205,3.427636,72.072502,-1.604274,-4.659874,0.808232,0.587293,-0.035225,-0.024642
6965,0.224155,9.474924,2.983436,15.987918,-0.910812,2.653883,72.647743,-1.711199,-4.661686,0.805285,0.591304,-0.036109,-0.023925
6966,0.249237,9.422093,2.880985,13.122540,-0.596411,1.878494,73.132957,-1.790784,-4.663486,0.802782,0.594678,-0.036776,-0.023371
6967,0.272350,9.437103,2.816298,10.888984,-0.280464,1.385317,73.533089,-1.847084,-4.661897,0.800707,0.597458,-0.037242,-0.022937
6968,0.280010,9.489671,2.772813,9.351139,-0.255976,0.913528,73.870346,-1.886363,-4.659732,0.798949,0.599798,-0.037572,-0.022607
6969,0.292306,9.526625,2.713663,9.160669,-0.489372,1.114679,74.178955,-1.922282,-4.662380,0.797334,0.601933,-0.037896,-0.022335
6970,0.288816,9.522170,2.667939,9.519527,-0.815847,1.845310,74.490555,-1.975660,-4.670003,0.795698,0.604077,-0.038367,-0.022003
6971,0.288705,9.570766,2.626974,9.957688,-1.299473,2.121141,74.815750,-2.048742,-4.686499,0.793984,0.606299,-0.039023,-0.021620
6972,0.292030,9.587483,2.544089,11.407640,-1.932624,1.960484,75.173103,-2.128405,-4.720933,0.792091,0.608730,-0.039823,-0.021313
6973,0.309378,9.581699,2.484046,12.338864,-2.384191,2.126355,75.570854,-2.212493,-4.773392,0.789971,0.611425,-0.040755,-0.021086
6974,0.322974,9.556038,2.420968,12.435335,-2.609927,1.915339,75.986267,-2.298245,-4.837573,0.787745,0.614228,-0.041764,-0.020919
6975,0.341767,9.588538,2.373153,12.769728,-2.570155,0.955108,76.409286,-2.365308,-4.910065,0.785465,0.617078,-0.042691,-0.020900
6976,0.362514,9.598228,2.303013,13.821182,-2.412926,0.127808,76.855652,-2.402072,-4.986789,0.783045,0.620089,-0.043438,-0.021058
6978,0.362183,9.612652,2.235251,14.962601,-2.565498,0.306251,77.338715,-2.427646,-5.066152,0.780412,0.623344,-0.044132,-0.021276
6979,0.360382,9.622496,2.131684,16.932606,-2.867610,0.057421,77.873993,-2.452997,-5.153363,0.777478,0.626938,-0.044880,-0.021522
6980,0.362846,9.670585,1.976168,19.513071,-3.175827,0.135131,78.485611,-2.476771,-5.251392,0.774105,0.631030,-0.045694,-0.021813
6981,0.347363,9.681442,1.787396,22.275269,-3.464211,-0.112202,79.186775,-2.498566,-5.359988,0.770211,0.635701,-0.046575,-0.022142
6982,0.325172,9.699859,1.616319,23.917562,-3.052194,-1.331593,79.961472,-2.494549,-5.471271,0.765873,0.640850,-0.047320,-0.022593
6983,0.314817,9.719384,1.488956,23.785254,-2.278531,-2.816529,80.760735,-2.441245,-5.570594,0.761358,0.646158,-0.047683,-0.023224
6984,0.306393,9.709869,1.364346,23.094437,-1.591846,-3.582762,81.545372,-2.345755,-5.650893,0.756886,0.651365,-0.047667,-0.023971
6985,0.295843,9.671633,1.249285,21.898500,-0.529786,-4.532098,82.297363,-2.216797,-5.705003,0.752564,0.656352,-0.047288,-0.024753
6986,0.281764,9.668321,1.128414,20.166931,0.399516,-4.365966,82.999207,-2.069953,-5.726215,0.748501,0.661004,-0.046604,-0.025451
6987,0.287221,9.730980,1.035339,19.404297,0.755065,-2.760850,83.658501,-1.949702,-5.720914,0.744666,0.665353,-0.045938,-0.025847
6988,0.286257,9.764246,0.916911,19.638081,1.078563,-1.396785,84.308403,-1.877565,-5.697705,0.740872,0.669605,-0.045483,-0.025858
6989,0.299185,9.823558,0.790239,18.997536,1.753017,0.357958,84.950821,-1.855890,-5.652252,0.737113,0.673775,-0.045221,-0.025438
6990,0.312228,9.878774,0.693704,17.871758,1.902550,1.922000,85.563194,-1.888680,-5.588283,0.733522,0.677716,-0.045187,-0.024593
6991,0.337823,9.932398,0.652470,15.523644,1.972733,2.689541,86.117409,-1.960633,-5.518181,0.730263,0.681254,-0.045347,-0.023499
6992,0.352179,9.899560,0.542426,12.013100,1.502723,2.877286,86.574097,-2.049514,-5.454380,0.727570,0.684148,-0.045622,-0.022381
6993,0.350096,9.857814,0.519349,9.253471,0.790087,2.584344,86.926956,-2.138227,-5.411011,0.725484,0.686366,-0.045992,-0.021433
6994,0.339863,9.842494,0.452562,7.219758,0.234640,1.478008,87.200714,-2.204978,-5.390460,0.723856,0.688078,-0.046341,-0.020792
6995,0.332697,9.844884,0.380004,5.597870,0.027112,0.391476,87.414124,-2.235906,-5.384646,0.722580,0.689415,-0.046539,-0.020483
6996,0.308782,9.819489,0.341551,5.853194,-0.076655,-1.668859,87.605034,-2.214675,-5.386410,0.721427,0.690626,-0.046450,-0.020544
6997,0.295289,9.822729,0.274781,6.505687,0.736654,-4.576367,87.810760,-2.110235,-5.379606,0.720169,0.691965,-0.045791,-0.021050
6998,0.251156,9.934538,0.206359,5.532841,1.977222,-6.884006,88.010056,-1.917697,-5.341384,0.718939,0.693309,-0.044390,-0.021897
6999,0.221956,9.855359,0.197217,7.626717,2.532656,-8.704650,88.227287,-1.655541,-5.274806,0.717588,0.694797,-0.042388,-0.022988
7000,0.168783,9.820634,0.254054,8.536358,3.179650,-9.977489,88.494415,-1.341582,-5.188507,0.715922,0.696613,-0.039958,-0.024261
7001,0.128852,9.839296,0.167970,8.631102,3.316986,-9.834261,88.778473,-1.008902,-5.088103,0.714145,0.698533,-0.037334,-0.025566
7002,0.076700,9.835769,0.206075,9.043192,3.066736,-8.630499,89.071541,-0.699218,-4.987485,0.712311,0.700488,-0.034861,-0.026739
7003,0.083578,9.771088,0.174056,9.633713,1.803273,-7.058925,89.382057,-0.436668,-4.909819,0.710367,0.702517,-0.032830,-0.027773
7004,0.054149,9.877129,0.139896,7.141733,0.223943,-4.490908,89.661469,-0.243930,-4.877592,0.708613,0.704310,-0.031508,-0.028678
7005,0.038103,9.937724,0.026552,5.573076,-1.791803,-2.095304,89.873466,-0.134294,-4.904150,0.707274,0.705643,-0.031048,-0.029459
7006,0.036268,9.897598,0.035409,4.974985,-3.148351,-0.042900,90.049461,-0.098747,-4.986487,0.706159,0.706716,-0.031382,-0.030138
7007,0.027992,9.831092,-0.016884,4.660625,-4.553728,1.168778,90.210320,-0.117241,-5.114872,0.705137,0.707665,-0.032331,-0.030770
7008,0.026874,9.790284,-0.058382,4.647012,-4.738365,1.382478,90.365814,-0.159003,-5.269938,0.704145,0.708565,-0.033588,-0.031420
7009,0.032202,9.796311,-0.076737,4.306873,-4.315685,0.863709,90.515518,-0.195280,-5.421120,0.703187,0.709428,-0.034788,-0.032080
7010,0.043597,9.755548,-0.061854,6.118101,-3.896055,0.332747,90.689743,-0.213779,-5.558189,0.702074,0.710449,-0.035800,-0.032752
7011,0.028387,9.760798,-0.136372,6.905450,-4.149358,-0.221155,90.907295,-0.213746,-5.692301,0.700686,0.711738,-0.036695,-0.033504
7012,0.028168,9.836894,-0.205842,5.869615,-4.514057,-0.476049,91.120735,-0.199568,-5.836473,0.699312,0.712999,-0.037567,-0.034404
7013,0.023509,9.756395,-0.356487,5.371480,-4.601038,-0.415086,91.308578,-0.181516,-5.988047,0.698090,0.714100,-0.038458,-0.035378
7014,0.009611,9.760057,-0.377715,4.922585,-3.642764,-1.654262,91.480530,-0.143700,-6.124563,0.696963,0.715113,-0.039133,-0.036387
7015,-0.005132,9.806645,-0.416170,2.062712,-2.768417,-1.923024,91.597145,-0.081223,-6.229793,0.696180,0.715807,-0.039448,-0.037376
7016,0.005968,9.864212,-0.402366,-0.612635,-1.364571,-1.914015,91.621368,-0.015378,-6.296867,0.695985,0.715953,-0.039475,-0.038187
7017,0.010041,9.854756,-0.367083,-2.201816,0.138464,-1.238032,91.574455,0.037695,-6.315843,0.696253,0.715679,-0.039256,-0.038650
7018,0.000158,9.943550,-0.222144,-3.678619,1.066227,-0.485716,91.476463,0.065872,-6.295015,0.696862,0.715100,-0.038921,-0.038733
7019,0.004627,9.881316,-0.213121,-3.829776,1.006717,0.797609,91.351349,0.059819,-6.260613,0.697656,0.714349,-0.038701,-0.038528
7020,0.015341,9.864565,-0.208068,-3.312622,0.954837,0.887753,91.232330,0.031001,-6.228574,0.698418,0.713625,-0.038638,-0.038193
7021,0.019834,9.837633,-0.193583,-2.366714,0.812931,0.807076,91.137680,0.002150,-6.199704,0.699027,0.713048,-0.038602,-0.037870
7022,0.013748,9.833520,-0.148737,-1.282031,0.976208,0.146503,91.076874,-0.014317,-6.170199,0.699420,0.712681,-0.038499,-0.037608
7023,0.021167,9.856726,-0.162634,-1.216685,0.921277,-0.373710,91.035225,-0.011116,-6.138509,0.699689,0.712439,-0.038269,-0.037448
7024,0.015189,9.867182,-0.148668,-1.273347,0.748851,-0.494134,90.993729,0.002853,-6.110420,0.699951,0.712199,-0.037995,-0.037377
7025,0.005591,9.872090,-0.135960,-1.255285,0.994526,-0.643601,90.951584,0.021320,-6.081046,0.700216,0.711958,-0.037686,-0.037326
7026,-0.007551,9.865809,-0.132810,-1.569884,1.195948,-0.764140,90.904526,0.044187,-6.044162,0.700513,0.711689,-0.037302,-0.037258
7027,-0.012687,9.856977,-0.116735,-1.626614,0.915176,-0.748916,90.851288,0.068862,-6.008595,0.700847,0.711383,-0.036913,-0.037211
7028,-0.023088,9.847000,-0.100151,-1.097447,0.684761,-0.842060,90.805931,0.094992,-5.981549,0.701129,0.711123,-0.036571,-0.037222
7029,-0.019267,9.874993,-0.118704,-1.021408,0.605411,-1.258693,90.770653,0.129705,-5.959565,0.701343,0.710925,-0.036210,-0.037315
7030,-0.019187,9.852478,-0.076113,-0.901157,0.359736,-1.467744,90.738655,0.174930,-5.942882,0.701532,0.710748,-0.035820,-0.037503
7031,-0.019604,9.845795,-0.048269,-0.657532,0.089648,-1.461587,90.712715,0.223654,-5.934774,0.701680,0.710607,-0.035462,-0.037764
7032,-0.024293,9.836869,-0.063878,-0.421547,-0.001909,-1.292114,90.694733,0.269527,-5.932746,0.701777,0.710511,-0.035163,-0.038041
7033,-0.025702,9.840181,-0.052222,-0.359471,0.036239,-1.337757,90.681717,0.313349,-5.931648,0.701843,0.710445,-0.034883,-0.038310
7034,-0.022255,9.825293,-0.043690,-0.305082,0.014875,-1.065941,90.670639,0.353398,-5.930322,0.701898,0.710389,-0.034626,-0.038553
7035,-0.023659,9.860733,-0.064765,-0.235371,0.025558,-0.652149,90.661652,0.382023,-5.929316,0.701945,0.710343,-0.034441,-0.038727
7036,-0.029919,9.876405,-0.070097,-0.183855,-0.175864,-0.444340,90.654633,0.400325,-5.931611,0.701981,0.710305,-0.034341,-0.038857
7037,-0.030212,9.880469,-0.087464,0.006618,-0.368129,-0.370806,90.651619,0.414014,-5.940523,0.701992,0.710288,-0.034311,-0.038997
7038,-0.034632,9.891070,-0.090703,0.226168,-0.358972,0.036909,90.655426,0.419717,-5.952577,0.701963,0.710309,-0.034352,-0.039105
7039,-0.037976,9.873259,-0.065175,0.517350,-0.252156,0.357628,90.667740,0.413259,-5.962838,0.701885,0.710380,-0.034460,-0.039124
7040,-0.042038,9.855721,-0.065570,0.732130,-0.307089,0.449429,90.688499,0.399920,-5.972318,0.701758,0.710500,-0.034607,-0.039093
7041,-0.037206,9.856199,-0.077172,0.722624,-0.198747,0.409989,90.712692,0.385700,-5.980923,0.701610,0.710641,-0.034756,-0.039051
7042,-0.039525,9.856349,-0.065887,0.705459,0.031667,0.373594,90.736473,0.372677,-5.983872,0.701466,0.710782,-0.034862,-0.038981
7043,-0.028732,9.847533,-0.091458,0.847014,0.143061,0.222769,90.762367,0.362701,-5.981091,0.701309,0.710939,-0.034915,-0.038894
7044,-0.031957,9.862493,-0.107337,0.802534,0.089655,-0.207288,90.789886,0.362391,-5.977216,0.701140,0.711108,-0.034902,-0.038860
7045,-0.027636,9.862111,-0.090267,0.858724,0.165953,-0.454235,90.817596,0.373355,-5.972802,0.700966,0.711282,-0.034817,-0.038893
7046,-0.018111,9.860473,-0.101056,0.882808,0.281925,-0.334899,90.846680,0.386398,-5.965148,0.700783,0.711466,-0.034700,-0.038918
7047,-0.009540,9.860028,-0.104876,0.653608,0.257514,-0.177330,90.872345,0.394799,-5.956030,0.700624,0.711628,-0.034600,-0.038907
7048,-0.010349,9.848384,-0.069677,0.437982,0.170541,-0.167730,90.890587,0.400440,-5.948807,0.700511,0.711744,-0.034527,-0.038892
7049,-0.010505,9.848976,-0.067753,0.272540,0.133920,0.211148,90.902466,0.399637,-5.943745,0.700440,0.711818,-0.034505,-0.038852
7050,-0.017211,9.847342,-0.083657,0.134598,-0.041559,0.481663,90.909256,0.388067,-5.942388,0.700402,0.711856,-0.034569,-0.038770
7051,-0.022757,9.832457,-0.083482,0.167611,-0.192624,0.500344,90.914268,0.371765,-5.946551,0.700375,0.711881,-0.034696,-0.038693
7052,-0.022787,9.846399,-0.069777,-0.069528,-0.107170,0.520511,90.915871,0.354833,-5.951818,0.700369,0.711884,-0.034833,-0.038619
7053,-0.022966,9.851453,-0.079191,0.045799,-0.174310,0.473514,90.915451,0.338343,-5.956773,0.700375,0.711875,-0.034965,-0.038547
7054,-0.020102,9.854750,-0.081557,-0.136383,-0.255183,0.498224,90.913895,0.322264,-5.964190,0.700388,0.711858,-0.035109,-0.038493
7055,-0.013867,9.859664,-0.095193,-0.509243,-0.181937,0.649600,90.903099,0.303251,-5.971778,0.700459,0.711784,-0.035268,-0.038425
7056,-0.002450,9.869461,-0.072957,-0.642559,-0.195667,0.651479,90.883858,0.281667,-5.978407,0.700584,0.711658,-0.035435,-0.038337
7057,0.009035,9.852468,-0.071263,-0.449400,-0.261279,0.706828,90.865631,0.259147,-5.986369,0.700702,0.711537,-0.035616,-0.038252
7058,0.015747,9.849301,-0.076556,-0.729237,-0.340623,0.859878,90.845940,0.233188,-5.996790,0.700830,0.711406,-0.035833,-0.038161
7059,0.016065,9.850657,-0.066431,-0.893097,-0.429122,0.732151,90.818848,0.206843,-6.010003,0.701002,0.711228,-0.036067,-0.038087
7060,0.025853,9.851383,-0.055651,-0.832696,-0.484052,0.549496,90.790024,0.185698,-6.025519,0.701183,0.711040,-0.036283,-0.038059
7061,0.026844,9.844799,-0.051280,-0.836407,-0.418433,0.412629,90.762169,0.169868,-6.040778,0.701356,0.710859,-0.036466,-0.038063
7062,0.022446,9.855101,-0.047287,-0.772970,-0.538977,0.327606,90.735291,0.157740,-6.056894,0.701522,0.710686,-0.036631,-0.038095
7063,0.025875,9.876515,-0.039803,-0.785838,-0.525241,0.253240,90.709259,0.148284,-6.074751,0.701680,0.710518,-0.036791,-0.038154
7064,0.036323,9.871099,-0.027189,-0.501194,-0.340600,0.374234,90.687775,0.138003,-6.089308,0.701812,0.710378,-0.036937,-0.038187
7065,0.041556,9.858042,-0.028148,-0.277602,-0.279559,0.534948,90.674774,0.122974,-6.099823,0.701894,0.710291,-0.037090,-0.038162
7066,0.043671,9.859084,-0.034740,-0.079895,-0.320755,0.656000,90.668793,0.103244,-6.110061,0.701934,0.710244,-0.037272,-0.038105
7067,0.050008,9.841817,-0.024704,0.134595,-0.317698,0.569536,90.669685,0.082944,-6.120940,0.701932,0.710240,-0.037464,-0.038045
7068,0.047918,9.830359,-0.026522,0.339901,-0.287174,0.576145,90.677574,0.063969,-6.131245,0.701886,0.710279,-0.037647,-0.037988
7069,0.051748,9.846212,-0.033479,0.461311,-0.296325,0.457608,90.690918,0.046857,-6.141176,0.701806,0.710351,-0.037818,-0.037938
7070,0.058214,9.839635,-0.026357,0.735297,-0.181875,0.369604,90.710861,0.033170,-6.149314,0.701684,0.710466,-0.037959,-0.037897
7071,0.053743,9.840839,-0.008004,0.734496,-0.197129,0.292270,90.735352,0.022219,-6.155769,0.701534,0.710611,-0.038074,-0.037860
7072,0.040915,9.840828,-0.007875,0.751903,-0.297836,0.007326,90.760124,0.017334,-6.164084,0.701379,0.710758,-0.038163,-0.037873
7073,0.049831,9.849354,-0.028218,0.450441,-0.165075,-0.108266,90.780159,0.019119,-6.171776,0.701252,0.710878,-0.038207,-0.037924
7074,0.055894,9.845621,-0.029425,0.257371,-0.059780,-0.255846,90.791946,0.025239,-6.175439,0.701175,0.710951,-0.038196,-0.037981
7075,0.052032,9.849318,-0.022756,0.045947,-0.198634,-0.449191,90.796997,0.037048,-6.179583,0.701138,0.710985,-0.038151,-0.038078
7076,0.057587,9.849229,-0.034103,-0.096803,-0.131488,-0.486872,90.796150,0.052724,-6.184868,0.701137,0.710983,-0.038088,-0.038207
7077,0.072367,9.874111,-0.061608,-0.430145,0.031794,-0.187228,90.787369,0.063981,-6.186373,0.701187,0.710932,-0.038025,-0.038289
7078,0.068719,9.855345,-0.021985,-0.224878,-0.039917,-0.101152,90.776443,0.068789,-6.186443,0.701253,0.710867,-0.037993,-0.038323
7079,0.064146,9.836656,-0.019012,-0.138784,-0.201657,0.119185,90.770370,0.068542,-6.190474,0.701289,0.710829,-0.038017,-0.038348
7081,0.054640,9.866373,-0.020700,-0.341083,-0.264214,0.014448,90.762375,0.066419,-6.198267,0.701337,0.710776,-0.038076,-0.038386
7082,0.064468,9.882453,-0.028272,-0.253412,-0.250474,0.088244,90.752457,0.064821,-6.206867,0.701396,0.710712,-0.038136,-0.038432
7083,0.064825,9.873852,0.006219,-0.026973,-0.174171,0.160549,90.747780,0.060768,-6.213998,0.701424,0.710680,-0.038203,-0.038452
7084,0.061718,9.867602,-0.013827,0.034619,-0.311498,0.295404,90.747894,0.053275,-6.222191,0.701423,0.710675,-0.038300,-0.038455
7085,0.058752,9.868340,-0.016774,-0.047134,-0.335907,0.059428,90.747681,0.047502,-6.233058,0.701423,0.710669,-0.038402,-0.038486
7086,0.064637,9.854692,-0.003862,0.002304,-0.158893,0.006566,90.746925,0.046510,-6.241318,0.701425,0.710661,-0.038459,-0.038531
7087,0.061710,9.849691,0.004773,0.108119,-0.166516,-0.145475,90.748756,0.048896,-6.246711,0.701411,0.710671,-0.038479,-0.038578
7088,0.069000,9.871165,-0.006713,-0.079034,-0.288584,-0.317334,90.749229,0.056708,-6.254195,0.701403,0.710674,-0.038478,-0.038672
7089,0.075966,9.873546,-0.001532,-0.231067,-0.273317,-0.391473,90.744049,0.068642,-6.263405,0.701428,0.710643,-0.038460,-0.038804
7090,0.076210,9.881120,-0.000942,-0.169489,-0.140554,-0.210742,90.737373,0.078767,-6.270173,0.701464,0.710603,-0.038438,-0.038911
7091,0.078352,9.874925,-0.010650,0.044724,-0.183272,-0.202416,90.735283,0.085722,-6.275481,0.701473,0.710591,-0.038427,-0.038987
7092,0.077490,9.882260,-0.007791,-0.145402,-0.135961,-0.172712,90.733604,0.092042,-6.280720,0.701479,0.710581,-0.038421,-0.039059
7093,0.066036,9.854103,-0.008897,0.018484,-0.128324,0.035488,90.731476,0.094385,-6.285096,0.701490,0.710567,-0.038433,-0.039101
7094,0.062069,9.858136,-0.003676,0.168622,-0.082539,-0.061550,90.734604,0.094865,-6.288605,0.701469,0.710586,-0.038453,-0.039124
7095,0.062110,9.861238,-0.009708,0.167696,-0.126785,-0.236424,90.740189,0.099875,-6.292028,0.701432,0.710620,-0.038445,-0.039174
7096,0.062408,9.882079,-0.009269,-0.023954,-0.129831,-0.211398,90.742584,0.107394,-6.296208,0.701413,0.710636,-0.038426,-0.039246
7097,0.059905,9.861218,-0.006374,0.139918,-0.253425,-0.140595,90.744507,0.113343,-6.302520,0.701397,0.710648,-0.038429,-0.039321
7098,0.059069,9.854902,0.008327,0.074830,-0.198485,-0.385660,90.748070,0.122211,-6.309937,0.701369,0.710670,-0.038422,-0.039420
7099,0.066069,9.855994,-0.004683,-0.034520,-0.073352,-0.629167,90.748726,0.139183,-6.314245,0.701357,0.710678,-0.038345,-0.039551
7100,0.072692,9.858361,0.016399,-0.021830,-0.076397,-0.593358,90.747795,0.159589,-6.316476,0.701355,0.710678,-0.038234,-0.039692
7101,0.065224,9.834311,0.026080,0.083822,-0.227458,-0.215721,90.748810,0.173139,-6.321363,0.701342,0.710687,-0.038181,-0.039805
7102,0.059481,9.841361,0.001136,-0.013414,-0.187778,-0.092941,90.749969,0.178373,-6.328216,0.701331,0.710694,-0.038192,-0.039879
7103,0.061227,9.856792,-0.010677,-0.060155,-0.128261,-0.127335,90.748726,0.182113,-6.333435,0.701336,0.710686,-0.038201,-0.039935
7104,0.056381,9.871984,0.011854,0.004457,-0.170981,-0.025928,90.747772,0.184732,-6.338387,0.701339,0.710679,-0.038216,-0.039982
7105,0.060511,9.857875,-0.003463,-0.002677,-0.140456,0.093791,90.747780,0.183669,-6.343592,0.701337,0.710677,-0.038254,-0.040007
7106,0.069373,9.846720,-0.008698,-0.043300,-0.006168,-0.018378,90.747009,0.182444,-6.346052,0.701342,0.710671,-0.038277,-0.040015
7107,0.070001,9.857988,0.003578,-0.100736,-0.032101,-0.177816,90.744614,0.185722,-6.346647,0.701355,0.710657,-0.038260,-0.040040
7108,0.075548,9.855130,0.012603,-0.176563,-0.029043,-0.204473,90.739983,0.192106,-6.347584,0.701381,0.710631,-0.038225,-0.040086
7109,0.075850,9.852622,0.019242,-0.150210,0.064046,0.045092,90.734535,0.194755,-6.346966,0.701414,0.710599,-0.038203,-0.040101
7110,0.060034,9.846828,0.033067,0.002723,-0.102274,0.103861,90.732071,0.192280,-6.347635,0.701430,0.710582,-0.038221,-0.040090
7111,0.061369,9.863144,0.032571,-0.108376,-0.184669,0.095435,90.730309,0.189020,-6.352460,0.701441,0.710569,-0.038271,-0.040100
7112,0.066243,9.858691,0.048456,-0.153916,-0.166353,0.376953,90.725914,0.181222,-6.358410,0.701469,0.710538,-0.038354,-0.040090
7113,0.062934,9.858143,0.045626,-0.100318,-0.337250,0.717982,90.721657,0.163081,-6.367033,0.701499,0.710503,-0.038517,-0.040032
7114,0.058704,9.843805,0.054017,-0.127611,-0.592075,0.750728,90.717812,0.138799,-6.382828,0.701525,0.710466,-0.038762,-0.039979
7115,0.073890,9.863529,0.036895,-0.328820,-0.543240,0.710243,90.710152,0.114686,-6.402052,0.701575,0.710404,-0.039026,-0.039950
7116,0.077455,9.854423,0.039752,-0.279712,-0.369278,0.631650,90.699982,0.092510,-6.417535,0.701640,0.710329,-0.039254,-0.039911
7117,0.081687,9.841771,0.049860,-0.146719,-0.366219,0.429457,90.692863,0.074975,-6.430007,0.701686,0.710275,-0.039437,-0.039881
7118,0.087943,9.852630,0.054407,-0.154155,-0.306701,0.373767,90.687836,0.061724,-6.441384,0.701718,0.710236,-0.039586,-0.039870
7119,0.097314,9.846554,0.024947,-0.135546,-0.105271,0.302859,90.683006,0.050530,-6.448385,0.701749,0.710200,-0.039697,-0.039845
7120,0.094091,9.834061,0.045042,-0.240494,0.068693,0.054950,90.676727,0.044575,-6.449065,0.701790,0.710160,-0.039735,-0.039815
7121,0.088783,9.842010,0.047939,-0.255495,0.122109,-0.147224,90.668465,0.046075,-6.445866,0.701842,0.710111,-0.039703,-0.039807
7122,0.094750,9.860745,0.031013,-0.358935,0.311332,-0.376867,90.658234,0.054725,-6.438542,0.701905,0.710053,-0.039601,-0.039820
7123,0.089262,9.859704,0.030193,-0.297493,0.489873,-0.640072,90.647316,0.071521,-6.424996,0.701971,0.709997,-0.039411,-0.039844
7124,0.084828,9.867769,0.047567,-0.289510,0.558548,-0.672884,90.637558,0.093206,-6.407278,0.702030,0.709951,-0.039165,-0.039874
7125,0.086526,9.868716,0.045185,-0.136606,0.555502,-0.409652,90.630478,0.111042,-6.388512,0.702074,0.709920,-0.038937,-0.039871
7126,0.090011,9.865080,0.048269,-0.107294,0.465479,-0.289811,90.626457,0.122512,-6.371368,0.702101,0.709905,-0.038759,-0.039839
7127,0.079896,9.863812,0.061344,-0.073460,0.317471,-0.188286,90.623459,0.130338,-6.358232,0.702122,0.709893,-0.038629,-0.039808
7128,0.088306,9.854832,0.068988,-0.024444,0.184722,0.038371,90.621864,0.132745,-6.349838,0.702134,0.709887,-0.038561,-0.039772
7129,0.095900,9.858828,0.070563,-0.047177,0.102328,-0.000414,90.620674,0.132061,-6.345059,0.702143,0.709881,-0.038535,-0.039739
7130,0.093896,9.854497,0.072465,-0.004308,0.004676,-0.129206,90.619820,0.134202,-6.343253,0.702148,0.709877,-0.038511,-0.039741
7131,0.087213,9.847074,0.077784,-0.048444,-0.138755,-0.319067,90.618935,0.141697,-6.345407,0.702150,0.709874,-0.038478,-0.039801
7132,0.080493,9.821462,0.078444,-0.004099,-0.057875,-0.402157,90.618057,0.153752,-6.348555,0.702150,0.709871,-0.038423,-0.039895
7133,0.065545,9.840118,0.091265,-0.136812,0.125240,-0.605867,90.615715,0.170539,-6.347251,0.702159,0.709863,-0.038311,-0.039992
7134,0.060876,9.843436,0.079001,-0.135243,0.213747,-0.621945,90.611191,0.190941,-6.341382,0.702182,0.709844,-0.038148,-0.040084
7135,0.062694,9.862474,0.066940,-0.385353,0.207647,-0.746352,90.602554,0.213671,-6.334118,0.702230,0.709801,-0.037961,-0.040183
7136,0.060517,9.858571,0.080767,-0.476763,0.296153,-0.747130,90.588211,0.238474,-6.325463,0.702313,0.709724,-0.037750,-0.040289
7137,0.063928,9.871614,0.089354,-0.556038,0.262585,-0.699044,90.571045,0.262482,-6.315907,0.702414,0.709630,-0.037538,-0.040384
7138,0.072734,9.846844,0.067640,-0.494857,0.070321,-0.609677,90.553558,0.284238,-6.310145,0.702517,0.709531,-0.037363,-0.040489
7139,0.072685,9.844325,0.090782,-0.554206,0.019968,-0.540081,90.536087,0.303386,-6.308459,0.702619,0.709431,-0.037229,-0.040603
7140,0.069000,9.821991,0.119567,-0.326860,0.123732,-0.291939,90.521416,0.317230,-6.305935,0.702706,0.709346,-0.037123,-0.040678
7141,0.075182,9.854612,0.107432,-0.218579,0.099318,-0.080389,90.512344,0.323402,-6.302161,0.702761,0.709294,-0.037059,-0.040696
7142,0.077770,9.862314,0.103244,-0.075122,-0.108207,0.076275,90.507446,0.323472,-6.302309,0.702791,0.709264,-0.037057,-0.040699
7143,0.069337,9.847496,0.121080,0.025566,-0.132622,0.432817,90.506599,0.315022,-6.306398,0.702798,0.709254,-0.037134,-0.040672
7144,0.068800,9.841559,0.105540,0.121670,-0.134147,0.491764,90.509026,0.299653,-6.310981,0.702787,0.709263,-0.037258,-0.040604
7145,0.067143,9.867582,0.086409,0.111093,-0.083792,0.213456,90.512901,0.287932,-6.314719,0.702766,0.709282,-0.037354,-0.040553
7146,0.062897,9.844005,0.105186,0.042528,-0.001391,0.154840,90.515442,0.281807,-6.316193,0.702752,0.709295,-0.037402,-0.040524
7147,0.069198,9.847963,0.104929,-0.189386,0.152728,0.199985,90.513000,0.275871,-6.313723,0.702770,0.709279,-0.037422,-0.040473
7148,0.078466,9.848121,0.102084,-0.265645,0.161885,-0.081367,90.505440,0.273848,-6.308497,0.702819,0.709233,-0.037399,-0.040431
7149,0.077509,9.846138,0.120990,-0.485397,-0.012069,-0.175002,90.492950,0.278099,-6.305964,0.702896,0.709159,-0.037353,-0.040445
7150,0.081267,9.849022,0.140693,-0.519123,-0.222647,0.096069,90.476181,0.279448,-6.309865,0.702998,0.709055,-0.037363,-0.040483
7151,0.086218,9.847249,0.122833,-0.348360,-0.271476,0.274098,90.461678,0.273346,-6.318150,0.703087,0.708962,-0.037447,-0.040501
7152,0.090599,9.840018,0.125460,-0.200409,-0.405756,0.345345,90.452477,0.263112,-6.329520,0.703143,0.708898,-0.037577,-0.040510
7153,0.086918,9.855826,0.132707,-0.066211,-0.599548,0.488302,90.447952,0.249350,-6.346384,0.703170,0.708860,-0.037764,-0.040530
7154,0.090938,9.857430,0.117954,0.196202,-0.599547,0.597674,90.450050,0.231408,-6.366511,0.703157,0.708861,-0.037999,-0.040542
7155,0.089623,9.859138,0.115998,0.225217,-0.507989,0.555968,90.456993,0.212328,-6.385121,0.703114,0.708891,-0.038234,-0.040536
7156,0.087955,9.852918,0.130081,0.289274,-0.593439,0.679026,90.465508,0.191893,-6.403643,0.703062,0.708930,-0.038477,-0.040520
7157,0.078741,9.855509,0.126293,0.342598,-0.559868,0.623482,90.475975,0.170343,-6.423043,0.702998,0.708981,-0.038733,-0.040503
7158,0.086311,9.859747,0.112202,0.397505,-0.408799,0.334437,90.488274,0.154514,-6.439322,0.702922,0.709045,-0.038935,-0.040500
7159,0.085749,9.862262,0.124115,0.406628,-0.276041,0.017928,90.501633,0.148740,-6.450786,0.702837,0.709121,-0.039046,-0.040530
7160,0.082599,9.848289,0.114932,0.559161,-0.263829,-0.115499,90.517700,0.150447,-6.459770,0.702734,0.709217,-0.039097,-0.040591
7161,0.095445,9.862162,0.099588,0.484406,-0.251618,-0.511351,90.535072,0.160972,-6.468266,0.702619,0.709324,-0.039091,-0.040702
7162,0.109307,9.853199,0.111670,0.511878,-0.170739,-0.778912,90.551651,0.182543,-6.475100,0.702507,0.709431,-0.039007,-0.040872
7163,0.102069,9.852218,0.124435,0.508712,-0.097489,-0.619168,90.568657,0.205887,-6.479343,0.702392,0.709542,-0.038896,-0.041036
7164,0.094573,9.857654,0.106452,0.528434,-0.234819,-0.377051,90.585915,0.222546,-6.484714,0.702277,0.709651,-0.038834,-0.041167
7165,0.102137,9.854265,0.100451,0.388003,-0.256177,-0.269188,90.601151,0.233400,-6.492785,0.702175,0.709746,-0.038822,-0.041278
7166,0.093280,9.848370,0.113921,0.387907,-0.164617,-0.135372,90.614067,0.240217,-6.499726,0.702090,0.709825,-0.038828,-0.041359
7167,0.085376,9.860929,0.100734,0.291658,-0.195132,-0.070275,90.625366,0.243710,-6.505685,0.702017,0.709893,-0.038848,-0.041413
7168,0.094632,9.848145,0.077675,0.245889,-0.222593,-0.012795,90.634293,0.245171,-6.512630,0.701959,0.709946,-0.038885,-0.041461
7169,0.100600,9.842897,0.093340,0.119260,-0.089833,0.034066,90.640366,0.244874,-6.517841,0.701919,0.709981,-0.038922,-0.041489
7170,0.099032,9.839116,0.106335,0.116109,-0.108138,-0.161677,90.644272,0.247038,-6.521116,0.701893,0.710005,-0.038930,-0.041522
7171,0.102556,9.850834,0.091188,0.018354,-0.120340,-0.200241,90.646492,0.253112,-6.524857,0.701876,0.710019,-0.038917,-0.041581
7172,0.098257,9.830690,0.101761,0.154077,-0.105076,0.034338,90.649345,0.255919,-6.528582,0.701856,0.710036,-0.038924,-0.041621
7173,0.087272,9.841904,0.104428,0.033391,-0.176789,0.007932,90.652451,0.255268,-6.533288,0.701835,0.710053,-0.038958,-0.041644
7174,0.088394,9.845373,0.114924,-0.017158,-0.221037,-0.055135,90.652695,0.256130,-6.539908,0.701831,0.710053,-0.038994,-0.041690
7175,0.096135,9.853867,0.109983,-0.009744,-0.137107,0.174809,90.652206,0.254203,-6.545898,0.701832,0.710047,-0.039043,-0.041715
7176,0.093838,9.836437,0.120345,0.109041,-0.211873,0.357471,90.653831,0.245399,-6.551816,0.701823,0.710052,-0.039134,-0.041696
7178,0.094640,9.849300,0.110087,-0.109406,-0.214920,0.259351,90.653801,0.235200,-6.559046,0.701825,0.710046,-0.039241,-0.041677
7179,0.098092,9.848049,0.121601,-0.190523,-0.053167,0.089515,90.648788,0.229437,-6.563581,0.701856,0.710012,-0.039303,-0.041671
7180,0.101909,9.844777,0.109145,-0.175501,0.001771,0.008200,90.642677,0.227818,-6.564455,0.701894,0.709974,-0.039316,-0.041668
7181,0.102733,9.842662,0.103863,-0.316048,-0.062312,-0.033427,90.634491,0.228250,-6.565459,0.701944,0.709923,-0.039316,-0.041680
7182,0.103630,9.844617,0.114841,-0.511540,0.015515,-0.194070,90.620697,0.232050,-6.566197,0.702028,0.709840,-0.039293,-0.041713
7183,0.103979,9.850467,0.135319,-0.545391,-0.047043,-0.397432,90.603073,0.241913,-6.566617,0.702134,0.709735,-0.039228,-0.041783
7184,0.107748,9.845600,0.127927,-0.478561,-0.192001,-0.280325,90.585999,0.253249,-6.570484,0.702234,0.709633,-0.039177,-0.041882
7185,0.101710,9.835625,0.132541,-0.533773,-0.121804,-0.260871,90.569084,0.262321,-6.575623,0.702333,0.709531,-0.039147,-0.041976
7186,0.086421,9.843979,0.154416,-0.523448,-0.098913,-0.445960,90.551460,0.274137,-6.579186,0.702437,0.709425,-0.039090,-0.042077
7187,0.089284,9.862416,0.136832,-0.510065,-0.152319,-0.447974,90.534203,0.289075,-6.583231,0.702536,0.709323,-0.039017,-0.042200
7188,0.091787,9.844844,0.129929,-0.597273,-0.068392,-0.312614,90.515732,0.301785,-6.586794,0.702645,0.709213,-0.038954,-0.042307
7189,0.089602,9.839441,0.145808,-0.646347,-0.025665,-0.343561,90.494995,0.312734,-6.588265,0.702769,0.709089,-0.038888,-0.042390
7190,0.090441,9.850091,0.152185,-0.596296,-0.106539,-0.412646,90.474266,0.325355,-6.590361,0.702891,0.708965,-0.038816,-0.042488
7191,0.094250,9.846996,0.131655,-0.808620,-0.083650,-0.551889,90.450836,0.341456,-6.593402,0.703029,0.708826,-0.038728,-0.042615
7192,0.081883,9.828336,0.143284,-0.784364,-0.111117,-0.752183,90.424271,0.363215,-6.596482,0.703184,0.708669,-0.038603,-0.042777
7193,0.081099,9.847540,0.145635,-0.659417,-0.071446,-0.979969,90.400192,0.392105,-6.599317,0.703321,0.708530,-0.038434,-0.042981
7194,0.074619,9.867764,0.159930,-0.691669,0.024685,-0.827796,90.377663,0.422239,-6.599889,0.703449,0.708402,-0.038244,-0.043178
7195,0.062965,9.874953,0.154521,-0.632366,-0.069928,-0.542898,90.355591,0.445088,-6.600499,0.703576,0.708274,-0.038099,-0.043331
7196,0.064751,9.864071,0.157832,-0.405174,-0.166067,-0.264108,90.338272,0.458562,-6.604351,0.703677,0.708170,-0.038034,-0.043443
7197,0.070286,9.865669,0.171786,-0.527461,0.007882,0.013210,90.322708,0.462758,-6.606963,0.703770,0.708075,-0.038018,-0.043490
7198,0.065447,9.858779,0.181837,-0.663552,-0.095889,0.328689,90.302834,0.457068,-6.608461,0.703895,0.707951,-0.038055,-0.043471
7199,0.069534,9.849834,0.173015,-0.712648,-0.181349,0.320671,90.279869,0.446269,-6.613137,0.704039,0.707805,-0.038142,-0.043441
7200,0.072741,9.838179,0.178282,-0.912769,-0.069965,0.263840,90.252747,0.436547,-6.617371,0.704208,0.707633,-0.038217,-0.043416
7201,0.072646,9.826953,0.187826,-0.913021,0.061257,0.112400,90.222305,0.430277,-6.617542,0.704399,0.707444,-0.038245,-0.043388
7202,0.065536,9.838799,0.187067,-0.762200,0.023100,-0.339686,90.194405,0.434059,-6.616122,0.704570,0.707274,-0.038203,-0.043412
7203,0.062581,9.857912,0.199019,-0.559501,0.087179,-0.489679,90.172394,0.447876,-6.614238,0.704701,0.707144,-0.038098,-0.043493
7204,0.060253,9.857141,0.194881,-0.332383,0.036813,-0.432157,90.157547,0.463234,-6.612128,0.704788,0.707059,-0.037985,-0.043580
7205,0.069206,9.856866,0.197816,-0.260879,-0.109687,-0.485982,90.147644,0.478539,-6.613301,0.704843,0.707002,-0.037894,-0.043685
7206,0.064109,9.867783,0.225414,-0.447358,-0.274499,-0.385652,90.135788,0.493083,-6.619668,0.704908,0.706932,-0.037839,-0.043817
7207,0.072857,9.861709,0.231732,-0.589701,-0.355386,0.203007,90.118416,0.496150,-6.630161,0.705010,0.706823,-0.037878,-0.043907
7208,0.074804,9.844913,0.220962,-0.924277,-0.399651,0.494164,90.093063,0.484554,-6.642766,0.705166,0.706659,-0.038018,-0.043921
7209,0.068805,9.842489,0.223750,-1.258795,-0.523265,0.298530,90.056564,0.471362,-6.658167,0.705390,0.706425,-0.038180,-0.043947
7210,0.059327,9.829369,0.237467,-1.228640,-0.344746,0.058569,90.014992,0.465420,-6.672638,0.705643,0.706162,-0.038290,-0.044013
7211,0.070461,9.856345,0.237003,-1.322084,-0.015161,-0.233281,89.972412,0.468330,-6.678635,0.705902,0.705899,-0.038292,-0.044082
7212,0.075573,9.866462,0.238398,-1.481086,0.004661,-0.427412,89.925705,0.479341,-6.678820,0.706185,0.705615,-0.038208,-0.044167
7213,0.082866,9.869674,0.262141,-1.472275,-0.097593,-0.668789,89.876457,0.497607,-6.680398,0.706481,0.705317,-0.038086,-0.044305
7214,0.086462,9.879279,0.278090,-1.697016,-0.077775,-0.490476,89.823624,0.516921,-6.683373,0.706797,0.704996,-0.037964,-0.044460
7215,0.086135,9.910583,0.295484,-2.500140,-0.324996,0.214318,89.753593,0.521499,-6.690102,0.707224,0.704563,-0.037950,-0.044553
7216,0.080309,9.873809,0.311973,-3.329255,-0.575271,1.030496,89.656311,0.500676,-6.705005,0.707824,0.703951,-0.038133,-0.044549
7217,0.072458,9.856353,0.367905,-4.963336,-0.753820,1.173218,89.517921,0.463789,-6.726897,0.708679,0.703076,-0.038441,-0.044504
7218,0.078341,9.862588,0.395110,-7.698395,-1.327575,1.432932,89.306618,0.420000,-6.761137,0.709978,0.701741,-0.038840,-0.044519
7219,0.104476,9.856383,0.469467,-10.801242,-1.986784,2.135182,88.997925,0.359722,-6.815486,0.711868,0.699787,-0.039427,-0.044593
7220,0.132866,9.847227,0.531339,-14.555704,-2.490350,2.855778,88.574913,0.274981,-6.888330,0.714450,0.697099,-0.040234,-0.044677
7221,0.148822,9.845622,0.625865,-19.129620,-2.836747,3.428378,88.013161,0.167646,-6.973955,0.717866,0.693518,-0.041205,-0.044761
7222,0.162001,9.832705,0.724705,-24.805275,-2.671961,3.759878,87.280785,0.044163,-7.060756,0.722296,0.688837,-0.042218,-0.044828
7223,0.171466,9.836308,0.883570,-31.050135,-1.179622,3.554236,86.349930,-0.081153,-7.118038,0.727891,0.682877,-0.042990,-0.044787
7224,0.183951,9.817245,1.072186,-36.966980,0.643841,2.414707,85.216423,-0.181136,-7.119550,0.734646,0.675602,-0.043195,-0.044630
7225,0.185959,9.766914,1.295631,-39.619930,2.259776,0.445051,83.939957,-0.224147,-7.066725,0.742161,0.667379,-0.042666,-0.044516
7226,0.185032,9.746727,1.544017,-39.741432,3.805514,-1.085162,82.617096,-0.201838,-6.967387,0.749847,0.658813,-0.041432,-0.044484
7227,0.188232,9.738382,1.776905,-36.940815,4.681365,-1.464829,81.338844,-0.140149,-6.833107,0.757181,0.650480,-0.039764,-0.044406
7228,0.181090,9.689862,1.984274,-32.820267,4.432600,-1.571347,80.176064,-0.065918,-6.691267,0.763774,0.642841,-0.038021,-0.044278
7229,0.155862,9.637464,2.151798,-29.201717,3.950362,-1.526807,79.142403,0.009931,-6.563075,0.769566,0.635996,-0.036399,-0.044179
7230,0.119193,9.596320,2.380063,-28.458038,3.635977,-1.273251,78.181580,0.080540,-6.448278,0.774894,0.629584,-0.034919,-0.044095
7231,0.116379,9.576591,2.463686,-28.399475,3.033188,-1.469858,77.234230,0.148880,-6.349435,0.780089,0.623211,-0.033550,-0.044081
7232,0.094675,9.542556,2.617856,-30.368782,2.598246,-2.168496,76.255096,0.229460,-6.271986,0.785391,0.616575,-0.032203,-0.044268
7233,0.080939,9.475649,2.860816,-30.847332,2.231967,-2.558907,75.235191,0.325691,-6.213336,0.790841,0.609611,-0.030832,-0.044660
7234,0.067033,9.450140,3.031615,-29.842762,1.313298,-2.787569,74.224014,0.427241,-6.179790,0.796171,0.602654,-0.029554,-0.045231
7235,0.080397,9.442163,3.086705,-28.413860,0.847813,-2.654558,73.253227,0.524458,-6.170608,0.801222,0.595924,-0.028442,-0.045921
7236,0.049602,9.384138,3.297763,-29.571337,-0.017471,-2.346051,72.286774,0.608181,-6.182085,0.806188,0.589173,-0.027524,-0.046670
7237,0.023819,9.295241,3.507418,-28.884073,-0.382254,-1.886503,71.312279,0.673158,-6.210494,0.811137,0.582312,-0.026810,-0.047433
7238,0.012666,9.261055,3.593334,-30.200333,-0.278578,-1.559722,70.327255,0.723798,-6.239803,0.816085,0.575329,-0.026188,-0.048125
7239,-0.002496,9.192144,3.735051,-31.090773,0.342385,-1.725822,69.305580,0.775539,-6.257721,0.821158,0.568045,-0.025476,-0.048741
7240,-0.045722,9.085609,3.966724,-31.593691,0.789400,-2.149842,68.260857,0.842535,-6.263488,0.826279,0.560558,-0.024575,-0.049340
7241,-0.074948,8.984435,4.143688,-30.634869,1.396651,-2.134445,67.223923,0.922392,-6.256775,0.831295,0.553088,-0.023516,-0.049897
7242,-0.082173,8.886361,4.287304,-30.291010,1.312657,-2.575312,66.208740,1.012292,-6.246302,0.836137,0.545737,-0.022366,-0.050454
7243,-0.104737,8.766494,4.418401,-30.942039,0.380245,-3.696745,65.187965,1.119184,-6.263580,0.840923,0.538302,-0.021212,-0.051280
7244,-0.136669,8.703275,4.638850,-31.870836,-0.044029,-3.867547,64.140167,1.235613,-6.312429,0.845749,0.530623,-0.020109,-0.052370
7245,-0.136415,8.642769,4.758414,-31.443089,-0.655999,-2.973248,63.083660,1.332581,-6.373573,0.850545,0.522828,-0.019184,-0.053449
7246,-0.126358,8.566221,4.853369,-30.577293,-0.897191,-2.165889,62.048603,1.396679,-6.436100,0.855181,0.515137,-0.018502,-0.054374
7247,-0.137819,8.483054,4.993379,-29.365038,-0.689774,-1.257797,61.048416,1.434235,-6.486609,0.859608,0.507659,-0.017969,-0.055078
7248,-0.146903,8.440343,5.153944,-25.648720,-0.044419,0.367477,60.131138,1.441110,-6.504606,0.863633,0.500762,-0.017554,-0.055386
7249,-0.133179,8.340017,5.216605,-23.642895,0.231654,1.527351,59.310131,1.415326,-6.486053,0.867216,0.494554,-0.017272,-0.055259
7250,-0.136543,8.242408,5.349445,-23.271309,0.257471,1.556519,58.529072,1.375464,-6.452584,0.870596,0.488622,-0.017056,-0.054951
7251,-0.140753,8.192587,5.545663,-23.592573,0.414524,0.979877,57.748806,1.345471,-6.420752,0.873928,0.482676,-0.016776,-0.054698
7252,-0.132085,8.161358,5.651212,-24.788219,0.716539,0.561924,56.943192,1.334018,-6.390975,0.877318,0.476520,-0.016355,-0.054539
7253,-0.133111,8.042553,5.758476,-26.253939,1.104005,0.311823,56.093327,1.338613,-6.357596,0.880842,0.470007,-0.015778,-0.054421
7254,-0.129552,7.982543,5.923890,-26.953680,1.241215,0.276875,55.207474,1.352559,-6.319756,0.884463,0.463194,-0.015096,-0.054305
7255,-0.110426,7.880124,6.039314,-26.907269,1.352468,0.518140,54.310871,1.366675,-6.276790,0.888076,0.456270,-0.014390,-0.054145
7256,-0.119141,7.766496,6.125460,-26.638052,1.164629,0.553413,53.419567,1.376973,-6.232375,0.891616,0.449358,-0.013714,-0.053950
7257,-0.129869,7.688941,6.233296,-25.225880,0.834885,0.478806,52.556118,1.383304,-6.195409,0.894992,0.442634,-0.013115,-0.053787
7258,-0.106952,7.651633,6.346107,-24.459122,0.665352,0.746015,51.728855,1.382547,-6.163140,0.898179,0.436164,-0.012609,-0.053625
7259,-0.121748,7.536201,6.474443,-23.883091,0.581264,0.863691,50.923996,1.374582,-6.130168,0.901239,0.429846,-0.012171,-0.053423
7260,-0.135035,7.473239,6.579065,-23.568005,0.042466,0.444216,50.133705,1.364361,-6.108289,0.904195,0.423618,-0.011802,-0.053295
7261,-0.124867,7.415943,6.663855,-22.824078,-0.294909,0.416897,49.360691,1.350729,-6.102227,0.907038,0.417505,-0.011528,-0.053276
7262,-0.115510,7.313422,6.757895,-22.516537,-0.453761,0.648997,48.605095,1.329152,-6.099995,0.909779,0.411507,-0.011340,-0.053256
7263,-0.139455,7.188413,6.855961,-21.951143,-0.769772,-0.017691,47.863815,1.307720,-6.108214,0.912424,0.405604,-0.011195,-0.053318
7264,-0.121517,7.143638,6.878443,-21.288038,-1.818220,-0.881235,47.142246,1.289666,-6.150133,0.914945,0.399839,-0.011150,-0.053659
7265,-0.123922,7.076101,7.015207,-22.953434,-1.677978,-1.407544,46.403385,1.277626,-6.218737,0.917475,0.393920,-0.011136,-0.054238
7266,-0.114718,6.979257,7.105977,-23.242470,-1.524007,-1.941482,45.631756,1.280735,-6.295886,0.920069,0.387727,-0.011007,-0.054942
7267,-0.104700,6.871057,7.218478,-23.496433,-1.502805,-2.351811,44.850876,1.296037,-6.382081,0.922644,0.381447,-0.010796,-0.055760
7268,-0.115191,6.794662,7.308240,-23.080517,-1.605206,-2.377608,44.072517,1.314290,-6.474624,0.925164,0.375170,-0.010572,-0.056639
7269,-0.129426,6.664233,7.437343,-22.429638,-0.979730,-2.237093,43.312077,1.336275,-6.560016,0.927584,0.369024,-0.010293,-0.057470
7270,-0.118469,6.599864,7.473000,-20.023932,-0.409193,-2.111837,42.602921,1.368700,-6.628832,0.929806,0.363285,-0.009892,-0.058193
7271,-0.130366,6.497593,7.577980,-18.773314,0.196433,-1.939275,41.955059,1.411485,-6.681164,0.931807,0.358036,-0.009378,-0.058807
7272,-0.150545,6.433368,7.585717,-17.769863,0.506043,-2.093273,41.344952,1.464877,-6.723594,0.933663,0.353090,-0.008761,-0.059366
7273,-0.150080,6.346292,7.665821,-18.176325,1.189506,-2.523468,40.744831,1.536713,-6.763064,0.935458,0.348225,-0.007983,-0.059950
7274,-0.165470,6.276903,7.704747,-18.694162,1.779881,-3.171867,40.129227,1.635939,-6.803192,0.937265,0.343236,-0.006969,-0.060616
7275,-0.197602,6.168516,7.805638,-19.303568,2.237511,-3.757718,39.494591,1.761317,-6.849022,0.939090,0.338093,-0.005740,-0.061398
7276,-0.228433,6.092061,7.858640,-20.549309,2.353350,-4.108593,38.828701,1.903438,-6.902356,0.940967,0.332692,-0.004370,-0.062278
7277,-0.249777,5.995842,7.955843,-22.503084,2.444776,-4.561712,38.108990,2.055942,-6.965779,0.942955,0.326842,-0.002904,-0.063259
7278,-0.285895,5.893287,8.018931,-23.503168,2.069271,-5.150646,37.339199,2.214491,-7.047839,0.945032,0.320571,-0.001400,-0.064394
7279,-0.325011,5.757565,8.192183,-24.988564,0.970489,-5.313861,36.526695,2.359810,-7.156896,0.947171,0.313928,-0.000039,-0.065699
7281,-0.332816,5.602251,8.272537,-27.403357,-0.689844,-4.709540,35.647995,2.462015,-7.289312,0.949439,0.306705,0.000958,-0.067066
7282,-0.335214,5.425880,8.356173,-28.927073,-2.061804,-4.605709,34.702576,2.513969,-7.442896,0.951828,0.298888,0.001542,-0.068466
7283,-0.325105,5.228807,8.457676,-30.559225,-2.873779,-4.527808,33.703636,2.531533,-7.615272,0.954287,0.290591,0.001848,-0.069929
7284,-0.303998,5.067097,8.560019,-31.562763,-2.819067,-3.703712,32.661011,2.527218,-7.782222,0.956790,0.281897,0.002038,-0.071293
7285,-0.282702,4.886685,8.599387,-31.769783,-1.693190,-3.181732,31.599510,2.524497,-7.919546,0.959275,0.273024,0.002348,-0.072415
7286,-0.291386,4.743915,8.678492,-30.975773,-0.623782,-3.264016,30.548883,2.546789,-8.031533,0.961659,0.264232,0.002941,-0.073381
7287,-0.297108,4.590180,8.796718,-31.683266,0.851528,-2.751199,29.500843,2.600206,-8.116438,0.963962,0.255458,0.003872,-0.074183
7288,-0.320681,4.448815,8.884707,-30.516911,2.140685,-1.928632,28.462229,2.681523,-8.160469,0.966181,0.246757,0.005136,-0.074688
7289,-0.335948,4.267888,9.001498,-30.543846,2.566178,-1.493663,27.443983,2.777449,-8.174031,0.968293,0.238216,0.006582,-0.074951
7290,-0.334941,4.123056,9.075481,-31.214745,2.694098,-0.651271,26.415146,2.871752,-8.166176,0.970365,0.229565,0.008070,-0.075009
7291,-0.351564,3.922989,9.154454,-31.321074,2.712134,0.191123,25.374615,2.956089,-8.133708,0.972401,0.220789,0.009530,-0.074817
7292,-0.379495,3.762834,9.196135,-30.522535,2.124389,0.468909,24.346266,3.024538,-8.089810,0.974348,0.212088,0.010864,-0.074479
7293,-0.378609,3.606673,9.281590,-31.033230,1.368790,0.559003,23.322508,3.070861,-8.050605,0.976213,0.203396,0.011994,-0.074126
7294,-0.386142,3.439788,9.337153,-30.901508,1.540940,0.653673,22.292372,3.107744,-8.013182,0.978013,0.194628,0.013038,-0.073757
7295,-0.408955,3.305583,9.415017,-30.173124,1.461325,-0.028362,21.276093,3.150324,-7.984885,0.979704,0.185967,0.014102,-0.073465
7296,-0.408688,3.165773,9.459814,-29.372961,1.682324,-0.786699,20.284073,3.204172,-7.978974,0.981263,0.177508,0.015208,-0.073371
7297,-0.388622,3.019338,9.518481,-28.266047,1.489763,-1.006374,19.322929,3.264079,-7.989160,0.982690,0.169307,0.016322,-0.073414
7298,-0.394303,2.866446,9.539099,-27.316275,1.179675,-1.181792,18.395470,3.317985,-8.009326,0.983996,0.161381,0.017351,-0.073527
7299,-0.402769,2.727096,9.573613,-26.598412,0.419435,-1.253449,17.495184,3.355862,-8.039789,0.985201,0.153671,0.018213,-0.073700
7300,-0.402969,2.573630,9.580112,-25.714199,0.155114,-0.696428,16.621700,3.374568,-8.068138,0.986319,0.146173,0.018899,-0.073826
7301,-0.406523,2.443509,9.639759,-25.303007,-0.060384,0.193242,15.771016,3.378395,-8.075788,0.987371,0.138850,0.019470,-0.073754
7302,-0.415573,2.304429,9.664381,-25.383142,-0.309445,0.684639,14.927030,3.368530,-8.063316,0.988378,0.131566,0.019942,-0.073490
7303,-0.412743,2.175627,9.711971,-25.103148,-0.796544,0.800652,14.086775,3.344460,-8.043959,0.989337,0.124298,0.020293,-0.073150
7304,-0.406483,2.046505,9.720460,-24.968088,-0.596979,1.073834,13.253745,3.314510,-8.019080,0.990240,0.117081,0.020591,-0.072756
7305,-0.396453,1.896337,9.771964,-24.652966,-0.740755,1.281396,12.428697,3.284031,-7.985703,0.991088,0.109925,0.020883,-0.072289
7306,-0.384846,1.746708,9.795901,-23.809889,-0.988305,1.109002,11.622908,3.247536,-7.952703,0.991868,0.102926,0.021104,-0.071823
7307,-0.369401,1.614779,9.827579,-22.623484,-0.834553,1.098353,10.850758,3.210581,-7.922505,0.992569,0.096213,0.021293,-0.071388
7308,-0.369230,1.509688,9.844336,-21.704088,-0.406137,1.160947,10.113858,3.183395,-7.889185,0.993196,0.089806,0.021542,-0.070940
7309,-0.359478,1.404321,9.861990,-20.711401,-0.879541,0.698621,9.408457,3.157015,-7.862215,0.993754,0.083670,0.021769,-0.070554
7310,-0.356988,1.289891,9.868087,-20.939423,-0.870755,0.359892,8.715005,3.125456,-7.849390,0.994259,0.077634,0.021930,-0.070289
7311,-0.354688,1.193234,9.852809,-20.683693,-0.823816,0.272938,8.021657,3.095997,-7.843054,0.994723,0.071599,0.022103,-0.070083
7312,-0.361827,1.075346,9.873681,-20.342487,-0.476254,0.045593,7.338042,3.073819,-7.840683,0.995140,0.065650,0.022330,-0.069917
7313,-0.350007,0.916949,9.891376,-20.658995,-0.175991,0.073072,6.654746,3.062798,-7.840026,0.995517,0.059708,0.022651,-0.069772
7314,-0.346170,0.791377,9.898125,-20.888569,0.290587,0.265344,5.962625,3.064074,-7.834186,0.995863,0.053694,0.023086,-0.069583
7315,-0.350160,0.691160,9.907445,-20.245302,0.389419,0.321806,5.277671,3.074382,-7.823300,0.996170,0.047744,0.023595,-0.069353
7316,-0.352863,0.601848,9.908086,-19.226612,0.395175,0.369111,4.620509,3.086412,-7.810677,0.996432,0.042035,0.024102,-0.069111
7317,-0.353804,0.487391,9.936653,-18.603111,0.165937,0.483553,3.990838,3.094667,-7.795782,0.996654,0.036561,0.024558,-0.068851
7318,-0.365667,0.397235,9.924599,-17.187637,0.110664,0.605621,3.395339,3.098093,-7.777354,0.996841,0.031379,0.024950,-0.068563
7319,-0.362748,0.327109,9.940963,-16.176481,0.061500,0.526265,2.840314,3.099925,-7.758336,0.996992,0.026547,0.025302,-0.068276
7320,-0.346952,0.231771,9.927855,-15.430803,-0.048718,0.359931,2.314337,3.099475,-7.743551,0.997112,0.021967,0.025614,-0.068030
7321,-0.344574,0.108205,9.942646,-15.660226,-0.100969,0.044053,1.796524,3.096747,-7.736908,0.997206,0.017458,0.025899,-0.067856
7322,-0.333504,0.034473,9.902891,-15.059557,-0.157809,0.222569,1.284773,3.092328,-7.732578,0.997278,0.013001,0.026164,-0.067701
7323,-0.325996,-0.042864,9.924054,-14.852553,-0.594620,0.353782,0.786753,3.079609,-7.723188,0.997333,0.008657,0.026348,-0.067505
7324,-0.331999,-0.128278,9.925349,-13.820008,-0.942927,0.839006,0.309938,3.053791,-7.703543,0.997378,0.004488,0.026404,-0.067223
7325,-0.331153,-0.191665,9.928886,-11.902409,-0.905164,1.392894,-0.116790,3.022908,-7.666358,0.997417,0.000747,0.026386,-0.066802
7326,-0.324798,-0.223620,9.952333,-9.705507,-1.055086,1.919316,-0.474008,2.990500,-7.610914,0.997454,-0.002394,0.026311,-0.066238
7327,-0.326236,-0.269363,9.955668,-7.638252,-0.908976,1.974228,-0.759678,2.958444,-7.545596,0.997490,-0.004914,0.026194,-0.065606
7328,-0.319072,-0.289268,9.952109,-4.898021,-0.410371,1.842977,-0.965320,2.937404,-7.481569,0.997520,-0.006731,0.026125,-0.065003
7329,-0.313282,-0.300561,9.952361,-2.319865,-0.362484,1.620143,-1.082649,2.925546,-7.423551,0.997548,-0.007772,0.026084,-0.064473
7330,-0.309852,-0.309894,9.956542,-0.384441,-0.479973,1.270629,-1.125251,2.912427,-7.375049,0.997575,-0.008162,0.025990,-0.064042
7331,-0.299791,-0.329812,9.943034,1.398385,-0.609702,0.985201,-1.106428,2.894996,-7.337059,0.997602,-0.008016,0.025826,-0.063717
7332,-0.290130,-0.326138,9.942839,3.352066,-1.049248,0.829473,-1.025707,2.867909,-7.306268,0.997630,-0.007335,0.025543,-0.063470
7333,-0.288277,-0.293418,9.940145,4.283450,-1.449135,0.682906,-0.897162,2.826694,-7.280336,0.997661,-0.006245,0.025111,-0.063276
7334,-0.289774,-0.286540,9.945887,4.222995,-1.855081,0.420373,-0.754451,2.771891,-7.261134,0.997690,-0.005037,0.024555,-0.063144
7335,-0.286137,-0.266379,9.922769,4.058698,-2.251814,0.151738,-0.615929,2.703560,-7.250765,0.997715,-0.003871,0.023883,-0.063088
7336,-0.283234,-0.230621,9.902011,3.537359,-2.089995,-0.219127,-0.489350,2.631186,-7.251185,0.997733,-0.002809,0.023183,-0.063121
7337,-0.273113,-0.191847,9.910540,2.062425,-1.926608,-0.658648,-0.396662,2.564128,-7.265308,0.997740,-0.002036,0.022549,-0.063266
7338,-0.261072,-0.193436,9.899796,1.469472,-1.888337,-0.927263,-0.338950,2.500373,-7.291352,0.997739,-0.001564,0.021962,-0.063506
7339,-0.248122,-0.178166,9.901201,1.402915,-1.497586,-0.910529,-0.292387,2.443771,-7.321696,0.997733,-0.001184,0.021444,-0.063781
7340,-0.242556,-0.174847,9.911296,1.278376,-1.254843,-0.819021,-0.248909,2.397761,-7.350330,0.997726,-0.000826,0.021019,-0.064040
7341,-0.237161,-0.172722,9.917655,1.205682,-1.369140,-0.639010,-0.208510,2.353931,-7.374477,0.997720,-0.000494,0.020615,-0.064259
7342,-0.234918,-0.176189,9.915053,1.398436,-1.378120,-0.462050,-0.165848,2.308085,-7.392694,0.997718,-0.000146,0.020192,-0.064426
7343,-0.229596,-0.153744,9.931726,1.109016,-1.251262,-0.329341,-0.124578,2.264229,-7.405784,0.997718,0.000191,0.019787,-0.064549
7344,-0.217935,-0.155735,9.914349,1.210257,-1.405180,-0.309547,-0.086337,2.219936,-7.416360,0.997720,0.000501,0.019380,-0.064648
7345,-0.209931,-0.143666,9.904102,1.370993,-1.449247,-0.341633,-0.043730,2.172349,-7.427165,0.997721,0.000847,0.018941,-0.064750
7346,-0.203288,-0.132467,9.906366,1.228105,-1.168285,-0.399657,-0.000875,2.128720,-7.439513,0.997721,0.001197,0.018537,-0.064865
7347,-0.202105,-0.114867,9.906828,1.259226,-0.878138,-0.318818,0.040138,2.094616,-7.451508,0.997719,0.001537,0.018217,-0.064976
7348,-0.213683,-0.123434,9.894829,1.928162,-0.644356,-0.184572,0.092955,2.069252,-7.459934,0.997718,0.001984,0.017966,-0.065058
7349,-0.218079,-0.083368,9.911527,2.310284,-0.187689,0.141945,0.163569,2.055386,-7.460677,0.997718,0.002591,0.017805,-0.065076
7350,-0.221154,-0.063506,9.931187,2.669666,0.290392,0.523402,0.246966,2.057060,-7.449577,0.997722,0.003316,0.017772,-0.064992
7351,-0.225927,-0.057655,9.932291,3.305528,0.433183,0.958277,0.347445,2.068993,-7.424809,0.997731,0.004194,0.017820,-0.064792
7352,-0.217380,-0.026242,9.940808,4.219377,0.133841,1.347383,0.474254,2.078170,-7.386291,0.997746,0.005297,0.017830,-0.064477
7353,-0.210289,-0.008142,9.946920,4.887563,-0.456973,1.638831,0.627836,2.072307,-7.336538,0.997767,0.006624,0.017696,-0.064067
7354,-0.217279,0.003647,9.920616,5.433656,-0.953180,1.522857,0.801739,2.048150,-7.284101,0.997789,0.008116,0.017392,-0.063636
7355,-0.211077,0.039439,9.912452,5.381292,-1.442164,1.376359,0.983675,2.007476,-7.236374,0.997807,0.009671,0.016940,-0.063245
7356,-0.198804,0.078662,9.929453,5.192868,-1.672179,1.181032,1.161349,1.954780,-7.194697,0.997822,0.011183,0.016388,-0.062905
7357,-0.196240,0.079785,9.916483,5.204255,-1.635152,0.889573,1.335752,1.898917,-7.161376,0.997831,0.012667,0.015809,-0.062634
7358,-0.183020,0.117585,9.893136,4.832552,-1.505029,0.509611,1.503751,1.846015,-7.139348,0.997831,0.014098,0.015259,-0.062460
7359,-0.168858,0.158245,9.910771,3.975680,-1.348999,-0.074816,1.650742,1.798263,-7.133411,0.997823,0.015351,0.014764,-0.062422
7360,-0.156800,0.165838,9.915190,4.353256,-1.127389,-0.003093,1.789477,1.757041,-7.135947,0.997808,0.016537,0.014329,-0.062457
7361,-0.158706,0.185100,9.929089,4.588832,-1.516130,-0.042762,1.938445,1.713032,-7.138149,0.997790,0.017811,0.013864,-0.062488
7362,-0.171001,0.226166,9.943832,4.401765,-2.087872,-0.564621,2.087929,1.653358,-7.150379,0.997768,0.019082,0.013261,-0.062604
7363,-0.165020,0.262581,9.959281,4.378068,-2.828901,-0.848435,2.233508,1.572352,-7.177006,0.997739,0.020308,0.012472,-0.062839
7364,-0.148632,0.290012,9.925653,5.450036,-3.019063,-0.767545,2.396488,1.476050,-7.207857,0.997705,0.021678,0.011538,-0.063109
7365,-0.141833,0.303161,9.923336,5.037232,-2.990984,-1.115442,2.570387,1.377340,-7.243568,0.997663,0.023142,0.010576,-0.063419
7366,-0.116762,0.326975,9.881077,4.062811,-2.619564,-1.318372,2.721009,1.285798,-7.288413,0.997617,0.024407,0.009686,-0.063804
7367,-0.096530,0.340261,9.895271,2.101045,-1.601197,-1.181017,2.822754,1.217544,-7.333431,0.997577,0.025258,0.009025,-0.064191
7368,-0.093624,0.341051,9.866763,0.932650,0.271704,-0.961261,2.872539,1.197182,-7.370199,0.997548,0.025683,0.008811,-0.064510
7369,-0.105988,0.317305,9.917446,-1.293404,1.532805,-0.750669,2.865950,1.228645,-7.397201,0.997530,0.025645,0.009083,-0.064752
7370,-0.121895,0.338427,9.902166,-3.344020,1.898288,-0.535503,2.788248,1.286813,-7.415801,0.997531,0.025003,0.009629,-0.064919
7371,-0.143336,0.311081,9.928472,-4.332066,2.361743,-0.210477,2.660103,1.358320,-7.424853,0.997545,0.023929,0.010322,-0.065001
7372,-0.147072,0.316740,9.898626,-4.541420,2.402781,0.419731,2.512382,1.437487,-7.417785,0.997569,0.022687,0.011097,-0.064941
7373,-0.156367,0.287008,9.950223,-4.350961,0.800385,0.634888,2.364679,1.490070,-7.397946,0.997603,0.021428,0.011642,-0.064763
7374,-0.156072,0.278604,9.912048,-4.139126,0.237132,1.019422,2.223913,1.506243,-7.369712,0.997642,0.020209,0.011867,-0.064505
7375,-0.162658,0.226637,9.955310,-2.958799,0.258016,1.269673,2.106626,1.513043,-7.331268,0.997683,0.019188,0.011999,-0.064160
7376,-0.169590,0.250710,9.938137,-0.518372,-0.258485,1.243733,2.049779,1.511511,-7.289392,0.997716,0.018687,0.012024,-0.063789
7377,-0.173054,0.232607,9.955469,2.379972,-0.384312,1.251364,2.081886,1.499299,-7.248208,0.997735,0.018956,0.011907,-0.063432
7378,-0.177824,0.285963,9.925615,3.873306,0.556761,1.794594,2.187437,1.500271,-7.197356,0.997745,0.019870,0.011866,-0.063000
7379,-0.180123,0.290667,9.905318,5.545565,0.373495,2.327143,2.346243,1.513045,-7.128085,0.997753,0.021253,0.011903,-0.062416
7380,-0.175785,0.321367,9.855799,6.482319,0.016269,3.061115,2.549085,1.515698,-7.038049,0.997762,0.023011,0.011833,-0.061653
7381,-0.168514,0.369785,9.886787,5.386557,0.162586,3.756941,2.749902,1.513427,-6.924354,0.997781,0.024747,0.011730,-0.060683
7382,-0.164879,0.421738,9.934210,3.805578,-0.327420,4.173524,2.906578,1.504180,-6.792430,0.997817,0.026093,0.011596,-0.059549
7384,-0.156628,0.409478,9.939449,4.214381,-1.313362,4.274241,3.043852,1.469582,-6.653190,0.997861,0.027256,0.011257,-0.058342
7385,-0.154500,0.459410,9.951060,3.292364,-2.763478,4.593176,3.172550,1.393718,-6.509250,0.997912,0.028326,0.010566,-0.057084
7386,-0.130788,0.556043,9.975004,2.256005,-3.687479,4.405525,3.268361,1.277959,-6.365491,0.997972,0.029091,0.009547,-0.055812
7387,-0.109116,0.524044,9.983424,1.393694,-3.840934,4.112592,3.332021,1.144530,-6.230937,0.998034,0.029571,0.008389,-0.054613
7388,-0.096109,0.497847,9.928652,0.709596,-3.283273,3.499207,3.369332,1.018589,-6.111201,0.998093,0.029829,0.007305,-0.053541
7389,-0.080790,0.544612,9.866280,-2.672302,-1.913751,2.595896,3.338256,0.926182,-6.014839,0.998154,0.029510,0.006540,-0.052676
7390,-0.074506,0.542684,9.873146,-4.676013,0.512021,1.898571,3.216958,0.898601,-5.941353,0.998221,0.028437,0.006373,-0.052023
7391,-0.085404,0.430182,9.942862,-5.236185,2.095782,1.758192,3.052781,0.938682,-5.878087,0.998286,0.027021,0.006812,-0.051471
7392,-0.118224,0.403020,9.942811,-5.622487,2.286412,1.559824,2.872815,1.008766,-5.819061,0.998347,0.025481,0.007517,-0.050962
7393,-0.114556,0.196733,10.008671,-6.716990,1.917036,1.622385,2.668185,1.076182,-5.762689,0.998410,0.023724,0.008207,-0.050470
7394,-0.113124,0.161800,10.052762,-5.753186,0.014075,1.126455,2.461246,1.106288,-5.715484,0.998469,0.021930,0.008569,-0.050050
7395,-0.091331,0.165867,10.058932,-4.369716,-2.494716,1.027267,2.293173,1.063496,-5.681355,0.998519,0.020445,0.008276,-0.049732
7396,-0.043221,0.197092,9.896692,-3.346264,-4.879970,1.488097,2.165215,0.939047,-5.644274,0.998568,0.019274,0.007253,-0.049380
7397,0.017866,0.140761,9.760560,-2.254117,-6.027777,2.450961,2.072742,0.754942,-5.585415,0.998621,0.018386,0.005698,-0.048833
7398,0.030834,0.310385,9.648091,-1.186345,-5.239671,2.539489,2.016288,0.564293,-5.509012,0.998674,0.017811,0.004072,-0.048135
7399,0.023580,0.312883,9.726763,-1.580303,-2.721462,3.293331,1.970984,0.428300,-5.416481,0.998725,0.017356,0.002920,-0.047307
7400,0.019025,0.210797,9.838020,-0.785908,-0.676024,3.349814,1.932329,0.367937,-5.307741,0.998778,0.016992,0.002426,-0.046349
7401,-0.021795,0.178157,9.960630,-0.979275,0.463321,2.180965,1.903512,0.361303,-5.215728,0.998819,0.016737,0.002393,-0.045546
7402,-0.053213,0.245308,10.064500,-1.202749,0.721032,0.592479,1.867455,0.379514,-5.168875,0.998842,0.016429,0.002573,-0.045139
7403,-0.042654,0.279256,10.080880,-0.288851,-0.406660,-0.216262,1.842641,0.384553,-5.162437,0.998848,0.016214,0.002628,-0.045083
7404,0.004980,0.245398,9.966743,1.035317,-1.891684,-0.303232,1.855019,0.346547,-5.172330,0.998844,0.016307,0.002290,-0.045165
7405,0.041549,0.255905,9.836156,1.173645,-2.234159,-0.406976,1.891759,0.278208,-5.186409,0.998835,0.016601,0.001678,-0.045278
7406,0.057759,0.306998,9.791384,0.843738,-1.166813,-0.368804,1.925317,0.221987,-5.201220,0.998826,0.016871,0.001173,-0.045400
7407,0.064409,0.305191,9.814765,0.642156,0.451385,0.027963,1.950058,0.210262,-5.207303,0.998820,0.017082,0.001060,-0.045451
7408,0.039015,0.205822,9.956006,-0.490688,1.441022,0.830620,1.952643,0.241297,-5.191929,0.998825,0.017117,0.001331,-0.045322
7409,0.005885,0.165225,10.017076,-0.835203,1.370357,0.330128,1.930641,0.287473,-5.171010,0.998835,0.016943,0.001746,-0.045146
7410,-0.022841,0.227366,10.011229,-1.895286,0.636099,-0.402310,1.885134,0.320936,-5.171100,0.998841,0.016560,0.002055,-0.045151
7411,-0.038689,0.183501,10.022973,-2.033597,0.207143,-0.481659,1.819572,0.335462,-5.185376,0.998844,0.015994,0.002206,-0.045276
7412,-0.038609,0.139884,9.992830,-2.468197,-0.441519,-0.870772,1.744411,0.332259,-5.208031,0.998846,0.015338,0.002205,-0.045472
7413,-0.020929,0.183473,9.885079,-2.315210,-0.695038,-1.932816,1.664421,0.314716,-5.255304,0.998838,0.014635,0.002077,-0.045880
7414,-0.011723,0.240009,9.889693,-3.170228,-0.126050,-2.451628,1.572601,0.303107,-5.328738,0.998820,0.013831,0.002004,-0.046517
7415,-0.017596,0.190139,9.931276,-3.036072,0.447623,-1.940441,1.468768,0.310406,-5.401766,0.998802,0.012930,0.002102,-0.047152
7416,-0.006083,0.149206,9.937966,-2.811941,0.415500,-1.795478,1.370954,0.326327,-5.463653,0.998786,0.012086,0.002274,-0.047692
7417,-0.018170,0.149373,9.961968,-2.720828,0.036876,-1.710023,1.278405,0.335215,-5.521889,0.998771,0.011284,0.002384,-0.048198
7418,-0.030255,0.185716,9.949373,-2.722834,-0.215156,-1.304124,1.187386,0.333325,-5.572181,0.998759,0.010491,0.002402,-0.048635
7419,-0.031868,0.121328,9.932744,-1.937447,-0.218415,-0.446552,1.109547,0.326682,-5.601500,0.998753,0.009810,0.002374,-0.048888
7420,-0.024046,0.117070,9.951935,-1.596256,-0.160656,-0.675441,1.050546,0.320715,-5.620317,0.998750,0.009294,0.002346,-0.049050
7421,-0.034613,0.159126,9.953574,-1.193792,-0.052522,-1.087438,1.003881,0.317691,-5.649757,0.998741,0.008886,0.002337,-0.049306
7422,-0.024444,0.150890,9.929195,0.409777,0.296716,-1.398725,0.990583,0.322483,-5.691116,0.998725,0.008773,0.002381,-0.049666
7423,-0.031753,0.126996,9.944422,1.747752,0.471986,-1.693226,1.026246,0.336205,-5.742415,0.998699,0.009091,0.002482,-0.050115
7424,-0.036525,0.142326,9.952975,2.179279,0.305484,-1.812248,1.091347,0.350245,-5.800591,0.998668,0.009666,0.002571,-0.050625
7425,-0.033737,0.144327,9.914581,2.888524,0.149652,-2.045712,1.175415,0.359102,-5.864728,0.998632,0.010404,0.002605,-0.051186
7426,-0.037762,0.130469,9.890801,2.993363,0.074685,-2.134215,1.273008,0.364330,-5.934297,0.998591,0.011258,0.002600,-0.051795
7427,-0.045804,0.179275,9.919221,1.822540,0.304940,-2.021295,1.352829,0.372242,-6.003393,0.998551,0.011959,0.002626,-0.052400
7428,-0.046635,0.189023,9.917376,0.734223,0.495544,-1.520792,1.395052,0.386990,-6.062096,0.998519,0.012335,0.002728,-0.052914
7429,-0.060045,0.202227,9.911559,0.373779,0.857094,-1.316317,1.413192,0.410683,-6.108816,0.998495,0.012505,0.002921,-0.053324
7430,-0.072198,0.214793,9.944809,-0.281111,1.056967,-0.815815,1.414476,0.443450,-6.143557,0.998477,0.012533,0.003203,-0.053630
7431,-0.063480,0.216073,9.954364,-0.313387,0.979096,-0.474008,1.404400,0.477901,-6.164213,0.998467,0.012462,0.003505,-0.053814
7432,-0.064527,0.219909,9.939754,-0.565370,0.698203,-0.264955,1.389653,0.506148,-6.175844,0.998462,0.012347,0.003757,-0.053917
7433,-0.067509,0.211929,9.955264,-0.901278,0.145669,-0.121516,1.365154,0.520363,-6.181947,0.998461,0.012140,0.003892,-0.053971
7434,-0.061320,0.186696,9.958206,-1.334949,-0.486255,0.275226,1.327906,0.514628,-6.179522,0.998466,0.011813,0.003860,-0.053948
7435,-0.058497,0.156086,9.950135,-1.785576,-0.976307,0.484279,1.276003,0.489969,-6.167422,0.998478,0.011349,0.003670,-0.053839
7436,-0.064532,0.161772,9.964473,-2.703173,-1.336623,0.555998,1.201326,0.451054,-6.150920,0.998495,0.010679,0.003368,-0.053689
7437,-0.053888,0.134129,9.959910,-2.735736,-1.754900,0.923745,1.110852,0.399043,-6.127303,0.998516,0.009866,0.002959,-0.053476
7438,-0.043456,0.106638,9.910517,-2.383863,-2.083167,1.332693,1.025759,0.334382,-6.090896,0.998542,0.009094,0.002438,-0.053152
7439,-0.041246,0.110412,9.911511,-2.462273,-1.840707,1.283862,0.945215,0.268241,-6.048421,0.998570,0.008360,0.001902,-0.052775
7440,-0.038906,0.122331,9.895138,-2.206333,-1.663792,1.408987,0.867588,0.209130,-6.004467,0.998596,0.007656,0.001426,-0.052387
7441,-0.027254,0.071218,9.876550,-1.527758,-1.392241,1.685179,0.805517,0.157447,-5.953648,0.998625,0.007091,0.001007,-0.051940
7442,-0.027515,0.053480,9.870320,-1.316287,-0.891769,1.332689,0.758239,0.118694,-5.903875,0.998650,0.006661,0.000694,-0.051504
7443,-0.018781,0.071805,9.938399,-1.611350,-0.220368,0.632288,0.709508,0.099741,-5.871364,0.998668,0.006228,0.000552,-0.051219
7444,-0.011065,0.081928,9.933576,-1.343175,-0.316532,0.171457,0.660288,0.090636,-5.858073,0.998676,0.005795,0.000495,-0.051103
7445,-0.002238,0.043683,9.932499,-1.435161,-0.278460,-0.260379,0.613980,0.080738,-5.859666,0.998678,0.005387,0.000430,-0.051116
7446,-0.004155,0.045034,9.948127,-1.620306,-0.304490,-0.525890,0.563038,0.071159,-5.872869,0.998675,0.004939,0.000368,-0.051230
7447,-0.009886,0.039425,9.960689,-1.796248,-0.614301,-0.492319,0.506076,0.056006,-5.889982,0.998669,0.004436,0.000261,-0.051379
7448,-0.015550,0.007254,9.918365,-1.294752,-0.785191,-0.344306,0.454549,0.032798,-5.904122,0.998665,0.003976,0.000082,-0.051501
7449,-0.021176,-0.013662,9.921805,-1.211492,-0.765271,-0.159669,0.412775,0.007021,-5.912718,0.998663,0.003601,-0.000125,-0.051575
7450,-0.030639,-0.002690,9.935827,-0.911525,-0.678121,-0.020812,0.377392,-0.017014,-5.915893,0.998662,0.003281,-0.000318,-0.051602
7451,-0.015334,0.006634,9.929214,-0.706038,-0.389538,0.159246,0.350432,-0.034823,-5.913699,0.998664,0.003038,-0.000461,-0.051583
7452,-0.008345,-0.015907,9.915174,-0.204529,-0.126952,0.232489,0.335252,-0.043471,-5.907221,0.998667,0.002902,-0.000530,-0.051526
7453,-0.013962,0.034493,9.948575,0.014819,-0.204637,0.305734,0.332083,-0.049050,-5.898283,0.998671,0.002872,-0.000577,-0.051448
7454,-0.003116,0.053167,9.976926,0.356517,-0.180095,0.517837,0.338259,-0.055542,-5.884594,0.998677,0.002923,-0.000636,-0.051329
7455,0.006591,0.041561,9.954716,0.608211,-0.563046,0.760459,0.354316,-0.068057,-5.863366,0.998686,0.003058,-0.000751,-0.051143
7456,-0.007244,0.035774,9.947007,0.485972,-1.060413,0.658221,0.372518,-0.095264,-5.839892,0.998696,0.003204,-0.000996,-0.050938
7457,-0.001697,0.065801,9.948605,0.072353,-1.304418,0.592605,0.381781,-0.134814,-5.819304,0.998705,0.003268,-0.001344,-0.050757
7458,0.013304,0.037236,9.916408,-0.120021,-1.350087,0.716205,0.380927,-0.179199,-5.797783,0.998714,0.003241,-0.001730,-0.050568
7459,0.005817,-0.005071,9.894560,-0.195176,-1.404884,0.670427,0.375594,-0.225267,-5.774977,0.998724,0.003174,-0.002128,-0.050368
7460,-0.000801,0.020014,9.905226,-0.361949,-1.142175,0.325568,0.366238,-0.267824,-5.758651,0.998730,0.003075,-0.002495,-0.050225
7461,0.004350,0.046237,9.913212,-0.328617,-0.905341,0.125671,0.354691,-0.301996,-5.751344,0.998733,0.002959,-0.002787,-0.050160
7462,0.007579,0.040408,9.919670,-0.022053,-0.728000,0.172974,0.348820,-0.329248,-5.746533,0.998735,0.002896,-0.003022,-0.050118
7463,0.008620,0.027962,9.917789,0.171534,-0.443820,0.038691,0.351291,-0.348800,-5.743125,0.998736,0.002909,-0.003194,-0.050087
7464,0.015180,0.054284,9.919293,0.204954,-0.246614,-0.094066,0.357572,-0.360301,-5.744120,0.998735,0.002959,-0.003297,-0.050096
7465,0.020895,0.049210,9.927121,0.308643,-0.176088,-0.120008,0.366155,-0.367324,-5.747733,0.998733,0.003031,-0.003362,-0.050127
7466,0.024086,0.036866,9.917207,0.482448,0.030223,-0.214616,0.379376,-0.369718,-5.753325,0.998730,0.003145,-0.003388,-0.050175
7467,0.022163,0.057580,9.922305,0.550981,0.212122,-0.350426,0.396660,-0.365615,-5.762715,0.998725,0.003297,-0.003361,-0.050256
7468,0.014998,0.082053,9.946941,0.650185,0.212469,-0.419095,0.416760,-0.358448,-5.775491,0.998719,0.003475,-0.003307,-0.050367
7469,0.009185,0.058738,9.940503,0.863814,0.225067,-0.335172,0.442070,-0.351062,-5.788007,0.998713,0.003698,-0.003254,-0.050476
7470,0.003872,0.058828,9.934623,0.856063,0.088156,-0.313811,0.470801,-0.345755,-5.798781,0.998708,0.003951,-0.003221,-0.050569
7471,0.002592,0.070748,9.928426,0.836115,-0.033479,-0.338229,0.499069,-0.344752,-5.809640,0.998702,0.004197,-0.003225,-0.050663
7472,0.011821,0.061561,9.920662,0.802408,-0.289429,-0.416053,0.526454,-0.350021,-5.822260,0.998695,0.004433,-0.003284,-0.050772
7473,0.007546,0.048745,9.913625,0.420667,-0.482833,-0.472515,0.546932,-0.362753,-5.837188,0.998687,0.004605,-0.003404,-0.050901
7474,0.009052,0.092781,9.915719,0.061905,-0.464111,-0.823480,0.555116,-0.378328,-5.858939,0.998677,0.004669,-0.003545,-0.051090
7475,0.015623,0.087772,9.913801,-0.046476,-0.425563,-0.818906,0.555558,-0.392890,-5.886454,0.998664,0.004666,-0.003673,-0.051329
7476,0.018446,0.081785,9.932183,-0.251037,-0.509106,-0.629694,0.550769,-0.408234,-5.910748,0.998653,0.004616,-0.003806,-0.051540
7477,0.012401,0.088918,9.920127,-0.254170,-0.435447,-0.496943,0.542486,-0.423798,-5.929674,0.998644,0.004536,-0.003938,-0.051705
7478,0.018450,0.081550,9.915072,-0.219146,-0.464003,-0.431331,0.534715,-0.438642,-5.945287,0.998637,0.004461,-0.004065,-0.051840
7479,0.008236,0.062643,9.918787,-0.060613,-0.643591,-0.322993,0.530153,-0.456985,-5.958030,0.998631,0.004413,-0.004223,-0.051951
7480,0.013020,0.074473,9.933307,-0.103520,-0.452335,-0.338257,0.527508,-0.475147,-5.969219,0.998625,0.004381,-0.004380,-0.052048
7481,0.020523,0.093249,9.934965,-0.185980,-0.456420,-0.316898,0.522776,-0.490193,-5.980277,0.998620,0.004333,-0.004510,-0.052144
7482,0.014862,0.052178,9.935561,0.059553,-0.796194,-0.306219,0.520762,-0.510974,-5.990853,0.998615,0.004305,-0.004690,-0.052235
7483,0.019123,0.059450,9.915015,0.112694,-0.827702,-0.425244,0.523747,-0.537927,-6.003290,0.998608,0.004318,-0.004927,-0.052342
7484,0.029211,0.084138,9.922974,-0.285715,-0.796670,-0.265025,0.520976,-0.564893,-6.015041,0.998601,0.004281,-0.005161,-0.052443
7485,0.021126,0.087709,9.923180,-0.258284,-0.916677,-0.223830,0.511994,-0.593375,-6.023447,0.998597,0.004190,-0.005406,-0.052516
7487,0.016229,0.062698,9.921462,-0.168364,-0.853485,-0.181108,0.504958,-0.622817,-6.030457,0.998592,0.004115,-0.005659,-0.052576
7488,0.023408,0.080352,9.913237,-0.253943,-0.517124,-0.097187,0.497973,-0.645619,-6.035295,0.998589,0.004043,-0.005855,-0.052618
7489,0.024016,0.100012,9.944051,-0.388198,-0.206698,-0.094141,0.487308,-0.657655,-6.038587,0.998588,0.003944,-0.005955,-0.052647
7490,0.033273,0.074340,9.942350,-0.089105,-0.093130,-0.150607,0.479401,-0.662617,-6.042708,0.998586,0.003873,-0.005995,-0.052683
7491,0.030024,0.056252,9.927271,0.104545,-0.011619,-0.219277,0.479730,-0.664311,-6.048888,0.998583,0.003875,-0.006010,-0.052736
7492,0.030191,0.085245,9.928893,0.217368,0.137048,-0.376452,0.485209,-0.662137,-6.058799,0.998578,0.003923,-0.005994,-0.052823
7493,0.019927,0.091041,9.953999,0.099906,0.024821,-0.371880,0.490641,-0.659333,-6.071249,0.998572,0.003971,-0.005972,-0.052931
7494,0.012929,0.077693,9.927995,0.215874,-0.185002,-0.106375,0.495996,-0.661934,-6.079244,0.998568,0.004016,-0.005998,-0.053000
7495,0.009868,0.085526,9.924667,0.040363,-0.048401,-0.022456,0.500292,-0.665805,-6.081424,0.998567,0.004051,-0.006034,-0.053019
7496,0.014515,0.096146,9.933042,-0.115246,-0.024722,0.139285,0.499022,-0.667041,-6.079487,0.998568,0.004040,-0.006044,-0.053002
7497,0.014231,0.086452,9.928842,-0.135048,-0.222314,0.278137,0.494769,-0.671218,-6.072566,0.998571,0.004001,-0.006078,-0.052942
7498,0.017237,0.103092,9.937052,-0.270789,-0.169660,0.163685,0.487919,-0.677814,-6.065258,0.998574,0.003939,-0.006132,-0.052878
7499,0.020113,0.102801,9.937467,-0.157733,-0.129231,0.148418,0.480716,-0.682839,-6.060099,0.998577,0.003874,-0.006172,-0.052833
7500,0.013830,0.085944,9.923775,-0.076779,-0.421432,0.180455,0.476743,-0.692063,-6.054694,0.998579,0.003836,-0.006251,-0.052786
7501,0.015411,0.107116,9.917970,-0.053786,-0.507605,0.009543,0.474529,-0.707572,-6.051654,0.998580,0.003809,-0.006385,-0.052759
7502,0.017090,0.092584,9.932495,0.188970,-0.395405,-0.022510,0.476786,-0.722620,-6.051997,0.998579,0.003822,-0.006517,-0.052761
7503,0.020252,0.085514,9.927869,0.541510,-0.370180,0.038520,0.488959,-0.735382,-6.051837,0.998578,0.003922,-0.006634,-0.052759
7504,0.029232,0.112045,9.953155,0.620974,-0.567769,-0.098821,0.508349,-0.751005,-6.052979,0.998576,0.004084,-0.006779,-0.052767
7505,0.031600,0.119964,9.947274,1.239199,-0.737915,-0.159868,0.539411,-0.772726,-6.057489,0.998571,0.004344,-0.006982,-0.052803
7506,0.023816,0.113685,9.935941,1.765842,-0.830194,-0.248382,0.589592,-0.798793,-6.064551,0.998564,0.004769,-0.007233,-0.052861
7507,0.027383,0.152431,9.924708,1.943121,-0.730159,-0.326216,0.651548,-0.824693,-6.074410,0.998555,0.005296,-0.007488,-0.052941
7508,0.033105,0.158970,9.928894,2.274618,-0.680479,-0.259089,0.721990,-0.848086,-6.084449,0.998546,0.005899,-0.007725,-0.053023
7509,0.030485,0.141746,9.902376,3.019511,-0.516335,-0.271311,0.810362,-0.867912,-6.093557,0.998536,0.006659,-0.007939,-0.053095
7510,0.036167,0.180092,9.928659,2.946485,-0.428470,-0.346096,0.909956,-0.883502,-6.104085,0.998524,0.007519,-0.008122,-0.053179
7511,0.043649,0.204600,9.951634,2.690460,-0.484068,-0.220988,1.004056,-0.898552,-6.113792,0.998512,0.008331,-0.008297,-0.053255
7512,0.038473,0.213297,9.944410,2.852537,-0.600693,-0.217956,1.096560,-0.916493,-6.121438,0.998500,0.009128,-0.008497,-0.053314
7513,0.039378,0.236399,9.933528,2.892538,-0.766107,-0.268334,1.192450,-0.939107,-6.129996,0.998487,0.009953,-0.008739,-0.053379
7514,0.041191,0.261684,9.949769,2.483978,-0.890306,-0.222580,1.282204,-0.966531,-6.138772,0.998472,0.010721,-0.009021,-0.053446
7515,0.034765,0.259804,9.931220,2.646079,-0.791668,-0.211927,1.367840,-0.994388,-6.146660,0.998459,0.011454,-0.009304,-0.053505
7516,0.041594,0.277736,9.930459,2.313727,-0.779974,-0.231792,1.450645,-1.020393,-6.154699,0.998444,0.012162,-0.009570,-0.053565
7517,0.047807,0.294683,9.940534,1.807441,-0.859849,-0.199778,1.519474,-1.047528,-6.162599,0.998431,0.012748,-0.009840,-0.053625
7518,0.046875,0.290490,9.925705,2.097636,-1.037368,-0.179972,1.584692,-1.078965,-6.169783,0.998418,0.013301,-0.010145,-0.053678
7519,0.044008,0.290315,9.925171,2.132898,-1.130907,-0.248671,1.655357,-1.114886,-6.177946,0.998403,0.013899,-0.010492,-0.053738
7520,0.054106,0.318236,9.946257,1.779061,-1.158815,-0.067120,1.720683,-1.152877,-6.184332,0.998389,0.014450,-0.010855,-0.053783
7521,0.058882,0.319549,9.937784,2.716178,-1.234035,0.238030,1.795571,-1.192826,-6.182709,0.998377,0.015084,-0.011238,-0.053756
7522,0.071260,0.311619,9.935016,3.427341,-1.197875,0.344810,1.897785,-1.233648,-6.174305,0.998364,0.015956,-0.011640,-0.053666
7523,0.078991,0.334797,9.933053,3.459407,-1.178524,0.331043,2.012348,-1.273616,-6.164399,0.998348,0.016936,-0.012041,-0.053562
7524,0.085621,0.370102,9.920559,4.600904,-1.177486,0.665183,2.146344,-1.313459,-6.149227,0.998331,0.018086,-0.012448,-0.053409
7525,0.092035,0.452494,9.935787,6.813886,-1.156608,0.424039,2.336205,-1.353039,-6.132608,0.998304,0.019724,-0.012878,-0.053236
7526,0.106595,0.497653,9.980290,10.316538,-1.172378,-0.067363,2.621608,-1.392082,-6.128354,0.998250,0.022192,-0.013350,-0.053159
7527,0.112155,0.590497,9.977523,15.290001,-1.275523,0.033311,3.048442,-1.432813,-6.130948,0.998155,0.025891,-0.013903,-0.053122
7528,0.105862,0.699982,9.956909,21.122375,-1.456846,-0.090309,3.655394,-1.478214,-6.134573,0.997998,0.031156,-0.014581,-0.053066
7529,0.100377,0.822906,9.925072,25.923281,-1.436723,-0.802942,4.439938,-1.525271,-6.152845,0.997749,0.037963,-0.015360,-0.053108
7530,0.075853,0.856285,9.939130,27.747025,-0.143933,-2.156468,5.335767,-1.547348,-6.204268,0.997395,0.045744,-0.015987,-0.053425
7531,0.045265,1.053827,9.844243,28.406435,1.052785,-2.997293,6.273839,-1.523665,-6.288311,0.996950,0.053907,-0.016257,-0.054035
7532,0.021700,1.231132,9.850031,28.841593,2.231245,-4.178411,7.230818,-1.455297,-6.400757,0.996418,0.062248,-0.016175,-0.054913
7533,0.013001,1.420856,9.877387,30.381550,2.889377,-4.668295,8.221088,-1.350982,-6.535508,0.995785,0.070889,-0.015826,-0.056008
7534,0.026361,1.626139,9.888960,31.656044,2.427447,-4.404377,9.258034,-1.240445,-6.671562,0.995042,0.079934,-0.015467,-0.057122
7535,0.037376,1.889370,9.787204,34.293308,0.495991,-2.919718,10.359447,-1.171620,-6.783510,0.994175,0.089515,-0.015505,-0.057997
7536,0.014976,2.080524,9.772975,36.160069,-1.227961,-1.807389,11.535179,-1.168529,-6.862996,0.993164,0.099701,-0.016142,-0.058526
7537,0.001666,2.285093,9.704052,37.366116,-2.605507,-0.206776,12.761442,-1.223846,-6.909096,0.992014,0.110287,-0.017291,-0.058695
7538,0.019758,2.473730,9.634410,38.234921,-2.721110,1.215295,14.021400,-1.313975,-6.913157,0.990737,0.121138,-0.018718,-0.058440
7539,0.004207,2.682052,9.559052,39.772079,-1.680043,2.310805,15.320446,-1.399684,-6.874840,0.989317,0.132323,-0.020075,-0.057794
7540,0.008946,2.884619,9.504318,41.138321,-0.535177,3.134681,16.666847,-1.460049,-6.797831,0.987730,0.143919,-0.021176,-0.056813
7541,0.042719,3.082814,9.460847,41.506554,0.234296,3.905144,18.041206,-1.499721,-6.687407,0.985986,0.155755,-0.022047,-0.055551
7542,0.052681,3.289491,9.380051,40.594494,-0.015575,4.112539,19.405962,-1.539062,-6.559707,0.984121,0.167492,-0.022858,-0.054130
7543,0.021873,3.488055,9.214422,38.608173,-0.390546,4.058982,20.722370,-1.592114,-6.434043,0.982189,0.178785,-0.023737,-0.052703
7544,0.001366,3.642150,9.136810,37.441235,-0.078792,3.668164,21.986372,-1.646287,-6.316882,0.980209,0.189606,-0.024587,-0.051345
7545,-0.005786,3.895300,9.024384,37.702560,0.515296,3.211703,23.235445,-1.683662,-6.208239,0.978130,0.200284,-0.025274,-0.050081
7546,-0.022796,4.092794,8.901668,38.743713,1.577872,3.008518,24.506178,-1.693730,-6.099355,0.975896,0.211138,-0.025713,-0.048852
7547,-0.032048,4.284673,8.804048,41.205513,3.508725,1.956893,25.835255,-1.652189,-5.988468,0.973429,0.222488,-0.025710,-0.047690
7548,-0.061594,4.572534,8.791634,42.355045,5.250387,0.165167,27.225044,-1.537420,-5.891803,0.970700,0.234352,-0.025117,-0.046792
7549,-0.062602,4.859252,8.737082,41.385147,5.771301,-0.576738,28.618486,-1.372013,-5.812068,0.967811,0.246232,-0.024116,-0.046166
7550,-0.055672,5.051614,8.664699,39.159397,5.086682,-0.593815,29.959087,-1.204700,-5.740643,0.964889,0.257627,-0.023085,-0.045657
7551,-0.052242,5.274551,8.580251,36.852741,3.628355,0.046803,31.224459,-1.075071,-5.674539,0.962007,0.268336,-0.022345,-0.045149
7552,-0.059474,5.443649,8.481275,32.872112,1.800709,1.827303,32.385033,-1.014654,-5.600180,0.959267,0.278106,-0.022115,-0.044445
7553,-0.030686,5.593462,8.371911,28.754114,-0.223830,4.413510,33.410179,-1.049014,-5.498371,0.956781,0.286682,-0.022544,-0.043309
7554,-0.030332,5.693102,8.255038,26.436657,-1.387777,6.613670,34.327259,-1.173623,-5.360482,0.954512,0.294306,-0.023574,-0.041658
7555,-0.040088,5.733396,8.268987,27.112907,-3.392483,6.611896,35.216663,-1.364666,-5.224662,0.952253,0.301655,-0.025126,-0.039841
7556,-0.035943,5.842717,8.060217,25.841999,-6.141796,4.392914,36.097694,-1.600761,-5.168157,0.949928,0.308884,-0.027235,-0.038539
7557,-0.019754,5.930686,7.911606,25.196779,-6.913473,1.252236,36.949833,-1.831810,-5.221990,0.947588,0.315829,-0.029579,-0.038141
7558,0.010086,5.952694,7.847386,25.894295,-7.010668,-2.330987,37.806446,-2.005481,-5.377306,0.945147,0.322788,-0.031733,-0.038709
7559,0.039181,6.091675,7.769745,26.173624,-7.841828,-6.442192,38.683765,-2.109540,-5.645673,0.942555,0.329891,-0.033656,-0.040371
7560,0.049503,6.356782,7.570485,23.244120,-7.243201,-8.307251,39.520271,-2.149829,-5.995349,0.939995,0.336638,-0.035308,-0.042874
7561,0.056894,6.387866,7.635980,22.919384,-5.007256,-7.683541,40.302128,-2.135581,-6.331077,0.937547,0.342945,-0.036488,-0.045422
7562,0.052304,6.461425,7.615721,24.294310,-4.736701,-7.451992,41.099918,-2.094100,-6.628479,0.935015,0.349389,-0.037372,-0.047721
7563,0.030702,6.599496,7.512701,25.582226,-4.968169,-7.249453,41.941662,-2.052732,-6.919321,0.932298,0.356174,-0.038289,-0.049941
7564,0.023982,6.720210,7.349137,27.085379,-5.393426,-6.444191,42.829556,-2.026411,-7.204447,0.929383,0.363304,-0.039366,-0.052039
7565,0.017770,6.789196,7.244027,27.743189,-5.037417,-5.449722,43.752617,-2.016973,-7.468027,0.926304,0.370692,-0.040560,-0.053882
7566,0.009900,6.970548,7.067166,27.978376,-3.915395,-5.251801,44.689373,-1.999440,-7.700006,0.923131,0.378178,-0.041624,-0.055475
7567,0.029226,7.116193,7.004154,27.137859,-1.854950,-4.258871,45.614113,-1.954820,-7.880112,0.919957,0.385576,-0.042319,-0.056735
7568,0.044043,7.292825,6.957859,23.494200,-1.025962,-2.972939,46.461880,-1.901263,-7.998450,0.917015,0.392360,-0.042714,-0.057551
7569,0.052469,7.365148,6.874094,20.320480,-0.694459,-1.145281,47.194321,-1.870766,-8.066346,0.914451,0.398207,-0.043074,-0.057926
7570,0.072546,7.418086,6.748410,19.576000,-0.344677,0.406209,47.859932,-1.873312,-8.087397,0.912112,0.403502,-0.043504,-0.057833
7571,0.094850,7.483578,6.682024,18.654490,-0.689227,2.482647,48.496441,-1.920620,-8.068078,0.909872,0.408540,-0.044131,-0.057267
7572,0.117746,7.401318,6.824462,17.166580,-2.016491,4.768166,49.091866,-2.041190,-8.022284,0.907774,0.413206,-0.045217,-0.056238
7573,0.106333,7.353828,6.686271,17.416409,-4.343222,5.492655,49.667061,-2.239971,-7.991253,0.905725,0.417646,-0.046955,-0.055036
7574,0.088648,7.446393,6.606202,18.490227,-4.751815,5.187081,50.265533,-2.473809,-7.992742,0.903553,0.422224,-0.049088,-0.053935
7575,0.092976,7.436235,6.521712,24.483601,-4.784980,3.970463,50.982899,-2.692637,-8.018824,0.900899,0.427722,-0.051240,-0.053009
7576,0.101450,7.544486,6.466664,34.564873,-4.302341,3.724283,51.968861,-2.887317,-8.057625,0.897183,0.435314,-0.053363,-0.052125
7577,0.131782,7.873707,6.007212,46.064098,-2.380758,4.424135,53.312862,-3.062780,-8.063933,0.892026,0.445690,-0.055359,-0.050857
7578,0.232975,8.038059,5.695479,55.302391,2.652119,1.960774,54.998444,-3.146168,-7.998069,0.885408,0.458741,-0.056480,-0.049192
7579,0.314199,8.139242,5.392448,61.076969,6.543503,-3.688623,56.931667,-3.036251,-7.887708,0.877580,0.473737,-0.056006,-0.047845
7580,0.187942,8.427607,5.113053,60.648731,8.841821,-8.552212,58.954380,-2.727358,-7.779492,0.869095,0.489399,-0.054041,-0.047355
7581,0.100816,8.584907,4.688624,57.199318,9.486093,-12.674332,60.914127,-2.268376,-7.693119,0.860572,0.504507,-0.051022,-0.047805
7582,-0.003109,8.671513,4.404802,49.770344,7.574447,-15.334672,62.695450,-1.722964,-7.663751,0.852543,0.518151,-0.047574,-0.049263
7584,-0.122785,8.915279,4.222272,42.471004,4.274221,-14.583096,64.233711,-1.189139,-7.710336,0.845374,0.529825,-0.044512,-0.051438
7585,-0.238766,9.115667,4.050756,37.274330,1.175423,-9.348398,65.564163,-0.789822,-7.797338,0.839024,0.539786,-0.042594,-0.053439
7586,-0.164645,9.180444,3.854808,33.861416,-1.277969,-4.284504,66.750755,-0.582823,-7.890309,0.833287,0.548519,-0.042086,-0.054663
7587,-0.151040,9.270364,3.760130,30.657438,-2.536647,-3.099348,67.826988,-0.493910,-7.996030,0.828021,0.556328,-0.042469,-0.055461
7588,-0.205928,9.353450,3.539023,32.434055,-1.985591,-4.631858,68.879333,-0.402039,-8.113504,0.822791,0.563913,-0.042895,-0.056365
7589,-0.271368,9.285494,3.316391,37.343441,-1.219357,-3.780959,70.042778,-0.289480,-8.212823,0.816937,0.572259,-0.043159,-0.057197
7590,-0.295536,9.246216,3.053951,41.120628,-0.308148,-3.142221,71.350609,-0.188891,-8.274898,0.810286,0.581574,-0.043412,-0.057651
7591,-0.324381,9.283083,2.825954,42.148144,0.516078,-1.735970,72.738258,-0.110377,-8.296599,0.803145,0.591375,-0.043669,-0.057678
7592,-0.319385,9.344786,2.527657,42.701172,0.803161,2.249096,74.152130,-0.112191,-8.272970,0.795800,0.601248,-0.044266,-0.056961
7593,-0.269247,9.493375,2.333368,42.718651,-0.249554,5.906150,75.575401,-0.240831,-8.228192,0.788341,0.611038,-0.045616,-0.055413
7594,-0.215699,9.677951,2.133152,42.485851,-0.983387,5.978883,76.995071,-0.438120,-8.200804,0.780796,0.620669,-0.047494,-0.053588
7595,-0.193071,9.805875,1.921180,44.279469,-1.904930,4.038939,78.441010,-0.611541,-8.212296,0.772960,0.630378,-0.049399,-0.052107
7596,-0.168900,9.818302,1.681308,48.178837,-2.869210,1.755645,79.982384,-0.721411,-8.272579,0.764424,0.640635,-0.051165,-0.051225
7597,-0.153787,9.821171,1.447440,50.903191,-3.030865,-1.383707,81.634621,-0.743359,-8.368913,0.755074,0.651535,-0.052590,-0.050992
7598,-0.155884,9.764963,1.132660,51.092968,-2.113704,-3.512911,83.335320,-0.673728,-8.464950,0.745252,0.662660,-0.053444,-0.051233
7599,-0.151462,9.705508,0.852108,51.481121,-1.396456,-2.271339,85.045204,-0.583677,-8.533167,0.735215,0.673720,-0.054027,-0.051398
7600,-0.128414,9.677190,0.596645,49.687145,-0.358782,-0.603985,86.731262,-0.537886,-8.565622,0.725189,0.684472,-0.054681,-0.051076
7601,-0.143426,9.733361,0.260522,45.708057,0.979481,-0.343505,88.320717,-0.521537,-8.555776,0.715623,0.694477,-0.055223,-0.050351
7602,-0.169570,9.786776,-0.022775,40.810425,1.252637,-0.080003,89.762077,-0.513702,-8.518680,0.706844,0.703445,-0.055576,-0.049471
7603,-0.151394,9.840301,-0.209951,36.478870,0.967293,-0.274279,91.049706,-0.508019,-8.481620,0.698909,0.711364,-0.055863,-0.048653
7604,-0.160578,9.854597,-0.423923,31.182865,0.681937,-1.179626,92.177017,-0.484588,-8.453485,0.691878,0.718230,-0.056021,-0.048078
7605,-0.191073,9.872869,-0.626721,27.313595,0.262288,-1.801182,93.151726,-0.435707,-8.435542,0.685730,0.724121,-0.056023,-0.047802
7606,-0.187668,9.839728,-0.750459,24.341536,-0.279442,-1.241686,94.012550,-0.385100,-8.432717,0.680250,0.729276,-0.056062,-0.047685
7607,-0.173401,9.806470,-0.870745,21.937057,-0.673164,-0.778289,94.783905,-0.350353,-8.445944,0.675304,0.733848,-0.056262,-0.047607
7608,-0.180573,9.765862,-0.967906,20.753262,-0.856313,-0.356073,95.495514,-0.329267,-8.469622,0.670714,0.738025,-0.056585,-0.047531
7609,-0.168620,9.739394,-1.109458,21.443293,-0.162059,0.659742,96.198868,-0.332587,-8.487001,0.666166,0.742118,-0.057008,-0.047263
7610,-0.138616,9.740398,-1.266654,22.430937,0.233112,2.829201,96.930115,-0.390458,-8.492417,0.661442,0.746325,-0.057677,-0.046552
7611,-0.101863,9.762321,-1.396181,24.717176,-0.049228,3.886316,97.715958,-0.501849,-8.503531,0.656355,0.750788,-0.058706,-0.045489
7612,-0.076473,9.742230,-1.544976,30.682434,-0.125568,4.218650,98.639450,-0.635157,-8.525590,0.650337,0.755981,-0.059972,-0.044259
7613,-0.058083,9.685380,-1.807084,37.603043,0.361151,5.458911,99.777718,-0.794982,-8.547561,0.642861,0.762318,-0.061450,-0.042721
7614,-0.030618,9.637854,-2.041816,43.377831,0.071165,6.245969,101.127686,-0.988070,-8.575840,0.633914,0.769733,-0.063206,-0.040852
7615,-0.014144,9.552419,-2.258222,47.002628,-0.366848,6.251741,102.634682,-1.190877,-8.623556,0.623814,0.777880,-0.065164,-0.038898
7616,0.000849,9.455473,-2.502706,49.685932,-0.019028,6.103361,104.247032,-1.389646,-8.677738,0.612881,0.786453,-0.067137,-0.036901
7617,0.042357,9.364102,-2.805526,48.577354,0.466108,5.878677,105.885574,-1.584313,-8.722502,0.601649,0.795014,-0.068988,-0.034820
7618,0.088030,9.319238,-3.042103,44.151413,0.275254,5.736416,107.432007,-1.773210,-8.766161,0.590940,0.802940,-0.070728,-0.032785
7619,0.125499,9.296612,-3.237548,38.701469,-0.533606,6.091626,108.814758,-1.959217,-8.831557,0.581276,0.809877,-0.072521,-0.030944
7620,0.163725,9.181049,-3.444572,33.744324,-1.813981,5.769338,110.025658,-2.132731,-8.934155,0.572740,0.815819,-0.074438,-0.029451
7621,0.210631,9.221503,-3.581670,29.163988,-1.832415,6.515220,111.078987,-2.303220,-9.063025,0.565265,0.820875,-0.076466,-0.028177
7622,0.247735,9.199860,-3.717957,25.277809,-1.573125,5.436117,111.991516,-2.467719,-9.188927,0.558758,0.825176,-0.078393,-0.026994
7623,0.285329,9.165044,-3.841793,23.755217,-1.922676,3.211058,112.813469,-2.578742,-9.297830,0.552853,0.829026,-0.079906,-0.026151
7624,0.287228,9.107923,-3.979239,23.601355,-2.256976,-0.036375,113.606522,-2.599894,-9.382904,0.547093,0.832761,-0.080803,-0.025849
7625,0.279808,9.074823,-4.117513,24.451557,-2.357823,-3.291463,114.409492,-2.517883,-9.430820,0.541193,0.836586,-0.080947,-0.026109
7626,0.231684,8.889502,-4.311240,25.895460,-3.906801,-6.728170,115.249596,-2.322416,-9.455646,0.534941,0.840619,-0.080411,-0.027068
7627,0.169401,8.799459,-4.420612,28.033760,-5.905957,-7.293132,116.150108,-2.040934,-9.501912,0.528159,0.844911,-0.079671,-0.028728
7628,0.091031,8.702820,-4.547252,29.126801,-6.658460,-7.334751,117.105316,-1.729260,-9.579923,0.520908,0.849386,-0.079075,-0.030731
7629,0.047079,8.593188,-4.678901,28.506229,-6.597659,-6.637838,118.068214,-1.420614,-9.667925,0.513554,0.853821,-0.078608,-0.032763
7630,0.004127,8.539672,-4.844282,27.858206,-6.607046,-5.515171,119.009712,-1.137582,-9.764476,0.506327,0.858075,-0.078351,-0.034664
7631,-0.025513,8.494266,-5.001246,27.233072,-7.045208,-4.569485,119.929878,-0.879376,-9.879842,0.499228,0.862147,-0.078373,-0.036481
7632,-0.034599,8.435183,-5.105628,26.739128,-7.414684,-3.674107,120.831215,-0.639049,-10.018235,0.492235,0.866054,-0.078673,-0.038276
7633,-0.040112,8.373520,-5.205842,26.669319,-7.553710,-3.266962,121.722702,-0.410732,-10.171356,0.485282,0.869845,-0.079165,-0.040045
7634,-0.068780,8.282470,-5.334846,26.326334,-7.096082,-3.023052,122.606712,-0.192047,-10.322212,0.478357,0.873544,-0.079709,-0.041730
7635,-0.097233,8.206175,-5.451349,26.001654,-6.340889,-2.310665,123.479012,0.004580,-10.461432,0.471506,0.877138,-0.080281,-0.043201
7636,-0.120153,8.141650,-5.563923,25.753237,-5.536860,-1.409046,124.341347,0.166472,-10.591068,0.464728,0.880629,-0.080943,-0.044365
7637,-0.163036,8.043542,-5.732091,24.931097,-4.481055,-1.453502,125.185593,0.300864,-10.700949,0.458087,0.883999,-0.081578,-0.045244
7638,-0.197484,7.960658,-5.893033,24.481359,-4.172971,-1.072244,126.008514,0.419089,-10.793697,0.451603,0.887241,-0.082152,-0.045937
7639,-0.214185,7.906721,-5.972621,25.733017,-4.975767,-0.875626,126.844490,0.535740,-10.897076,0.444988,0.890476,-0.082835,-0.046644
7640,-0.219273,7.780653,-6.063880,25.963789,-5.162082,-1.747140,127.704933,0.672809,-11.005061,0.438140,0.893759,-0.083500,-0.047503
7641,-0.234613,7.615985,-6.188615,25.720053,-5.047779,-2.275303,128.565048,0.830635,-11.097556,0.431258,0.897004,-0.083982,-0.048457
7642,-0.250012,7.522782,-6.244590,25.223022,-5.006712,0.166000,129.412354,0.963408,-11.205719,0.424462,0.900128,-0.084694,-0.049278
7643,-0.256897,7.410378,-6.306993,22.870398,-4.039394,0.605309,130.211700,1.049961,-11.329659,0.418049,0.903000,-0.085696,-0.049820
7644,-0.238425,7.282123,-6.426259,19.916573,-2.545605,0.460227,130.922989,1.107847,-11.424552,0.412348,0.905523,-0.086544,-0.050085
7645,-0.243790,7.252412,-6.483767,17.744003,-1.353926,1.320758,131.549316,1.128407,-11.492970,0.407346,0.907717,-0.087285,-0.050018
7646,-0.242615,7.225914,-6.549357,14.542864,-0.175976,2.326260,132.086258,1.100113,-11.552447,0.403086,0.909562,-0.088091,-0.049593
7647,-0.232320,7.186407,-6.636563,11.430507,0.925600,1.259466,132.518570,1.047498,-11.583367,0.399682,0.911037,-0.088707,-0.048950
7648,-0.234301,7.143627,-6.708560,10.209119,1.296151,1.158457,132.879242,0.992813,-11.583471,0.396859,0.912275,-0.089052,-0.048236
7649,-0.258569,7.149084,-6.761431,10.898115,1.109621,0.710942,133.231155,0.942683,-11.575434,0.394100,0.913482,-0.089309,-0.047535
7650,-0.242230,7.114522,-6.823113,11.881541,0.529333,-0.614046,133.611115,0.922738,-11.556714,0.391094,0.914793,-0.089385,-0.047016
7651,-0.234223,7.061165,-6.870080,14.059519,-0.236939,-2.417974,134.044098,0.955832,-11.518239,0.387622,0.916303,-0.089141,-0.046812
7652,-0.240806,6.986939,-6.932688,17.186361,-0.931334,-3.918067,134.565903,1.045018,-11.458459,0.383396,0.918129,-0.088575,-0.046920
7653,-0.251022,6.884111,-6.998066,21.001448,-2.097239,-5.175536,135.203735,1.188026,-11.387297,0.378189,0.920340,-0.087789,-0.047339
7654,-0.261862,6.754868,-7.111836,23.835451,-2.915219,-5.782950,135.952606,1.375503,-11.315351,0.372039,0.922890,-0.086905,-0.048039
7655,-0.305680,6.669161,-7.200278,27.006744,-3.438694,-5.500748,136.801559,1.581873,-11.252275,0.365045,0.925713,-0.086087,-0.048858
7656,-0.340079,6.612325,-7.280060,28.293465,-3.048148,-5.390980,137.724960,1.784406,-11.192259,0.357429,0.928707,-0.085355,-0.049615
7657,-0.352905,6.489836,-7.438468,27.356901,-2.434801,-5.833581,138.654953,1.977224,-11.113660,0.349752,0.931668,-0.084522,-0.050246
7658,-0.363827,6.404149,-7.564632,24.895960,-1.250722,-5.015738,139.529236,2.142099,-11.017176,0.342537,0.934404,-0.083619,-0.050654
7659,-0.378262,6.329746,-7.614247,21.705555,-0.004056,-3.289943,140.309418,2.247249,-10.924602,0.336119,0.936795,-0.082894,-0.050671
7660,-0.367375,6.204775,-7.691844,18.185497,1.308256,-1.638892,140.977280,2.282523,-10.847149,0.330658,0.938798,-0.082450,-0.050252
7661,-0.355632,6.086517,-7.760282,17.587620,2.266587,0.199875,141.575699,2.251041,-10.791035,0.325802,0.940549,-0.082341,-0.049403
7662,-0.348253,6.018022,-7.789993,19.182487,2.739688,1.750252,142.189499,2.165302,-10.765000,0.320841,0.942290,-0.082633,-0.048184
7663,-0.326850,5.951754,-7.873079,21.128286,2.835892,2.304207,142.861420,2.050400,-10.762040,0.315407,0.944145,-0.083209,-0.046745
7664,-0.283778,5.829098,-7.974197,23.580729,3.202209,2.357675,143.606476,1.923263,-10.764045,0.309365,0.946160,-0.083875,-0.045160
7665,-0.269176,5.701252,-8.040273,27.232607,3.579222,1.361311,144.453842,1.795401,-10.747820,0.302472,0.948419,-0.084413,-0.043438
7666,-0.240090,5.575192,-8.123682,27.469481,3.605272,0.311539,145.366898,1.681464,-10.701835,0.295015,0.950820,-0.084671,-0.041701
7667,-0.227559,5.426516,-8.200591,26.670267,3.831218,-0.816055,146.271347,1.583721,-10.625261,0.287608,0.953164,-0.084608,-0.040027
7668,-0.214749,5.267714,-8.244453,26.365463,3.466623,-2.258000,147.158188,1.510242,-10.515670,0.280319,0.955433,-0.084182,-0.038491
7669,-0.238616,5.175601,-8.304562,26.155230,2.030793,-4.491923,148.037277,1.493237,-10.371617,0.273042,0.957659,-0.083312,-0.037359
7670,-0.215869,5.095819,-8.444107,23.979553,0.604106,-5.271644,148.877106,1.541012,-10.210068,0.266031,0.959756,-0.082119,-0.036772
7671,-0.224118,4.978553,-8.566654,22.963591,0.099098,-5.614943,149.663925,1.623669,-10.048165,0.259422,0.961683,-0.080822,-0.036534
7672,-0.224358,4.875496,-8.642215,22.052923,-0.291453,-5.582857,150.418854,1.719655,-9.888056,0.253058,0.963490,-0.079501,-0.036454
7673,-0.217334,4.647130,-8.699155,20.991274,0.120666,-5.112817,151.140976,1.809154,-9.733827,0.246962,0.965177,-0.078235,-0.036373
7674,-0.217296,4.589428,-8.780358,20.549210,0.982968,-4.902169,151.838272,1.872660,-9.578276,0.241086,0.966770,-0.077008,-0.036104
7675,-0.244179,4.347643,-8.765340,20.027851,1.672839,-4.601497,152.519821,1.907451,-9.417411,0.235356,0.968295,-0.075790,-0.035609
7676,-0.251692,4.218486,-8.740593,21.629128,1.521909,-4.432069,153.219376,1.928729,-9.259019,0.229474,0.969818,-0.074622,-0.035009
7677,-0.238653,4.128004,-8.818351,24.319902,0.890324,-4.451852,153.990265,1.958510,-9.108438,0.222968,0.971438,-0.073521,-0.034465
7678,-0.256331,4.145952,-8.934757,25.708965,0.274006,-3.934504,154.828690,2.001334,-8.973949,0.215865,0.973129,-0.072547,-0.034036
7679,-0.262289,3.880369,-8.968831,27.134661,-0.443031,-2.927341,155.712997,2.051674,-8.871211,0.208344,0.974831,-0.071841,-0.033717
7680,-0.255956,3.849802,-9.098787,30.112261,-1.231772,-2.414575,156.669601,2.113060,-8.800997,0.200177,0.976579,-0.071413,-0.033516
7681,-0.258784,3.702864,-9.184896,30.211899,-1.111037,-1.979623,157.676895,2.177384,-8.748634,0.191556,0.978331,-0.071149,-0.033348
7682,-0.277000,3.591199,-9.260642,28.944271,-0.831602,-1.886478,158.664597,2.231369,-8.700809,0.183093,0.979974,-0.070937,-0.033119
7683,-0.269916,3.436202,-9.344503,27.131851,-0.141684,-1.990177,159.601273,2.269543,-8.646160,0.175066,0.981469,-0.070678,-0.032781
7684,-0.254931,3.375741,-9.411693,25.011116,0.807677,-1.507907,160.472580,2.279043,-8.587493,0.167609,0.982808,-0.070408,-0.032238
7685,-0.255576,3.210920,-9.413368,22.572914,1.665504,-0.847098,161.267609,2.252964,-8.536799,0.160817,0.983980,-0.070232,-0.031454
7687,-0.236933,3.045255,-9.473015,22.925669,1.946544,0.010555,162.027115,2.200206,-8.504524,0.154336,0.985047,-0.070234,-0.030491
7688,-0.223114,2.848711,-9.473993,24.653376,2.274907,1.345821,162.820053,2.126270,-8.504803,0.147565,0.986096,-0.070542,-0.029369
7689,-0.218485,2.656428,-9.405257,28.102407,1.802153,2.859611,163.697540,2.040946,-8.552347,0.140055,0.987173,-0.071281,-0.028151
7690,-0.202189,2.417124,-9.420068,30.370485,0.499289,4.251317,164.668381,1.971655,-8.655999,0.131708,0.988264,-0.072492,-0.027068
7691,-0.165185,2.230524,-9.545489,32.148869,-1.487162,5.281378,165.704865,1.946853,-8.813958,0.122744,0.989315,-0.074125,-0.026366
7692,-0.141969,2.007947,-9.668666,32.651691,-2.600738,5.891812,166.778015,1.968648,-9.011265,0.113415,0.990290,-0.076052,-0.026055
7693,-0.141246,1.887453,-9.761039,32.452599,-2.327223,5.659935,167.855820,2.006442,-9.217301,0.104023,0.991171,-0.078040,-0.025852
7694,-0.139314,1.723278,-9.912694,31.519491,-0.790226,6.233743,168.914719,2.017445,-9.422018,0.094806,0.991948,-0.080039,-0.025395
7695,-0.102968,1.554032,-10.068414,30.600124,2.118625,6.551198,169.942856,1.956558,-9.627398,0.085903,0.992618,-0.082090,-0.024302
7696,-0.074505,1.400873,-10.046090,29.720398,6.892211,6.204879,170.942139,1.773178,-9.811967,0.077345,0.993211,-0.084026,-0.022121
7697,-0.044591,1.337729,-9.901882,28.552122,10.962359,5.498442,171.909180,1.449941,-9.960167,0.069179,0.993741,-0.085697,-0.018697
7698,0.036829,1.085783,-9.786786,26.797827,12.539166,5.698402,172.828796,1.037050,-10.092827,0.061500,0.994183,-0.087223,-0.014498
7699,0.124677,0.980085,-9.679024,24.959614,11.807292,4.538763,173.689621,0.614073,-10.214478,0.054345,0.994532,-0.088590,-0.010229
7700,0.179633,0.869624,-9.563172,22.707766,9.662413,3.562232,174.483307,0.244318,-10.311905,0.047737,0.994807,-0.089660,-0.006446
7701,0.212266,0.746667,-9.543857,20.677116,6.054131,2.811530,175.206207,-0.026064,-10.394229,0.041670,0.995017,-0.090513,-0.003562
7702,0.243379,0.571701,-9.602894,19.465937,1.815598,2.346165,175.875336,-0.163492,-10.469881,0.035967,0.995178,-0.091232,-0.001864
7703,0.243501,0.512515,-9.697107,19.188633,-1.882798,1.284157,176.519699,-0.166384,-10.530519,0.030372,0.995316,-0.091768,-0.001341
7704,0.242515,0.341430,-9.813252,18.687035,-4.627519,0.618883,177.151001,-0.059760,-10.568351,0.024802,0.995441,-0.092080,-0.001770
7705,0.218723,0.253208,-9.933860,18.713455,-6.067584,-0.307330,177.774307,0.118105,-10.581562,0.019244,0.995553,-0.092173,-0.002817
7706,0.201458,0.161447,-9.994933,18.121843,-6.079381,-0.600289,178.388229,0.320980,-10.573289,0.013747,0.995647,-0.092090,-0.004085
7707,0.195035,0.052241,-10.033717,16.564310,-5.077923,-0.632321,178.966415,0.507366,-10.557052,0.008574,0.995713,-0.091953,-0.005238
7708,0.173395,-0.061417,-10.034448,13.758582,-3.533197,-1.123661,179.472061,0.651269,-10.529723,0.004066,0.995757,-0.091731,-0.006082
7709,0.142909,-0.073534,-10.002437,11.763536,-1.655080,-1.560072,179.897949,0.738007,-10.485439,0.000298,0.995796,-0.091367,-0.006495
7710,0.130830,-0.144625,-9.881746,10.576100,0.049830,-1.456313,-179.729080,0.764707,-10.435079,-0.002961,0.995830,-0.090951,-0.006431
7711,0.134743,-0.176545,-9.829544,10.316298,0.105268,-1.143517,-179.380295,0.761786,-10.391722,-0.005988,0.995851,-0.090593,-0.006131
7712,0.125704,-0.229400,-9.807052,10.685031,-1.050879,-0.548434,-179.029892,0.777147,-10.363304,-0.009043,0.995850,-0.090366,-0.005989
7713,0.118125,-0.327203,-9.809130,12.865159,-2.176564,0.367079,-178.637344,0.830848,-10.359215,-0.012497,0.995812,-0.090355,-0.006147
7714,0.092564,-0.401131,-9.792551,14.518528,-3.267921,0.708853,-178.181183,0.922025,-10.374647,-0.016533,0.995735,-0.090525,-0.006577
7715,0.084052,-0.503650,-9.851512,15.446639,-4.831531,1.220019,-177.682251,1.058077,-10.401931,-0.020978,0.995620,-0.090813,-0.007360
7716,0.044967,-0.576459,-9.871693,15.089926,-5.456706,1.305449,-177.173996,1.231245,-10.436340,-0.025532,0.995471,-0.091179,-0.008454
7717,0.020111,-0.633955,-9.887675,13.132476,-5.448633,1.032282,-176.704315,1.414815,-10.465576,-0.029760,0.995312,-0.091511,-0.009667
7718,0.011555,-0.694489,-9.866240,10.207904,-4.978964,1.056614,-176.315948,1.590407,-10.489780,-0.033274,0.995162,-0.091801,-0.010875
7719,0.011131,-0.778558,-9.870992,7.321891,-4.535887,0.618519,-176.024292,1.750489,-10.507074,-0.035936,0.995035,-0.092025,-0.012026
7720,-0.042867,-0.722340,-9.872464,4.205114,-3.583137,0.378788,-175.832413,1.886649,-10.514073,-0.037711,0.994945,-0.092147,-0.013052
7721,-0.070273,-0.801482,-9.864342,1.475691,-2.836504,0.996633,-175.738235,1.995039,-10.529098,-0.038616,0.994883,-0.092322,-0.013913
7722,-0.090633,-0.781938,-9.859695,0.083021,-2.274529,0.848456,-175.713120,2.082271,-10.553447,-0.038907,0.994839,-0.092563,-0.014641
7723,-0.119488,-0.714480,-9.887369,-1.531328,-2.080360,0.929187,-175.738144,2.156856,-10.577606,-0.038752,0.994813,-0.092793,-0.015301
7724,-0.140887,-0.654574,-9.832346,-1.269274,-1.806930,2.654887,-175.786926,2.225878,-10.632441,-0.038391,0.994772,-0.093283,-0.015922
7725,-0.110695,-0.764552,-9.814430,-0.861992,-1.917908,3.663385,-175.826401,2.295500,-10.733000,-0.038119,0.994689,-0.094172,-0.016525
7726,-0.104101,-0.746742,-9.815316,0.220167,-2.002711,2.997912,-175.841415,2.368742,-10.839066,-0.038064,0.994591,-0.095112,-0.017138
7727,-0.108707,-0.776397,-9.833045,1.802908,-1.995857,3.064872,-175.811722,2.442569,-10.935073,-0.038396,0.994485,-0.095972,-0.017722
7728,-0.094018,-0.840822,-9.849619,3.402775,-1.726406,2.944118,-175.729080,2.511835,-11.030455,-0.039186,0.994362,-0.096833,-0.018221
7729,-0.054266,-0.853283,-9.893575,3.954204,-0.949611,1.674404,-175.609726,2.562132,-11.103905,-0.040275,0.994247,-0.097505,-0.018531
7730,-0.068057,-0.853831,-9.884063,5.509322,0.064329,0.760311,-175.453751,2.580016,-11.143238,-0.041650,0.994154,-0.097878,-0.018539
7731,-0.069667,-0.884118,-9.849919,7.546913,1.241095,0.418339,-175.237106,2.559940,-11.164593,-0.043516,0.994060,-0.098091,-0.018172
7732,-0.098275,-0.919009,-9.817822,9.268933,2.942214,-0.210602,-174.957260,2.490776,-11.173992,-0.045887,0.993958,-0.098191,-0.017328
7733,-0.072672,-0.981551,-9.776962,10.208226,3.645305,-0.548100,-174.632523,2.380301,-11.171329,-0.048610,0.993851,-0.098174,-0.016093
7734,-0.087204,-1.047758,-9.802257,10.145086,3.966835,-0.542275,-174.293076,2.252278,-11.165469,-0.051446,0.993736,-0.098117,-0.014694
7735,-0.061499,-1.057637,-9.753325,8.238489,3.957123,-0.998801,-173.986221,2.118280,-11.153387,-0.053993,0.993633,-0.097993,-0.013275
7736,-0.036733,-1.074194,-9.758862,5.091005,3.596469,-1.018915,-173.763336,1.989531,-11.133351,-0.055815,0.993569,-0.097786,-0.011978
7737,0.014767,-1.065104,-9.781809,1.137495,2.143372,-0.875767,-173.658829,1.890989,-11.112407,-0.056637,0.993555,-0.097569,-0.011044
7738,0.003643,-1.060591,-9.822269,-2.508074,1.378475,-0.493047,-173.681137,1.830140,-11.096179,-0.056391,0.993591,-0.097398,-0.010543
7739,-0.007048,-1.064944,-9.816308,-5.477664,0.316468,-0.142253,-173.813995,1.800911,-11.088708,-0.055214,0.993667,-0.097308,-0.010406
7740,-0.019538,-1.032749,-9.838541,-6.661835,-0.741947,0.436010,-174.016449,1.808485,-11.092808,-0.053465,0.993758,-0.097328,-0.010642
7741,-0.014313,-1.025575,-9.842198,-7.774273,-1.463145,0.937981,-174.257660,1.847390,-11.111831,-0.051407,0.993845,-0.097487,-0.011176
7742,-0.018799,-1.007718,-9.822438,-7.559105,-1.523607,1.259892,-174.514236,1.900519,-11.143422,-0.049230,0.993921,-0.097757,-0.011842
7743,-0.027963,-0.951978,-9.814902,-5.904974,-1.622216,1.163702,-174.739838,1.956508,-11.178747,-0.047324,0.993976,-0.098061,-0.012505
7744,-0.039533,-0.915468,-9.804592,-3.348990,-1.533805,1.140677,-174.895218,2.012365,-11.212255,-0.046027,0.994000,-0.098356,-0.013109
7745,-0.038708,-0.934751,-9.835381,-2.317199,-1.288850,0.847479,-174.990692,2.062153,-11.241126,-0.045244,0.994004,-0.098613,-0.013612
7746,-0.060005,-0.898589,-9.814884,-0.922140,-1.280423,0.093453,-175.045105,2.106175,-11.253036,-0.044811,0.994006,-0.098726,-0.014036
7747,-0.063929,-0.883189,-9.798482,-0.593788,-1.493290,-0.645303,-175.069885,2.151437,-11.239877,-0.044633,0.994018,-0.098625,-0.014455
7748,-0.080145,-0.912262,-9.784007,-0.826860,-1.303333,-0.694345,-175.092575,2.195960,-11.213614,-0.044470,0.994041,-0.098410,-0.014871
7749,-0.086045,-0.901552,-9.767269,-1.220040,-1.058470,-0.921919,-175.125519,2.232883,-11.183397,-0.044211,0.994072,-0.098157,-0.015231
7750,-0.097413,-0.853635,-9.757224,-1.091535,-0.998257,-1.695768,-175.162231,2.263346,-11.136990,-0.043912,0.994119,-0.097760,-0.015545
7751,-0.081489,-0.864074,-9.779446,-1.018066,-1.223328,-2.078978,-175.194763,2.294951,-11.071136,-0.043647,0.994181,-0.097195,-0.015872
7752,-0.075206,-0.865484,-9.815720,-0.273117,-1.283471,-1.755698,-175.213577,2.331241,-11.003901,-0.043505,0.994238,-0.096622,-0.016228
7753,-0.102995,-0.834698,-9.831118,0.175704,-1.360434,-1.911550,-175.212540,2.370048,-10.939259,-0.043537,0.994283,-0.096074,-0.016589
7754,-0.071124,-0.839923,-9.833300,-0.153788,-1.794399,-2.810530,-175.208725,2.415872,-10.856368,-0.043595,0.994341,-0.095372,-0.017015
7755,-0.065837,-0.845551,-9.837046,-0.469511,-1.475881,-3.003025,-175.214798,2.462101,-10.755174,-0.043565,0.994417,-0.094508,-0.017459
7756,-0.072340,-0.831328,-9.849247,-0.831048,-1.012345,-3.136013,-175.231918,2.494909,-10.649661,-0.043427,0.994503,-0.093601,-0.017798
7757,-0.084990,-0.817839,-9.832759,-1.282697,-0.294997,-3.735843,-175.262085,2.507136,-10.533610,-0.043156,0.994606,-0.092594,-0.017973
7758,-0.072646,-0.802749,-9.822086,-1.635199,0.503741,-4.321855,-175.304901,2.492629,-10.399932,-0.042752,0.994733,-0.091422,-0.017931
7759,-0.088097,-0.820907,-9.813286,-2.056351,1.108683,-3.945007,-175.360596,2.454634,-10.264670,-0.042218,0.994869,-0.090226,-0.017696
7760,-0.067819,-0.809551,-9.826080,-1.818282,1.248213,-3.333167,-175.420181,2.405737,-10.146812,-0.041645,0.994993,-0.089177,-0.017361
7761,-0.076594,-0.793349,-9.815070,-1.302479,1.736627,-2.651211,-175.468231,2.348226,-10.051257,-0.041170,0.995097,-0.088321,-0.016933
7762,-0.062460,-0.774179,-9.842092,-1.600030,1.629382,-2.211954,-175.513519,2.285926,-9.974809,-0.040719,0.995184,-0.087631,-0.016454
7763,-0.036286,-0.772545,-9.829570,-2.764328,1.398614,-1.771174,-175.583801,2.230463,-9.912491,-0.040058,0.995268,-0.087062,-0.016048
7764,-0.033732,-0.735643,-9.852264,-3.382348,1.560553,-0.959515,-175.684647,2.177830,-9.870828,-0.039137,0.995345,-0.086669,-0.015682
7765,-0.037838,-0.728770,-9.839943,-4.386444,1.494076,-0.201179,-175.813553,2.125633,-9.855298,-0.037977,0.995410,-0.086501,-0.015331
7766,-0.015028,-0.721997,-9.849185,-5.779627,1.351304,0.148210,-175.983078,2.078277,-9.857805,-0.036469,0.995472,-0.086486,-0.015046
7767,-0.020687,-0.697875,-9.828979,-6.051233,1.217686,0.500649,-176.180756,2.036304,-9.871523,-0.034722,0.995530,-0.086567,-0.014827
7768,-0.006166,-0.666572,-9.836020,-4.859468,0.838388,0.731019,-176.363403,2.003448,-9.894248,-0.033114,0.995573,-0.086732,-0.014673
7769,0.001299,-0.637550,-9.850533,-4.198722,0.773441,0.351019,-176.515045,1.977761,-9.913925,-0.031780,0.995606,-0.086877,-0.014559
7770,0.009763,-0.620896,-9.872469,-3.669195,0.616943,0.006117,-176.646439,1.954980,-9.921252,-0.030622,0.995640,-0.086919,-0.014459
7771,0.007161,-0.592181,-9.869692,-2.694057,0.293587,0.163186,-176.752609,1.939990,-9.924946,-0.029689,0.995667,-0.086934,-0.014408
7772,0.017703,-0.580303,-9.864105,-1.787525,0.166571,0.298834,-176.827576,1.932765,-9.933066,-0.029033,0.995682,-0.086993,-0.014400
7773,-0.000196,-0.567621,-9.865664,-1.477602,0.245512,0.345985,-176.882370,1.926498,-9.944181,-0.028553,0.995688,-0.087082,-0.014384
7774,0.003125,-0.556096,-9.840567,-1.268392,-0.145597,0.533526,-176.928635,1.925627,-9.958916,-0.028153,0.995688,-0.087204,-0.014408
7775,-0.000490,-0.557600,-9.829182,-0.959960,-0.208638,0.486077,-176.966339,1.932428,-9.975579,-0.027832,0.995684,-0.087345,-0.014492
7776,0.005165,-0.552591,-9.844274,-0.401235,-0.054986,0.379116,-176.989502,1.937576,-9.989756,-0.027637,0.995678,-0.087467,-0.014551
7777,-0.006666,-0.562773,-9.836632,-0.407044,0.139850,0.250792,-177.003326,1.936714,-10.000319,-0.027517,0.995673,-0.087557,-0.014551
7778,-0.001575,-0.571141,-9.832182,-0.394443,0.058470,0.030913,-177.016846,1.933658,-10.005186,-0.027398,0.995673,-0.087596,-0.014534
7779,0.002145,-0.554140,-9.858062,0.159843,0.079360,-0.092835,-177.020737,1.931311,-10.004274,-0.027362,0.995675,-0.087587,-0.014517
7780,0.001721,-0.541460,-9.857738,0.375265,0.196391,-0.080771,-177.011719,1.926570,-10.001622,-0.027437,0.995676,-0.087565,-0.014469
7781,-0.026699,-0.553437,-9.844970,-0.027318,0.113410,-0.250286,-177.005753,1.921126,-9.996379,-0.027484,0.995679,-0.087519,-0.014419
7782,-0.012869,-0.552620,-9.866050,0.172873,-0.488449,-0.184807,-177.003067,1.926989,-9.988807,-0.027511,0.995683,-0.087454,-0.014470
7783,-0.001534,-0.527990,-9.869999,0.365324,-0.669054,-0.134589,-176.993881,1.945976,-9.982476,-0.027604,0.995683,-0.087405,-0.014629
7784,-0.006994,-0.553201,-9.848470,-0.116686,-0.513917,-0.301055,-176.989456,1.965284,-9.974187,-0.027656,0.995685,-0.087337,-0.014795
7785,-0.024520,-0.558319,-9.833110,0.020946,-0.474813,-0.334765,-176.990662,1.981183,-9.962731,-0.027656,0.995691,-0.087241,-0.014937
7786,-0.011132,-0.553943,-9.826250,0.280657,-0.392977,-0.395944,-176.985184,1.994987,-9.949804,-0.027712,0.995697,-0.087132,-0.015056
7787,-0.015991,-0.564523,-9.828121,-0.160009,0.068867,-0.721111,-176.982513,1.999401,-9.930915,-0.027736,0.995710,-0.086970,-0.015097
7788,-0.015933,-0.560677,-9.827526,-0.272581,0.204157,-0.866219,-176.988815,1.993466,-9.904719,-0.027674,0.995733,-0.086740,-0.015057
7790,-0.013906,-0.563176,-9.824230,-0.290547,0.188388,-0.812958,-176.997238,1.985465,-9.877100,-0.027591,0.995757,-0.086497,-0.015000
7791,0.002023,-0.559342,-9.835639,-0.557237,0.233715,-0.860410,-177.010422,1.976982,-9.849601,-0.027466,0.995782,-0.086255,-0.014943
7792,0.001556,-0.543174,-9.835685,-0.477606,0.178381,-0.848351,-177.026703,1.968642,-9.821501,-0.027315,0.995809,-0.086006,-0.014889
7793,0.011082,-0.535103,-9.839266,-0.362955,0.141381,-0.787461,-177.039780,1.961909,-9.794534,-0.027193,0.995833,-0.085769,-0.014847
7794,0.004711,-0.529783,-9.843370,-0.503166,0.411095,-0.912732,-177.053268,1.951253,-9.766692,-0.027064,0.995859,-0.085523,-0.014771
7795,0.006903,-0.534613,-9.858021,-0.593011,0.430530,-0.838104,-177.070572,1.935749,-9.738253,-0.026899,0.995887,-0.085270,-0.014656
7796,-0.000126,-0.514135,-9.856147,-0.624912,0.353795,-0.743636,-177.090012,1.921351,-9.712575,-0.026716,0.995913,-0.085042,-0.014551
7797,0.016978,-0.542748,-9.867338,-1.396835,0.304546,-0.807865,-177.122864,1.909087,-9.687289,-0.026418,0.995941,-0.084815,-0.014475
7798,0.015281,-0.518383,-9.873451,-1.825376,0.339264,-0.688987,-177.175751,1.897131,-9.662891,-0.025947,0.995973,-0.084594,-0.014416
7799,0.028101,-0.513108,-9.869737,-2.202092,0.142069,-0.477024,-177.242249,1.888173,-9.643861,-0.025360,0.996004,-0.084419,-0.014391
7800,0.033326,-0.507147,-9.863631,-2.458224,0.118885,-0.420706,-177.319427,1.883121,-9.629114,-0.024683,0.996032,-0.084280,-0.014407
7801,0.034496,-0.498211,-9.870621,-2.692954,-0.059928,-0.442209,-177.404816,1.881478,-9.614783,-0.023938,0.996061,-0.084144,-0.014459
7802,0.037391,-0.488975,-9.872638,-2.504965,-0.440152,-0.425562,-177.490967,1.889160,-9.599955,-0.023193,0.996088,-0.084006,-0.014592
7803,0.027308,-0.497656,-9.871475,-1.700391,-0.553362,-0.440958,-177.560547,1.905079,-9.584801,-0.022598,0.996111,-0.083868,-0.014784
7804,0.012187,-0.487010,-9.855386,-0.299081,-0.608669,-0.438039,-177.593353,1.923809,-9.569335,-0.022324,0.996126,-0.083732,-0.014974
7805,0.014119,-0.499407,-9.869540,1.276260,-0.766241,-0.435120,-177.576538,1.946089,-9.553820,-0.022484,0.996130,-0.083603,-0.015158
7806,0.023202,-0.504308,-9.879727,2.805896,-0.771150,-0.951019,-177.507675,1.970696,-9.529623,-0.023098,0.996130,-0.083407,-0.015327
7807,0.017816,-0.499211,-9.851278,3.920427,-0.318236,-1.454714,-177.394165,1.987051,-9.488731,-0.024091,0.996134,-0.083069,-0.015395
7808,0.011969,-0.488235,-9.795979,4.204686,0.146869,-2.118628,-177.256683,1.987126,-9.429067,-0.025278,0.996147,-0.082569,-0.015309
7809,0.014819,-0.536140,-9.831243,3.379576,0.288477,-2.597913,-177.127579,1.976033,-9.350857,-0.026382,0.996176,-0.081904,-0.015138
7810,0.017075,-0.539382,-9.852041,2.461395,0.337016,-3.238952,-177.026901,1.960670,-9.254174,-0.027234,0.996224,-0.081074,-0.014955
7811,0.008231,-0.551409,-9.833255,1.649934,0.669334,-3.513768,-176.954590,1.938024,-9.142599,-0.027832,0.996289,-0.080108,-0.014734
7812,-0.005113,-0.553437,-9.837107,0.801795,0.720771,-3.355218,-176.909927,1.908769,-9.029450,-0.028186,0.996361,-0.079123,-0.014477
7813,0.004129,-0.572977,-9.877985,-0.043299,0.062601,-2.889957,-176.893860,1.890114,-8.926167,-0.028300,0.996431,-0.078223,-0.014329
7814,0.010843,-0.583368,-9.867596,-0.604502,-0.351392,-2.438434,-176.901718,1.890120,-8.837180,-0.028221,0.996494,-0.077448,-0.014356
7815,-0.000931,-0.543756,-9.828739,-0.662256,-0.345786,-1.780906,-176.920486,1.897937,-8.766295,-0.028054,0.996545,-0.076831,-0.014454
7816,0.013309,-0.550350,-9.811836,-0.797932,-0.463765,-0.729686,-176.943405,1.909172,-8.723765,-0.027856,0.996577,-0.076461,-0.014578
7817,0.019651,-0.555312,-9.840148,-0.462026,-0.545030,0.094163,-176.964020,1.925401,-8.712289,-0.027686,0.996587,-0.076362,-0.014735
7818,0.020438,-0.569836,-9.838895,-0.049723,-0.343953,0.757787,-176.973007,1.940948,-8.725691,-0.027620,0.996577,-0.076481,-0.014873
7819,0.023088,-0.547311,-9.853962,-0.017393,-0.090960,0.965158,-176.975082,1.949703,-8.754000,-0.027612,0.996558,-0.076729,-0.014944
7820,0.033433,-0.577301,-9.860453,-0.659488,0.140736,0.879547,-176.987411,1.950494,-8.784766,-0.027509,0.996540,-0.076995,-0.014952
7821,0.032847,-0.563680,-9.875076,-1.153502,0.358743,0.540628,-177.018448,1.943417,-8.808852,-0.027237,0.996532,-0.077199,-0.014905
7822,0.033784,-0.577809,-9.850804,-2.131200,0.553857,0.046065,-177.073547,1.928729,-8.819407,-0.026750,0.996540,-0.077280,-0.014812
7823,0.043226,-0.545657,-9.855529,-2.446656,0.785621,-0.424082,-177.149673,1.906113,-8.814238,-0.026072,0.996565,-0.077221,-0.014668
7824,0.045812,-0.515297,-9.831211,-2.214453,1.029613,-0.828608,-177.226715,1.874869,-8.794858,-0.025379,0.996600,-0.077036,-0.014452
7825,0.039059,-0.508008,-9.835689,-2.316468,1.178948,-0.941673,-177.301331,1.836691,-8.767132,-0.024701,0.996641,-0.076778,-0.014177
7826,0.031769,-0.522260,-9.840005,-2.345113,1.167959,-0.871623,-177.378128,1.796215,-8.738746,-0.024003,0.996683,-0.076514,-0.013882
7827,0.039285,-0.488696,-9.854167,-1.970889,0.999749,-0.867183,-177.449219,1.758816,-8.711411,-0.023356,0.996721,-0.076261,-0.013610
7828,0.032954,-0.482643,-9.853332,-1.894280,0.919995,-0.905460,-177.512772,1.725552,-8.683290,-0.022778,0.996758,-0.076003,-0.013368
7829,0.032360,-0.475548,-9.852274,-1.643675,0.769974,-0.525628,-177.571060,1.696388,-8.660658,-0.022250,0.996788,-0.075794,-0.013157
7830,0.048660,-0.461192,-9.840926,-1.043633,0.499426,-0.353320,-177.615448,1.674636,-8.646903,-0.021848,0.996809,-0.075666,-0.013000
7831,0.048329,-0.434454,-9.844248,-0.698510,0.227379,-0.361068,-177.644150,1.662041,-8.635506,-0.021588,0.996824,-0.075561,-0.012912
7832,0.051765,-0.430092,-9.845762,-0.322941,0.059086,-0.019374,-177.660995,1.657010,-8.629362,-0.021438,0.996832,-0.075505,-0.012880
7833,0.062926,-0.435955,-9.849282,-0.180801,-0.067964,0.273488,-177.669525,1.657331,-8.633589,-0.021364,0.996831,-0.075541,-0.012888
7834,0.058380,-0.454540,-9.848357,-0.326953,-0.109540,0.172658,-177.678192,1.660589,-8.640902,-0.021292,0.996827,-0.075604,-0.012921
7835,0.045258,-0.434534,-9.847437,-0.103824,-0.129819,0.256467,-177.685577,1.664864,-8.647890,-0.021231,0.996823,-0.075665,-0.012961
7836,0.067829,-0.434584,-9.849799,0.108557,-0.241610,0.303656,-177.685760,1.671426,-8.656970,-0.021235,0.996816,-0.075745,-0.013017
7837,0.067644,-0.443516,-9.861832,0.174487,-0.141206,0.042602,-177.681198,1.678035,-8.662482,-0.021280,0.996811,-0.075794,-0.013070
7838,0.058998,-0.444828,-9.859454,0.408305,0.119395,-0.015503,-177.671509,1.678417,-8.662918,-0.021364,0.996809,-0.075799,-0.013067
7839,0.062014,-0.445243,-9.860362,0.671110,0.248750,0.132392,-177.653580,1.672366,-8.665116,-0.021517,0.996805,-0.075819,-0.013002
7840,0.069710,-0.465221,-9.859092,0.459415,0.251490,0.086490,-177.634857,1.664185,-8.669106,-0.021675,0.996800,-0.075855,-0.012918
7841,0.056720,-0.472266,-9.865939,0.357665,0.428156,0.164187,-177.621368,1.653040,-8.673749,-0.021785,0.996795,-0.075895,-0.012811
7842,0.062684,-0.455204,-9.855387,0.478640,0.557477,0.168642,-177.607605,1.636858,-8.679977,-0.021895,0.996791,-0.075948,-0.012660
7843,0.063074,-0.461453,-9.851268,0.146358,0.644080,0.090697,-177.597336,1.617031,-8.685137,-0.021972,0.996788,-0.075990,-0.012480
7844,0.067448,-0.463132,-9.853716,-0.208796,0.555196,0.058530,-177.598465,1.597164,-8.688459,-0.021949,0.996789,-0.076016,-0.012307
7845,0.077760,-0.445831,-9.854292,-0.148968,0.470920,-0.010258,-177.604477,1.580111,-8.689979,-0.021886,0.996791,-0.076025,-0.012162
7846,0.078152,-0.443585,-9.850313,-0.318097,0.479743,-0.091254,-177.612228,1.564210,-8.688951,-0.021808,0.996796,-0.076013,-0.012029
7847,0.073690,-0.440998,-9.851003,-0.529962,0.374083,-0.024232,-177.626328,1.549911,-8.687617,-0.021675,0.996801,-0.075997,-0.011915
7848,0.080090,-0.428300,-9.850073,-0.461101,0.120397,-0.082333,-177.642807,1.541604,-8.686182,-0.021527,0.996806,-0.075982,-0.011854
7849,0.085421,-0.410714,-9.846161,-0.433537,0.001022,-0.134328,-177.657623,1.539434,-8.682656,-0.021396,0.996812,-0.075949,-0.011845
7850,0.078445,-0.417887,-9.854344,-0.380051,-0.000870,0.115811,-177.671173,1.539419,-8.682348,-0.021278,0.996814,-0.075945,-0.011854
7851,0.069963,-0.419449,-9.854856,-0.212070,-0.163046,0.213360,-177.681183,1.542371,-8.687721,-0.021193,0.996812,-0.075991,-0.011885
7852,0.074970,-0.437199,-9.860628,-0.132504,-0.296240,0.216300,-177.687119,1.550309,-8.694570,-0.021148,0.996808,-0.076052,-0.011957
7853,0.078901,-0.434801,-9.861285,0.066155,-0.304268,0.168881,-177.688385,1.560568,-8.700583,-0.021144,0.996803,-0.076105,-0.012046
7854,0.079398,-0.430060,-9.850202,0.411281,-0.249703,0.197757,-177.680588,1.570041,-8.706317,-0.021219,0.996796,-0.076158,-0.012122
7855,0.068400,-0.440166,-9.850739,0.413092,-0.105134,0.049628,-177.666946,1.576117,-8.710197,-0.021342,0.996790,-0.076194,-0.012165
7856,0.061932,-0.453584,-9.854682,0.408874,0.079050,-0.022206,-177.653259,1.576571,-8.710638,-0.021461,0.996787,-0.076199,-0.012160
7857,0.046031,-0.436163,-9.849588,0.416830,0.072411,-0.007059,-177.639496,1.574028,-8.710256,-0.021579,0.996786,-0.076197,-0.012129
7858,0.047088,-0.427580,-9.856698,0.009616,-0.277620,0.226301,-177.632477,1.577596,-8.713766,-0.021643,0.996781,-0.076229,-0.012155
7859,0.040309,-0.478711,-9.894420,-0.824715,-0.543747,0.589361,-177.646423,1.591833,-8.726789,-0.021532,0.996773,-0.076343,-0.012285
7860,0.047167,-0.481020,-9.876817,-0.966067,-0.613018,0.725053,-177.676865,1.611991,-8.747900,-0.021283,0.996762,-0.076527,-0.012477
7861,0.058053,-0.441789,-9.837909,-0.713834,-0.621160,0.566240,-177.705444,1.633410,-8.768583,-0.021051,0.996751,-0.076707,-0.012679
7862,0.048259,-0.577055,-9.798246,-2.412833,0.757798,-0.450156,-177.757614,1.631212,-8.770608,-0.020596,0.996759,-0.076719,-0.012694
7863,0.044035,-0.540245,-9.747918,-2.344357,1.175382,-0.923331,-177.836288,1.598132,-8.748968,-0.019887,0.996792,-0.076517,-0.012463
7864,0.039374,-0.508263,-9.721326,-2.051732,1.263310,-1.521622,-177.908478,1.556000,-8.709743,-0.019227,0.996836,-0.076161,-0.012151
7865,0.003318,-0.450763,-9.755492,-1.916529,1.285414,-2.068013,-177.973053,1.511394,-8.651463,-0.018630,0.996891,-0.075641,-0.011815
7866,-0.018034,-0.446370,-9.835663,-2.373556,1.436940,-1.901778,-178.042877,1.463746,-8.586895,-0.017985,0.996951,-0.075065,-0.011457
7867,0.003133,-0.317238,-9.885106,-0.716100,0.729309,-0.649069,-178.093338,1.426232,-8.545609,-0.017518,0.996990,-0.074696,-0.011170
7868,0.026763,-0.367948,-9.929025,-0.552762,1.268475,-0.038770,-178.114227,1.392575,-8.535253,-0.017313,0.997004,-0.074599,-0.010892
7869,0.053537,-0.362544,-9.877700,-0.044341,2.146543,0.328900,-178.124344,1.335848,-8.541958,-0.017189,0.997008,-0.074649,-0.010404
7870,0.112647,-0.379688,-9.827181,-0.047024,2.202411,0.782010,-178.126343,1.264010,-8.562840,-0.017127,0.997002,-0.074821,-0.009778
7871,0.139206,-0.392332,-9.776541,-0.160960,1.722931,0.870413,-178.130447,1.199522,-8.592509,-0.017052,0.996990,-0.075070,-0.009215
7872,0.141199,-0.401405,-9.781304,-0.502164,0.892510,0.630740,-178.142044,1.156768,-8.618938,-0.016925,0.996979,-0.075293,-0.008846
7873,0.119274,-0.351026,-9.790133,-0.498662,0.147391,0.194233,-178.159012,1.139889,-8.633242,-0.016767,0.996973,-0.075414,-0.008709
7874,0.101234,-0.326260,-9.844986,-0.942537,-0.622340,0.178892,-178.183151,1.147998,-8.639203,-0.016563,0.996972,-0.075465,-0.008794
7875,0.092122,-0.334297,-9.922134,-1.589417,-0.821491,0.377189,-178.225525,1.172340,-8.647715,-0.016211,0.996970,-0.075539,-0.009033
7876,0.111239,-0.349277,-9.919703,-1.515937,-0.111135,0.538859,-178.277588,1.188343,-8.662504,-0.015770,0.996966,-0.075665,-0.009204
7877,0.117624,-0.282531,-9.861059,-0.879519,0.515425,0.564722,-178.317886,1.182155,-8.681097,-0.015416,0.996960,-0.075823,-0.009174
7878,0.126528,-0.305437,-9.848914,-1.041258,0.359252,1.132292,-178.350494,1.168407,-8.709801,-0.015126,0.996947,-0.076069,-0.009073
7879,0.135099,-0.327845,-9.881845,-1.260762,0.016971,1.344315,-178.389709,1.163314,-8.751246,-0.014785,0.996925,-0.076426,-0.009049
7880,0.121229,-0.322865,-9.863791,-0.956760,0.068345,1.258784,-178.427551,1.163097,-8.794662,-0.014459,0.996900,-0.076800,-0.009067
7881,0.102167,-0.282077,-9.887609,-1.035890,-0.197805,1.199201,-178.461594,1.166367,-8.835565,-0.014168,0.996877,-0.077154,-0.009113
7882,0.100345,-0.312734,-9.923360,-1.592634,-0.241251,1.365459,-178.506271,1.174813,-8.878108,-0.013789,0.996853,-0.077521,-0.009212
7883,0.079027,-0.403877,-9.798935,-1.793301,0.255402,1.008318,-178.563507,1.175587,-8.917673,-0.013294,0.996833,-0.077861,-0.009252
7884,0.119383,-0.244794,-9.827977,-2.329855,-1.092704,-0.459694,-178.632416,1.189759,-8.926475,-0.012705,0.996833,-0.077933,-0.009422
7885,0.148059,-0.289808,-9.869889,-2.265563,-1.239633,0.182653,-178.708878,1.228506,-8.920949,-0.012066,0.996841,-0.077882,-0.009811
7886,0.114194,-0.277646,-9.818113,-1.802779,-1.163761,-0.053935,-178.776718,1.268604,-8.922215,-0.011503,0.996843,-0.077891,-0.010206
7887,0.075598,-0.274389,-9.778934,-1.776364,-2.003670,-0.409539,-178.836166,1.321221,-8.913391,-0.011021,0.996850,-0.077813,-0.010705
7888,0.102779,-0.171459,-9.965701,-1.968404,-3.256521,-0.664404,-178.898117,1.408518,-8.893750,-0.010539,0.996859,-0.077643,-0.011508
7889,0.044724,-0.276858,-9.899750,-1.081537,-1.607092,0.357930,-178.948776,1.489467,-8.887115,-0.010152,0.996859,-0.077586,-0.012247
7890,0.001298,-0.204494,-9.816716,-1.361880,-1.690436,-0.666016,-178.989334,1.544328,-8.880991,-0.009836,0.996860,-0.077532,-0.012753
7891,0.009967,-0.194926,-9.803447,-2.307837,-2.743586,-0.997168,-179.049698,1.617740,-8.852001,-0.009357,0.996875,-0.077278,-0.013434
7893,0.058212,-0.142443,-10.056473,-3.803246,-3.501379,-1.403074,-179.150345,1.721182,-8.810350,-0.008545,0.996897,-0.076909,-0.014405
7894,0.001271,-0.026888,-9.950769,-4.738777,-2.002307,-1.456488,-179.291199,1.812255,-8.761429,-0.007374,0.996927,-0.076470,-0.015295
7895,-0.023593,-0.015082,-9.941970,-6.509069,-1.966644,-1.059749,-179.477295,1.877952,-8.718782,-0.005793,0.996957,-0.076076,-0.015993
7896,-0.051875,0.047834,-9.954679,-7.592713,-1.866915,-0.682843,-179.711334,1.941648,-8.689281,-0.003795,0.996977,-0.075787,-0.016704
7897,-0.057101,0.106137,-10.025284,-8.690135,-1.127835,0.061815,-179.982361,1.991542,-8.678800,-0.001468,0.996983,-0.075656,-0.017317
7898,-0.106167,0.119858,-9.840150,-9.238212,0.569492,0.861407,179.718307,2.000827,-8.694236,0.001127,0.996971,-0.075744,-0.017596
7899,-0.098017,0.089958,-9.878252,-9.838058,0.579114,1.207799,179.399170,1.981435,-8.728630,0.003911,0.996944,-0.075995,-0.017639
7900,-0.088397,0.187335,-9.893005,-9.685588,0.904621,1.183392,179.072418,1.956184,-8.768174,0.006765,0.996907,-0.076291,-0.017638
7901,-0.070360,0.240475,-9.882197,-9.731524,1.391894,1.502322,178.747314,1.917064,-8.812231,0.009613,0.996859,-0.076628,-0.017518
7902,-0.071585,0.286008,-9.857864,-9.969714,1.718950,1.470292,178.417374,1.864015,-8.860517,0.012511,0.996803,-0.077004,-0.017282
7903,-0.067897,0.355215,-9.840124,-9.866098,1.566851,1.760236,178.085114,1.807632,-8.912694,0.015432,0.996734,-0.077416,-0.017022
7904,-0.069767,0.430692,-9.859735,-10.436975,1.236204,2.112745,177.744781,1.758605,-8.975529,0.018416,0.996647,-0.077921,-0.016836
7905,-0.065015,0.471201,-9.854803,-11.682309,0.847556,2.495774,177.373840,1.720643,-9.050814,0.021657,0.996536,-0.078529,-0.016772
7906,-0.063259,0.518068,-9.864761,-12.375221,0.509256,2.916953,176.970230,1.693611,-9.139822,0.025173,0.996395,-0.079249,-0.016833
7907,-0.052949,0.600158,-9.853559,-12.656133,0.207579,3.170284,176.550079,1.675958,-9.240473,0.028823,0.996228,-0.080067,-0.016995
7908,-0.050435,0.699905,-9.825669,-13.217854,-0.005591,2.944478,176.115891,1.666086,-9.341992,0.032589,0.996041,-0.080888,-0.017242
7909,-0.052788,0.767979,-9.820447,-13.746023,-0.014290,2.714098,175.663773,1.659647,-9.436113,0.036509,0.995839,-0.081639,-0.017535
7910,-0.066049,0.866591,-9.828992,-13.836267,-0.068787,2.280772,175.201675,1.654387,-9.519239,0.040516,0.995624,-0.082292,-0.017847
7911,-0.069667,0.954844,-9.813839,-15.124391,-0.365923,1.499539,174.717163,1.656053,-9.582658,0.044713,0.995398,-0.082766,-0.018234
7912,-0.085832,1.035614,-9.802511,-16.720764,-0.542532,0.883109,174.185242,1.667251,-9.623651,0.049319,0.995150,-0.083031,-0.018733
7913,-0.047589,1.095578,-9.803283,-18.074474,-0.987680,0.567289,173.604553,1.690011,-9.650401,0.054340,0.994865,-0.083156,-0.019364
7914,-0.035273,1.176971,-9.797585,-18.997829,-1.734908,-0.006403,172.986252,1.733971,-9.664972,0.059672,0.994544,-0.083153,-0.020202
7915,-0.041561,1.304259,-9.768112,-19.271145,-1.955674,-0.802872,172.348633,1.796674,-9.659407,0.065159,0.994195,-0.082954,-0.021205
7916,-0.065204,1.455591,-9.764797,-19.765781,-1.784290,-1.236166,171.698837,1.863082,-9.634377,0.070751,0.993822,-0.082573,-0.022235
7917,-0.072666,1.550882,-9.764672,-21.130215,-1.718204,-1.469558,171.018433,1.927546,-9.598552,0.076610,0.993404,-0.082084,-0.023260
7918,-0.128889,1.674940,-9.778394,-22.508369,-1.459892,-1.753308,170.292679,1.988522,-9.554134,0.082865,0.992926,-0.081505,-0.024275
7919,-0.155856,1.851337,-9.742783,-23.384548,-0.910187,-1.649472,169.529541,2.037332,-9.505208,0.089450,0.992382,-0.080878,-0.025202
7920,-0.167294,1.967081,-9.719159,-25.142752,-0.355924,-0.959681,168.722183,2.066259,-9.466497,0.096427,0.991752,-0.080339,-0.025989
7921,-0.167505,2.064507,-9.682637,-26.346998,-0.157201,-0.030313,167.864578,2.078018,-9.452110,0.103841,0.991012,-0.080006,-0.026678
7922,-0.186165,2.213536,-9.622108,-26.370148,-0.089721,1.068434,166.985382,2.078323,-9.469931,0.111437,0.990173,-0.079953,-0.027311
7923,-0.189588,2.390011,-9.555944,-26.410131,-0.035994,2.020693,166.103928,2.068449,-9.520540,0.119045,0.989252,-0.080188,-0.027892
7924,-0.191196,2.526980,-9.519540,-27.861614,0.036034,2.234410,165.196991,2.050931,-9.589303,0.126867,0.988232,-0.080578,-0.028451
7925,-0.190198,2.679964,-9.479871,-28.566921,-0.245958,2.335211,164.253937,2.034249,-9.663744,0.134989,0.987103,-0.081002,-0.029058
7926,-0.199353,2.798813,-9.434162,-28.196413,-0.224306,2.507730,163.305115,2.019237,-9.743461,0.143148,0.985896,-0.081464,-0.029698
7927,-0.185341,2.971140,-9.427320,-27.563416,-0.452906,1.996639,162.373215,2.007885,-9.818567,0.151150,0.984646,-0.081880,-0.030361
7928,-0.191362,3.127377,-9.369229,-26.391775,-1.124022,1.407731,161.471848,2.015239,-9.880669,0.158867,0.983382,-0.082161,-0.031153
7929,-0.204645,3.246287,-9.336850,-24.640259,-1.639515,1.693176,160.619110,2.041995,-9.944490,0.166143,0.982126,-0.082435,-0.032085
7930,-0.223963,3.366491,-9.302897,-23.653179,-2.261846,1.993876,159.811386,2.082412,-10.024343,0.173007,0.980872,-0.082828,-0.033132
7931,-0.232588,3.555603,-9.263126,-23.242926,-3.171067,1.621641,159.026566,2.146030,-10.112610,0.179645,0.979599,-0.083252,-0.034380
7932,-0.258002,3.681001,-9.201460,-23.745228,-3.649993,1.160902,158.240234,2.235001,-10.197218,0.186266,0.978281,-0.083589,-0.035848
7933,-0.290498,3.810776,-9.160658,-24.769400,-3.361410,1.072482,157.428558,2.329155,-10.275804,0.193090,0.976878,-0.083842,-0.037373
7934,-0.310861,3.958397,-9.096903,-25.416689,-3.565720,1.408265,156.588730,2.419264,-10.359048,0.200144,0.975374,-0.084114,-0.038899
7935,-0.321666,4.118179,-9.034570,-25.777145,-3.873795,0.186083,155.732330,2.521949,-10.433529,0.207318,0.973794,-0.084265,-0.040533
7936,-0.341018,4.246320,-8.946409,-26.892967,-3.780549,-1.335175,154.852921,2.645777,-10.469440,0.214671,0.972146,-0.084019,-0.042295
7937,-0.376833,4.360586,-8.849959,-27.247347,-3.540833,-1.798971,153.950378,2.778288,-10.475036,0.222210,0.970419,-0.083469,-0.044088
7938,-0.403572,4.483074,-8.750834,-27.925219,-3.401849,-2.104077,153.031204,2.910824,-10.468465,0.229880,0.968606,-0.082786,-0.045861
7939,-0.438367,4.630792,-8.683846,-28.810617,-3.140805,-4.202150,152.087921,3.056001,-10.425387,0.237743,0.966708,-0.081735,-0.047675
7940,-0.473957,4.751251,-8.618135,-29.732618,-2.626479,-4.273802,151.116547,3.207593,-10.346680,0.245838,0.964709,-0.080334,-0.049472
7941,-0.527022,4.916792,-8.565619,-30.003025,-2.409740,-2.894315,150.124634,3.339316,-10.283697,0.254099,0.962583,-0.079076,-0.051131
7942,-0.545655,5.093319,-8.500455,-31.341599,-2.838485,-1.885634,149.103760,3.455136,-10.259246,0.262580,0.960293,-0.078142,-0.052746
7943,-0.553637,5.235843,-8.416942,-31.871429,-3.178713,-1.124142,148.049728,3.566938,-10.268765,0.271305,0.957826,-0.077463,-0.054418
7944,-0.581189,5.381596,-8.300412,-32.044201,-3.056584,0.459826,146.981644,3.660597,-10.315338,0.280121,0.955221,-0.077107,-0.056031
7945,-0.608641,5.507826,-8.179859,-32.984489,-2.659808,0.844406,145.893372,3.728059,-10.386344,0.289088,0.952468,-0.076988,-0.057500
7946,-0.606702,5.632581,-8.050816,-32.208092,-2.777270,0.852082,144.802032,3.786522,-10.461329,0.298059,0.949619,-0.076904,-0.058909
7947,-0.611182,5.764123,-7.932508,-28.605659,-2.713134,-0.113775,143.784317,3.853648,-10.524850,0.306390,0.946890,-0.076720,-0.060313
7948,-0.620328,5.877192,-7.830390,-26.007257,-2.244625,-1.059792,142.871872,3.931554,-10.558528,0.313836,0.944396,-0.076297,-0.061655
7949,-0.619779,5.986002,-7.731461,-23.817766,-1.466340,-1.209268,142.040985,4.003572,-10.566222,0.320609,0.942089,-0.075706,-0.062819
7950,-0.644249,6.099695,-7.648421,-21.439054,-0.680425,-0.516432,141.286758,4.049439,-10.565873,0.326764,0.939958,-0.075155,-0.063691
7951,-0.663924,6.196888,-7.608516,-20.792240,0.381665,-0.690334,140.583817,4.065982,-10.553413,0.332516,0.937944,-0.074612,-0.064249
7952,-0.669721,6.294937,-7.567517,-22.109243,1.500208,-0.415624,139.871246,4.053626,-10.519132,0.338372,0.935880,-0.073968,-0.064510
7953,-0.662912,6.396225,-7.462914,-24.265511,2.467686,0.103237,139.101669,4.006711,-10.472153,0.344716,0.933617,-0.073294,-0.064483
7954,-0.657658,6.508981,-7.378609,-28.078962,4.254584,1.182116,138.233292,3.908434,-10.414162,0.351897,0.931014,-0.072639,-0.064062
7955,-0.643526,6.655596,-7.303260,-31.950418,5.667628,2.112980,137.237595,3.749121,-10.343535,0.360147,0.927963,-0.072016,-0.063182
7956,-0.601175,6.794404,-7.172311,-34.147957,5.611215,2.106937,136.141022,3.564112,-10.265693,0.369207,0.924516,-0.071384,-0.062128
7957,-0.551526,6.921571,-6.977457,-35.243839,5.518198,1.931539,134.989578,3.384579,-10.183720,0.378669,0.920801,-0.070699,-0.061132
7958,-0.523803,7.064321,-6.858833,-36.148998,6.296489,2.798357,133.804749,3.190516,-10.098018,0.388372,0.916875,-0.070043,-0.060020
7959,-0.485004,7.205930,-6.733860,-33.048584,4.763007,2.545150,132.655548,2.999412,-10.024710,0.397737,0.912961,-0.069524,-0.058946
7960,-0.441354,7.291662,-6.556611,-26.772692,1.583060,0.744664,131.660751,2.887855,-9.982994,0.405757,0.909486,-0.069077,-0.058516
7961,-0.448825,7.381131,-6.387890,-23.469311,0.974282,0.708134,130.824280,2.841621,-9.966690,0.412429,0.906505,-0.068687,-0.058595
7962,-0.479098,7.444801,-6.336411,-23.249779,1.726588,1.611524,130.046112,2.783025,-9.957477,0.418626,0.903681,-0.068431,-0.058565
7963,-0.504824,7.507000,-6.291352,-21.102884,0.403593,1.460444,129.306671,2.720955,-9.962914,0.424494,0.900949,-0.068326,-0.058538
7964,-0.491067,7.575194,-6.127499,-19.094837,-1.386355,1.229988,128.634796,2.696447,-10.003855,0.429767,0.898417,-0.068396,-0.058900
7965,-0.478206,7.696104,-5.995598,-20.692654,-0.022213,2.043276,127.969246,2.668253,-10.056086,0.434972,0.895871,-0.068569,-0.059274
7966,-0.458604,7.748350,-5.933064,-22.205053,1.468594,2.411012,127.253113,2.594701,-10.082394,0.440606,0.893107,-0.068687,-0.059231
7967,-0.439782,7.853146,-5.842349,-20.293259,1.116099,2.441537,126.544205,2.504111,-10.096566,0.446185,0.890340,-0.068785,-0.059007
7968,-0.418902,7.951849,-5.712780,-18.019873,0.760557,1.541257,125.905067,2.432099,-10.110579,0.451192,0.887816,-0.068849,-0.058888
7969,-0.444956,7.988072,-5.720689,-19.884743,2.442110,1.390181,125.273972,2.361297,-10.095561,0.456137,0.885313,-0.068692,-0.058661
7970,-0.427422,8.063469,-5.653788,-21.033852,2.727427,1.846396,124.593643,2.267676,-10.055816,0.461476,0.882595,-0.068415,-0.058188
7971,-0.409791,8.154310,-5.558121,-20.385426,1.705032,1.452677,123.904510,2.180658,-10.025693,0.466856,0.879803,-0.068190,-0.057808
7972,-0.399891,8.243823,-5.431262,-21.504070,1.293004,1.097105,123.207062,2.117658,-10.007490,0.472259,0.876942,-0.067959,-0.057666
7973,-0.382594,8.321588,-5.290141,-25.314520,2.306190,1.980587,122.427612,2.042053,-9.984833,0.478280,0.873706,-0.067709,-0.057457
7974,-0.320113,8.457201,-5.121222,-27.631205,3.319401,2.581820,121.546593,1.927883,-9.945621,0.485087,0.869999,-0.067454,-0.056945
7975,-0.307283,8.468257,-5.021601,-27.878757,3.665805,2.020331,120.623444,1.802066,-9.885539,0.492201,0.866066,-0.067082,-0.056279
7976,-0.290487,8.523484,-4.873329,-28.373447,4.279240,2.548343,119.688286,1.669680,-9.809242,0.499384,0.862030,-0.066626,-0.055497
7977,-0.272525,8.584122,-4.753726,-27.825905,4.972019,3.439513,118.754082,1.507308,-9.723417,0.506550,0.857936,-0.066249,-0.054446
7978,-0.254838,8.681410,-4.668558,-24.368355,4.378438,3.500568,117.886276,1.331552,-9.641169,0.513193,0.854072,-0.066012,-0.053269
7979,-0.264459,8.702112,-4.576235,-21.087719,2.954733,3.143476,117.129951,1.176910,-9.583929,0.518949,0.850652,-0.065936,-0.052298
7980,-0.258183,8.795266,-4.468127,-19.969275,2.167314,3.727827,116.446182,1.036258,-9.559320,0.524120,0.847511,-0.066086,-0.051538
7981,-0.240339,8.858210,-4.385165,-18.570053,1.193721,3.700260,115.803795,0.900490,-9.563560,0.528950,0.844513,-0.066455,-0.050928
7982,-0.217753,8.899077,-4.276157,-16.995338,0.044646,2.656420,115.210655,0.796029,-9.590551,0.533370,0.841713,-0.066876,-0.050630
7983,-0.214062,8.936155,-4.158084,-17.099167,-0.292642,1.824669,114.641960,0.730074,-9.625729,0.537568,0.839012,-0.067191,-0.050644
7984,-0.204251,9.018309,-4.068686,-16.653700,-0.494130,0.590059,114.079056,0.698820,-9.654238,0.541690,0.836334,-0.067298,-0.050880
7985,-0.214168,9.049319,-3.982778,-15.626867,-0.663576,-0.997053,113.540886,0.712803,-9.669106,0.545596,0.833777,-0.067100,-0.051368
7986,-0.243495,9.080650,-3.897827,-15.814662,-0.930698,-2.161522,113.016815,0.771643,-9.672646,0.549364,0.831292,-0.066607,-0.052118
7987,-0.255688,9.103931,-3.795675,-15.799518,-0.891118,-2.590524,112.489967,0.856414,-9.669971,0.553127,0.828789,-0.065938,-0.053023
7988,-0.259230,9.090031,-3.708704,-16.146017,0.039607,-2.558689,111.957863,0.941217,-9.650633,0.556923,0.826253,-0.065138,-0.053846
7990,-0.258648,9.097167,-3.586641,-19.738167,2.268904,0.189313,111.360626,0.963684,-9.600308,0.561231,0.823376,-0.064385,-0.054099
7991,-0.219986,9.162437,-3.409315,-22.620871,3.520103,1.966879,110.655899,0.895514,-9.523268,0.566364,0.819927,-0.063837,-0.053626
7992,-0.173454,9.223716,-3.259070,-24.640030,4.722501,3.027329,109.869713,0.769845,-9.423311,0.572102,0.816032,-0.063384,-0.052670
7993,-0.137130,9.270186,-3.118254,-26.712648,5.486975,4.081722,109.015327,0.601460,-9.302355,0.578328,0.811748,-0.062984,-0.051339
7994,-0.090332,9.354692,-2.942030,-27.273134,4.992571,4.664633,108.116653,0.407672,-9.183254,0.584843,0.807179,-0.062730,-0.049859
7995,-0.067004,9.394933,-2.757212,-24.855095,3.477329,3.105153,107.248444,0.241477,-9.088117,0.591079,0.802711,-0.062542,-0.048678
7996,-0.055397,9.430308,-2.654777,-23.064209,2.892892,2.636684,106.450081,0.119168,-9.014157,0.596757,0.798565,-0.062323,-0.047876
7997,-0.037542,9.487759,-2.541435,-20.551506,2.293194,2.604612,105.723244,0.011305,-8.955295,0.601893,0.794751,-0.062177,-0.047213
7998,-0.042096,9.555702,-2.430694,-19.303783,1.933059,2.488588,105.059006,-0.089207,-8.909925,0.606563,0.791232,-0.062121,-0.046638
7999,-0.044667,9.586026,-2.346460,-19.700981,1.902516,2.428983,104.408829,-0.184716,-8.868946,0.611109,0.787759,-0.062082,-0.046115
8000,-0.029038,9.640521,-2.216763,-20.772642,1.820087,2.618085,103.734146,-0.281387,-8.829212,0.615803,0.784128,-0.062057,-0.045604
8001,-0.096078,9.700131,-2.044113,-22.990360,1.620145,3.629580,103.004601,-0.395937,-8.797507,0.620853,0.780158,-0.062170,-0.045046
8002,-0.047075,9.771135,-1.823594,-27.016466,1.606358,4.552520,102.171005,-0.540711,-8.774779,0.626593,0.775569,-0.062478,-0.044393
8003,-0.005641,9.742477,-1.655156,-30.310236,2.100719,5.237457,101.215309,-0.712980,-8.747357,0.633134,0.770252,-0.062872,-0.043602
8004,0.036837,9.753215,-1.481248,-30.045576,1.949625,5.368511,100.208992,-0.899214,-8.713895,0.639974,0.764592,-0.063302,-0.042722
8005,0.062063,9.784307,-1.362650,-27.353127,1.334656,4.690828,99.251991,-1.073680,-8.688292,0.646426,0.759151,-0.063756,-0.041947
8006,0.159838,9.786422,-1.242307,-24.829964,0.944012,3.382996,98.381996,-1.212434,-8.671369,0.652238,0.754161,-0.064113,-0.041419
8007,0.143039,9.736239,-1.165012,-21.665789,0.799047,2.304078,97.606758,-1.310321,-8.655718,0.657373,0.749691,-0.064289,-0.041121
8008,0.154842,9.808516,-1.028316,-19.107342,0.422138,1.470792,96.926956,-1.375305,-8.643445,0.661841,0.745751,-0.064339,-0.041007
8009,0.150918,9.838656,-0.950011,-19.907434,0.635759,1.353144,96.276443,-1.424072,-8.631309,0.666089,0.741964,-0.064309,-0.040985
8010,0.160879,9.882656,-0.824369,-21.836687,0.780715,1.659689,95.580261,-1.476462,-8.612999,0.670612,0.737886,-0.064247,-0.040930
8011,0.165718,9.899958,-0.691287,-23.328033,0.675421,1.281090,94.827026,-1.527475,-8.593278,0.675476,0.733446,-0.064150,-0.040908
8012,0.165822,9.902982,-0.556691,-26.082861,0.885997,0.786509,94.002930,-1.563828,-8.569952,0.680756,0.728564,-0.063922,-0.040998
8013,0.174543,9.882307,-0.405736,-29.536572,1.330042,1.027418,93.075035,-1.596289,-8.534907,0.686658,0.723029,-0.063560,-0.041099
8014,0.187782,9.875207,-0.189057,-31.255371,1.693218,1.527743,92.060547,-1.641105,-8.486473,0.693067,0.716925,-0.063162,-0.041086
8015,0.204725,9.824662,-0.004504,-31.780954,1.851926,1.617614,91.008347,-1.695105,-8.428825,0.699661,0.710533,-0.062753,-0.040977
8016,0.216219,9.796522,0.186887,-31.638206,1.867201,2.259881,89.949600,-1.760250,-8.367364,0.706241,0.704036,-0.062395,-0.040775
8017,0.234715,9.816343,0.360700,-29.496498,1.615443,2.714470,88.928940,-1.842577,-8.308540,0.712534,0.697705,-0.062182,-0.040461
8018,0.241431,9.867394,0.488315,-26.344572,1.063080,1.600407,87.996803,-1.913254,-8.262012,0.718226,0.691872,-0.062012,-0.040246
8019,0.247291,9.847410,0.645964,-23.833487,0.376436,-0.201863,87.159721,-1.935497,-8.236985,0.723277,0.686608,-0.061706,-0.040407
8020,0.221078,9.789572,0.803722,-22.334101,0.236079,-0.832256,86.389984,-1.917672,-8.227654,0.727870,0.681749,-0.061265,-0.040867
8021,0.216295,9.770757,0.907191,-22.552898,0.365815,-0.797376,85.641632,-1.889872,-8.219495,0.732301,0.677001,-0.060771,-0.041379
8022,0.210981,9.749935,1.041865,-23.093649,0.252930,-0.948659,84.880638,-1.860027,-8.211618,0.736774,0.672144,-0.060257,-0.041906
8023,0.205562,9.698707,1.206131,-23.957943,0.024080,-0.599438,84.096413,-1.833896,-8.209494,0.741349,0.667101,-0.059788,-0.042457
8024,0.195107,9.720662,1.313860,-25.644712,-0.068960,0.308266,83.269798,-1.829144,-8.210796,0.746140,0.661738,-0.059457,-0.042923
8025,0.209218,9.789905,1.460004,-27.777020,-0.340532,1.118317,82.379616,-1.853587,-8.214656,0.751264,0.655906,-0.059304,-0.043268
8026,0.217419,9.788601,1.602830,-27.881355,-0.612103,0.576416,81.452431,-1.883772,-8.226459,0.756551,0.649783,-0.059218,-0.043653
8027,0.220934,9.766756,1.767190,-27.303596,-0.850101,0.232885,80.533470,-1.900884,-8.248393,0.761734,0.643674,-0.059102,-0.044176
8028,0.226701,9.718726,1.925505,-27.465916,-1.466525,0.856795,79.621880,-1.925405,-8.283295,0.766824,0.637562,-0.059107,-0.044741
8029,0.222249,9.690744,2.065754,-27.135353,-2.182130,1.218241,78.713737,-1.970765,-8.336598,0.771845,0.631411,-0.059349,-0.045317
8030,0.232965,9.679029,2.227811,-26.107435,-2.542191,0.265860,77.828918,-2.010943,-8.408735,0.776679,0.625372,-0.059663,-0.046043
8031,0.229665,9.636122,2.360765,-25.442678,-2.511609,0.851605,76.972572,-2.047449,-8.486868,0.781309,0.619487,-0.059988,-0.046822
8032,0.238739,9.576966,2.516757,-26.128366,-2.423037,2.621464,76.115532,-2.122884,-8.553461,0.785914,0.613546,-0.060509,-0.047321
8033,0.250804,9.548441,2.616698,-27.136000,-1.952981,3.130911,75.229660,-2.233851,-8.600533,0.790644,0.607358,-0.061155,-0.047521
8034,0.280216,9.479753,2.819354,-27.490553,-1.435621,3.544234,74.320290,-2.356061,-8.625844,0.795459,0.600975,-0.061755,-0.047537
8035,0.301175,9.392093,2.994185,-28.257198,-1.099839,4.670178,73.391327,-2.499349,-8.628383,0.800339,0.594414,-0.062379,-0.047308
8036,0.314716,9.308968,3.189116,-29.849455,-1.247766,4.450251,72.422646,-2.656173,-8.621155,0.805374,0.587530,-0.063039,-0.046975
8037,0.333243,9.217977,3.258832,-31.263157,-2.302083,3.157583,71.404999,-2.795044,-8.638021,0.810583,0.580255,-0.063685,-0.046945
8038,0.379309,9.186140,3.527378,-30.874765,-3.437273,3.079567,70.372238,-2.924468,-8.694354,0.815782,0.572809,-0.064460,-0.047268
8039,0.391059,9.154181,3.704443,-30.996115,-3.760664,3.177044,69.345161,-3.063579,-8.771204,0.820878,0.565336,-0.065406,-0.047704
8040,0.407919,9.088411,3.807690,-30.476521,-3.693409,2.192626,68.325256,-3.191859,-8.854875,0.825865,0.557872,-0.066309,-0.048259
8041,0.470945,9.096218,3.938355,-29.196901,-3.371337,2.512902,67.335297,-3.308881,-8.934379,0.830640,0.550588,-0.067117,-0.048840
8042,0.508310,9.087252,4.205967,-28.007326,-2.095574,3.570248,66.384567,-3.437927,-8.978415,0.835181,0.543561,-0.067856,-0.049099
8043,0.485013,8.986793,4.284346,-26.427141,-0.792329,2.878859,65.477417,-3.555793,-8.978567,0.839475,0.536847,-0.068327,-0.049080
8044,0.508467,8.871617,4.377586,-26.693253,0.031790,1.410742,64.590981,-3.626010,-8.959784,0.843620,0.530298,-0.068373,-0.049141
8045,0.518112,8.793410,4.469405,-27.017294,0.477477,1.720333,63.693909,-3.669270,-8.929215,0.847764,0.523664,-0.068166,-0.049249
8046,0.492588,8.681158,4.632846,-25.479713,1.062042,0.120965,62.816662,-3.685161,-8.892424,0.851766,0.517169,-0.067739,-0.049424
8047,0.492568,8.588877,4.752720,-25.646626,1.718344,-2.639656,61.963226,-3.626480,-8.870667,0.855597,0.510867,-0.066835,-0.050028
8048,0.492292,8.611264,4.877865,-27.769732,2.089298,-2.403357,61.072021,-3.522300,-8.854770,0.859540,0.504281,-0.065595,-0.050890
8049,0.470238,8.658768,5.060277,-25.861277,2.255778,-0.937164,60.176060,-3.438292,-8.818930,0.863463,0.497625,-0.064408,-0.051499
8050,0.462951,8.579048,5.283741,-26.443184,1.938548,1.333190,59.300556,-3.408829,-8.755178,0.867266,0.491070,-0.063517,-0.051634
8051,0.503317,8.484241,5.347236,-28.860798,1.099430,4.537457,58.373238,-3.466404,-8.661193,0.871259,0.484047,-0.063137,-0.051187
8052,0.522728,8.388625,5.469639,-29.439623,0.649395,8.100364,57.393158,-3.629343,-8.524476,0.875440,0.476539,-0.063370,-0.049997
8053,0.550268,8.217291,5.610080,-28.362852,0.550321,9.259952,56.418427,-3.860910,-8.349606,0.879550,0.469010,-0.063999,-0.048236
8054,0.600443,8.077720,5.720009,-28.079601,0.263556,9.403291,55.464874,-4.111043,-8.163823,0.883505,0.461604,-0.064770,-0.046317
8055,0.642814,7.934309,5.851857,-26.120911,0.455928,8.367105,54.548313,-4.346770,-7.983700,0.887240,0.454462,-0.065503,-0.044494
8056,0.647230,7.798768,5.998061,-24.588015,0.936727,6.392455,53.690563,-4.532460,-7.820210,0.890674,0.447773,-0.065969,-0.042979
8057,0.653919,7.825383,6.092474,-22.978781,1.530481,3.544925,52.887253,-4.640614,-7.687729,0.893835,0.441521,-0.065997,-0.041986
8058,0.686494,7.783254,6.188240,-21.363316,2.018953,2.694815,52.139271,-4.687071,-7.577000,0.896735,0.435709,-0.065663,-0.041371
8059,0.702384,7.608354,6.265575,-21.105928,2.698153,1.742491,51.422668,-4.696541,-7.469079,0.899481,0.430148,-0.065072,-0.040898
8060,0.696553,7.643249,6.312746,-21.222328,3.183558,-0.177271,50.709656,-4.655229,-7.376066,0.902176,0.424623,-0.064147,-0.040724
8061,0.696045,7.722208,6.440164,-20.422995,3.606399,0.356639,50.008404,-4.585292,-7.286636,0.904796,0.419189,-0.063019,-0.040669
8062,0.679566,7.566289,6.558321,-19.554985,3.205244,2.678929,49.332596,-4.550427,-7.166975,0.907298,0.413933,-0.062070,-0.040219
8063,0.658070,7.408821,6.651206,-19.616385,2.474506,3.214361,48.668919,-4.562521,-7.030764,0.909726,0.408737,-0.061446,-0.039453
8064,0.664878,7.309733,6.710004,-21.319723,1.931465,2.226921,47.977470,-4.581419,-6.915296,0.912214,0.403290,-0.060951,-0.038837
8065,0.669892,7.182176,6.797154,-22.797255,2.082716,1.613344,47.234798,-4.583514,-6.822420,0.914840,0.397417,-0.060393,-0.038482
8066,0.663652,7.141781,6.846782,-24.434973,2.400295,1.312580,46.440594,-4.567946,-6.734255,0.917603,0.391123,-0.059699,-0.038248
8067,0.651166,7.060593,6.989540,-26.150476,3.303842,1.042322,45.589935,-4.530157,-6.638274,0.920518,0.384373,-0.058789,-0.038047
8068,0.645695,6.952111,7.121162,-28.114742,4.225714,0.308177,44.677338,-4.457601,-6.533091,0.923594,0.377126,-0.057554,-0.037908
8069,0.601624,6.898038,7.317630,-29.259626,4.749349,0.272887,43.712593,-4.357106,-6.421484,0.926786,0.369451,-0.056062,-0.037816
8070,0.616601,6.757368,7.348717,-29.656775,4.799947,1.002087,42.721363,-4.255693,-6.296655,0.930002,0.361538,-0.054517,-0.037609
8071,0.568231,6.527570,7.575643,-30.728491,5.576891,0.425107,41.705189,-4.143630,-6.162522,0.933230,0.353402,-0.052857,-0.037348
8072,0.550198,6.388087,7.634326,-31.171629,5.726707,-1.111687,40.665401,-3.994323,-6.046736,0.936455,0.345053,-0.050949,-0.037334
8073,0.520961,6.268593,7.753612,-30.366524,6.485367,-1.829058,39.633480,-3.807080,-5.952677,0.939579,0.336746,-0.048801,-0.037576
8074,0.486570,6.195983,7.800154,-28.976885,7.475970,-1.809412,38.638069,-3.588341,-5.852564,0.942527,0.328726,-0.046388,-0.037808
8075,0.405553,6.091865,7.997514,-28.556149,8.622252,-2.513084,37.672649,-3.332934,-5.743189,0.945327,0.320945,-0.043657,-0.038017
8076,0.367689,5.897818,8.029333,-28.553547,9.400819,-4.432933,36.715939,-3.023708,-5.653590,0.948032,0.313225,-0.040538,-0.038491
8077,0.291767,5.770933,8.151404,-30.438524,11.384878,-7.994681,35.730995,-2.621802,-5.615802,0.950732,0.305268,-0.036773,-0.039603
8078,0.205287,5.849477,8.152786,-34.854805,12.938655,-12.262960,34.644669,-2.095857,-5.657947,0.953591,0.296473,-0.032131,-0.041670
8079,0.104159,5.619373,8.312719,-41.405712,13.798155,-15.043475,33.377895,-1.471812,-5.785862,0.956764,0.286165,-0.026779,-0.044656
8080,-0.009895,5.411147,8.423565,-38.586010,12.382519,-14.842330,32.048676,-0.835510,-5.969229,0.959920,0.275299,-0.021371,-0.048033
8081,-0.099859,5.247189,8.541492,-36.213387,10.408384,-13.972815,30.804298,-0.260993,-6.180946,0.962713,0.265087,-0.016511,-0.051372
8082,-0.134528,5.085705,8.611854,-34.245064,7.274481,-11.211101,29.630304,0.204901,-6.395381,0.965223,0.255399,-0.012537,-0.054383
8083,-0.169080,4.760793,8.829732,-30.387779,4.232043,-7.938141,28.552076,0.527565,-6.581292,0.967446,0.246441,-0.009700,-0.056761
8084,-0.180604,4.651932,8.889185,-23.332272,1.372642,-5.478456,27.655186,0.715216,-6.734769,0.969236,0.238940,-0.007988,-0.058524
8085,-0.175094,4.514955,8.959013,-24.956163,0.391586,-5.583809,26.848431,0.825795,-6.885358,0.970797,0.232155,-0.006944,-0.060078
8086,-0.156733,4.395200,9.009755,-25.200603,-0.478140,-5.188625,26.010105,0.904422,-7.046843,0.972369,0.225077,-0.006154,-0.061651
8087,-0.180605,4.248480,9.047622,-23.864174,-0.995401,-4.775118,25.189816,0.954021,-7.207285,0.973859,0.218129,-0.005596,-0.063151
8088,-0.184164,4.090155,9.067689,-22.736811,-1.688138,-3.929776,24.410654,0.974280,-7.357794,0.975232,0.211506,-0.005272,-0.064506
8089,-0.172134,3.979169,9.108052,-21.835278,-2.002461,-3.238546,23.665558,0.966756,-7.492025,0.976511,0.205150,-0.005157,-0.065669
8090,-0.160094,3.868816,9.172635,-20.890995,-1.854453,-2.677007,22.951550,0.946714,-7.608046,0.977707,0.199046,-0.005120,-0.066655
8091,-0.161274,3.760711,9.211788,-20.018423,-1.421102,-2.200918,22.268187,0.927551,-7.704098,0.978824,0.193197,-0.005048,-0.067473
8093,-0.155014,3.663726,9.273343,-18.443911,-0.851941,-1.402860,21.626045,0.914838,-7.773963,0.979852,0.187699,-0.004893,-0.068077
8094,-0.150546,3.577625,9.297846,-16.790024,0.100221,-0.783332,21.038221,0.916386,-7.812457,0.980779,0.182669,-0.004592,-0.068433
8095,-0.157007,3.459946,9.330057,-16.625435,1.163780,0.174950,20.481276,0.939644,-7.814441,0.981650,0.177913,-0.004063,-0.068508
8096,-0.164812,3.385193,9.363469,-16.425755,2.158683,1.218681,19.931122,0.983535,-7.773485,0.982510,0.173225,-0.003296,-0.068241
8097,-0.175630,3.303919,9.404675,-15.884248,3.028464,1.586423,19.393927,1.049160,-7.700336,0.983343,0.168656,-0.002305,-0.067724
8098,-0.189420,3.227026,9.431114,-16.345255,3.788384,1.476550,18.858418,1.139747,-7.614836,0.984155,0.164111,-0.001088,-0.067129
8099,-0.211989,3.134375,9.458395,-16.797098,3.940995,2.009088,18.308060,1.243334,-7.518672,0.984969,0.159440,0.000259,-0.066449
8100,-0.233583,3.021335,9.496466,-16.646233,3.496976,2.125045,17.753027,1.339864,-7.414764,0.985772,0.154719,0.001551,-0.065682
8101,-0.275546,2.941308,9.534813,-16.152044,3.080451,1.893083,17.208736,1.424306,-7.317953,0.986535,0.150078,0.002717,-0.064950
8102,-0.293388,2.867273,9.548159,-16.165958,2.534249,2.579719,16.672623,1.492110,-7.219354,0.987269,0.145495,0.003730,-0.064173
8103,-0.267038,2.745030,9.570371,-15.802982,1.852207,2.974915,16.142710,1.536069,-7.109891,0.987983,0.140946,0.004541,-0.063264
8104,-0.254474,2.669744,9.604998,-16.088543,1.231150,2.234837,15.613824,1.561730,-7.012309,0.988672,0.136394,0.005170,-0.062431
8105,-0.255545,2.628859,9.602904,-16.546473,0.487996,1.319285,15.071689,1.573724,-6.947597,0.989339,0.131718,0.005644,-0.061861
8106,-0.247757,2.542089,9.639278,-20.306456,-1.820768,0.092449,14.457952,1.546293,-6.930519,0.990045,0.126403,0.005757,-0.061652
8107,-0.127911,2.392614,9.723382,-28.082727,-5.768495,-2.851024,13.649532,1.434844,-7.005938,0.990891,0.119361,0.005149,-0.062148
8108,-0.094588,2.141787,9.779520,-34.551441,-7.497645,-5.077289,12.601492,1.249719,-7.184989,0.991872,0.110204,0.003942,-0.063472
8109,-0.059930,1.937560,9.821837,-35.346909,-7.391125,-4.924639,11.432328,1.041852,-7.399721,0.992854,0.099973,0.002601,-0.065110
8110,0.005577,1.680786,9.871344,-34.912552,-6.466739,-3.917469,10.258384,0.842743,-7.587896,0.993743,0.089688,0.001393,-0.066558
8111,0.076324,1.477989,9.886114,-30.269751,-4.162979,-2.536443,9.170329,0.686201,-7.723751,0.994486,0.080160,0.000571,-0.067612
8112,-0.040332,1.318354,9.911483,-21.476400,-0.148555,0.124813,8.307395,0.621200,-7.774283,0.995038,0.072631,0.000484,-0.068004
8113,-0.068919,1.329109,9.913228,-13.096395,1.284176,2.181774,7.731660,0.634410,-7.733390,0.995413,0.067638,0.000965,-0.067653
8114,-0.073627,1.303836,9.906816,-9.536562,1.676266,2.233664,7.355360,0.673544,-7.653899,0.995673,0.064391,0.001571,-0.066981
8115,-0.081139,1.292058,9.907310,-7.281270,1.874567,2.094814,7.076031,0.723171,-7.574870,0.995869,0.061991,0.002209,-0.066316
8116,-0.101564,1.241698,9.867411,-6.602206,2.358228,1.806421,6.845604,0.785307,-7.501760,0.996028,0.060022,0.002921,-0.065709
8117,-0.085866,1.237603,9.820709,-6.322889,3.180632,1.366964,6.631108,0.870778,-7.438387,0.996166,0.058204,0.003819,-0.065195
8118,-0.088740,1.197554,9.826655,-7.076588,4.242569,1.759141,6.408858,0.987785,-7.372550,0.996303,0.056334,0.004995,-0.064671
8119,-0.119458,1.130522,9.827941,-7.581590,4.901661,2.393940,6.166138,1.131686,-7.287034,0.996452,0.054299,0.006424,-0.063984
8120,-0.165478,1.088667,9.843592,-8.011851,5.574517,2.717445,5.908430,1.296350,-7.183924,0.996609,0.052141,0.008047,-0.063145
8121,-0.185150,1.045767,9.887680,-7.859213,5.833857,3.227112,5.646762,1.475544,-7.066171,0.996766,0.049952,0.009801,-0.062178
8122,-0.192806,0.992328,9.906102,-7.286957,5.313417,3.773405,5.397980,1.649228,-6.932106,0.996919,0.047867,0.011503,-0.061060
8123,-0.226501,0.970425,9.911808,-7.204513,5.084411,3.216455,5.160430,1.811055,-6.800100,0.997061,0.045870,0.013090,-0.059950
8124,-0.241709,0.913375,9.916846,-7.766005,5.082757,2.500809,4.914556,1.971495,-6.690246,0.997188,0.043798,0.014657,-0.059024
8125,-0.260647,0.851925,9.901704,-8.223764,4.722491,1.757697,4.651090,2.128445,-6.605844,0.997301,0.041572,0.016190,-0.058310
8126,-0.294743,0.829280,9.851371,-10.076211,3.820522,0.572066,4.348012,2.267359,-6.555938,0.997407,0.038995,0.017570,-0.057877
8127,-0.317659,0.786956,9.886844,-13.269911,2.347862,-0.619668,3.959193,2.369987,-6.549316,0.997517,0.035660,0.018662,-0.057789
8128,-0.317801,0.696573,9.876929,-14.302916,0.940799,-1.698484,3.498192,2.427230,-6.584398,0.997624,0.031681,0.019383,-0.058034
8129,-0.298079,0.612248,9.880496,-14.280007,0.183735,-2.670485,3.018775,2.450117,-6.656145,0.997706,0.027531,0.019807,-0.058582
8130,-0.283464,0.526070,9.882529,-14.217432,-0.265139,-2.482781,2.540155,2.452961,-6.742099,0.997768,0.023380,0.020059,-0.059248
8131,-0.292148,0.423291,9.921412,-12.749503,-0.639253,-1.135377,2.088117,2.440330,-6.803031,0.997823,0.019448,0.020172,-0.059697
8132,-0.297086,0.346454,9.880893,-9.960141,0.129565,-0.074849,1.708761,2.432471,-6.823505,0.997873,0.016144,0.020299,-0.059807
8133,-0.292208,0.300563,9.912661,-7.895573,0.872447,1.640299,1.412300,2.448428,-6.796926,0.997922,0.013566,0.020595,-0.059524
8134,-0.314996,0.273435,9.906647,-6.097999,0.501418,3.366128,1.182679,2.469389,-6.712893,0.997987,0.011562,0.020906,-0.058753
8135,-0.332884,0.272068,9.909941,-3.947684,0.326995,3.366151,1.020108,2.480997,-6.600344,0.998057,0.010131,0.021100,-0.057744
8136,-0.302251,0.269613,9.924842,-2.230401,0.608436,2.713097,0.921552,2.494851,-6.498679,0.998114,0.009261,0.021279,-0.056841
8137,-0.273786,0.264407,9.951760,-0.787646,0.265524,3.077845,0.875480,2.507893,-6.401850,0.998162,0.008848,0.021422,-0.055990
8138,-0.277163,0.241812,9.924759,-0.348959,-0.518492,3.097733,0.861033,2.502107,-6.298901,0.998214,0.008700,0.021387,-0.055090
8139,-0.283199,0.231371,9.912623,-0.188073,-1.055275,2.673573,0.856239,2.474436,-6.203028,0.998266,0.008628,0.021155,-0.054252
8140,-0.267635,0.242022,9.928907,-0.268270,-1.688205,2.582065,0.852348,2.427409,-6.116046,0.998316,0.008556,0.020754,-0.053491
8141,-0.257067,0.257069,9.955093,-0.327005,-1.730657,2.328814,0.845815,2.369222,-6.034981,0.998365,0.008458,0.020256,-0.052781
8142,-0.259041,0.264804,9.968414,-0.277307,-1.397698,1.599475,0.838389,2.316127,-5.970230,0.998405,0.008357,0.019802,-0.052212
8143,-0.260923,0.254464,9.976237,-0.293228,-1.292017,1.105128,0.830657,2.270647,-5.925775,0.998434,0.008262,0.019412,-0.051821
8144,-0.248431,0.270988,9.991970,-0.394569,-1.155792,0.742009,0.820379,2.229411,-5.895556,0.998455,0.008149,0.019060,-0.051554
8145,-0.267129,0.259710,10.011661,-0.678993,-1.082053,0.580313,0.803316,2.191806,-5.874032,0.998472,0.007980,0.018741,-0.051361
8146,-0.275092,0.233341,9.956508,-0.722441,-1.771119,0.888593,0.780860,2.143920,-5.850193,0.998493,0.007759,0.018336,-0.051148
8147,-0.260670,0.209033,9.918628,-0.769102,-2.426573,1.386080,0.757362,2.073455,-5.813200,0.998522,0.007517,0.017735,-0.050818
8148,-0.226417,0.208829,9.895391,-0.364147,-2.772365,1.468515,0.740121,1.986191,-5.766730,0.998558,0.007321,0.016985,-0.050406
8149,-0.210726,0.203297,9.910389,0.155257,-2.814586,1.308326,0.738165,1.892484,-5.721632,0.998592,0.007257,0.016172,-0.050008
8150,-0.163006,0.222457,9.856261,1.004331,-2.631091,1.204600,0.758803,1.801182,-5.680922,0.998621,0.007392,0.015370,-0.049652
8151,-0.139199,0.232700,9.874986,1.290442,-1.976236,1.161916,0.798230,1.723862,-5.642515,0.998646,0.007697,0.014682,-0.049318
8152,-0.135550,0.218065,9.885932,1.565813,-1.022293,0.511911,0.846642,1.673490,-5.615330,0.998661,0.008094,0.014224,-0.049085
8153,-0.126663,0.259842,9.945162,1.623016,0.079696,0.031285,0.900045,1.657641,-5.606517,0.998663,0.008551,0.014063,-0.049013
8154,-0.122939,0.262565,9.924738,1.485000,0.591146,0.000810,0.951865,1.668810,-5.605805,0.998657,0.009008,0.014139,-0.049014
8155,-0.147159,0.256792,9.930940,1.142429,0.747138,0.006955,0.995671,1.691109,-5.605299,0.998651,0.009399,0.014314,-0.049017
8156,-0.156771,0.297943,9.933802,1.066967,0.868141,-0.197477,1.032414,1.718083,-5.608000,0.998643,0.009731,0.014533,-0.049047
8157,-0.159257,0.337124,9.934870,1.327463,0.891499,-0.227944,1.072123,1.747534,-5.614553,0.998633,0.010090,0.014772,-0.049111
8158,-0.182848,0.303084,9.907650,1.452123,0.715025,-0.253835,1.118218,1.774459,-5.622072,0.998622,0.010505,0.014987,-0.049185
8159,-0.184002,0.315873,9.942785,1.436257,0.596592,-0.081359,1.166198,1.796426,-5.627224,0.998612,0.010933,0.015157,-0.049238
8160,-0.164169,0.335528,9.953342,1.837027,0.342244,0.220826,1.220836,1.812021,-5.624572,0.998606,0.011415,0.015270,-0.049223
8161,-0.171657,0.318535,9.940231,2.106509,-0.055612,0.388730,1.286886,1.816577,-5.614305,0.998603,0.011991,0.015282,-0.049143
8162,-0.179670,0.339470,9.960523,1.530561,-0.688416,0.942691,1.348196,1.803670,-5.592392,0.998608,0.012517,0.015146,-0.048959
8163,-0.150883,0.390522,9.976230,1.041777,-1.226687,1.646202,1.392390,1.770732,-5.549994,0.998625,0.012883,0.014844,-0.048592
8164,-0.145767,0.367923,9.959023,0.168499,-1.024985,1.453998,1.414112,1.731953,-5.499232,0.998650,0.013049,0.014503,-0.048149
8165,-0.156773,0.349497,9.933320,-0.779744,-0.438677,0.724662,1.404997,1.706676,-5.463514,0.998669,0.012955,0.014291,-0.047834
8166,-0.144319,0.347543,9.936202,-1.451878,-0.284166,0.672832,1.368486,1.694072,-5.440508,0.998684,0.012629,0.014199,-0.047627
8167,-0.140275,0.329833,9.905107,-1.181031,0.006115,0.244098,1.325052,1.689081,-5.425333,0.998696,0.012246,0.014175,-0.047489
8168,-0.154676,0.308528,9.876456,-0.718007,0.717606,-0.419633,1.293324,1.701208,-5.427981,0.998697,0.011975,0.014293,-0.047509
8169,-0.165706,0.319880,9.899246,-0.000141,1.069071,-0.505041,1.280913,1.731326,-5.442724,0.998688,0.011881,0.014559,-0.047639
8170,-0.167915,0.335066,9.947371,0.629342,1.005504,-0.204388,1.291062,1.766159,-5.453771,0.998677,0.011985,0.014858,-0.047740
8171,-0.167550,0.339347,9.942668,1.033061,1.308121,-0.416441,1.318473,1.804946,-5.463241,0.998665,0.012242,0.015183,-0.047830
8172,-0.163818,0.332301,9.940102,0.858419,1.513014,-0.367560,1.349616,1.852257,-5.475214,0.998650,0.012534,0.015581,-0.047943
8173,-0.177117,0.329675,9.933721,0.804250,1.229589,-0.169139,1.377070,1.898167,-5.483075,0.998637,0.012794,0.015969,-0.048019
8174,-0.182121,0.367998,9.918598,0.785278,0.866828,0.058279,1.403528,1.933142,-5.484075,0.998628,0.013039,0.016263,-0.048035
8175,-0.177033,0.367548,9.906761,0.265916,0.737480,0.340636,1.421296,1.959709,-5.476764,0.998625,0.013204,0.016488,-0.047977
8176,-0.186518,0.362810,9.921061,-0.143629,0.571485,0.499393,1.423834,1.981171,-5.462219,0.998628,0.013233,0.016675,-0.047853
8177,-0.199783,0.371902,9.926101,-0.396003,0.443694,0.613898,1.415498,1.997626,-5.443239,0.998634,0.013164,0.016824,-0.047688
8178,-0.209617,0.378190,9.937115,-0.785650,0.483816,0.884048,1.396690,2.012468,-5.417886,0.998644,0.013003,0.016964,-0.047465
8179,-0.194886,0.355416,9.935387,-0.949506,0.482698,1.277797,1.369055,2.027702,-5.381455,0.998660,0.012763,0.017113,-0.047145
8180,-0.179203,0.341680,9.925099,-0.638907,0.196095,1.665442,1.344332,2.037851,-5.332117,0.998681,0.012544,0.017217,-0.046713
8181,-0.159535,0.339044,9.927149,-0.352751,-0.067771,1.848615,1.329888,2.038621,-5.273478,0.998706,0.012409,0.017236,-0.046199
8182,-0.149678,0.344419,9.936835,0.009737,-0.195949,1.673200,1.326252,2.032865,-5.214862,0.998731,0.012367,0.017193,-0.045687
8183,-0.142064,0.337483,9.939399,-0.099280,-0.316565,1.372659,1.326549,2.023149,-5.164278,0.998753,0.012358,0.017114,-0.045246
8184,-0.144218,0.334030,9.917075,-0.101519,-0.635559,1.087377,1.324631,2.006335,-5.123629,0.998772,0.012328,0.016972,-0.044890
8185,-0.168553,0.354720,9.913332,-0.195242,-0.504284,0.393146,1.320528,1.986774,-5.099385,0.998785,0.012282,0.016806,-0.044676
8186,-0.194478,0.351295,9.893468,-0.433855,-0.098123,-0.212583,1.310138,1.976668,-5.096605,0.998788,0.012187,0.016722,-0.044649
8187,-0.193770,0.335362,9.893156,-0.608440,-0.004659,-0.290348,1.292476,1.975146,-5.105029,0.998787,0.012033,0.016715,-0.044720
8188,-0.177856,0.329379,9.892736,-0.523686,0.046023,-0.346752,1.273242,1.976073,-5.115635,0.998785,0.011868,0.016730,-0.044810
8189,-0.175776,0.346507,9.923703,-0.782200,0.458278,-0.769374,1.250840,1.984886,-5.134059,0.998779,0.011679,0.016813,-0.044968
8190,-0.168534,0.338127,9.954221,-1.132215,0.664487,-0.943267,1.217953,2.004210,-5.162210,0.998768,0.011404,0.016992,-0.045210
8191,-0.175347,0.336487,9.971574,-1.352536,0.739443,-1.007294,1.175413,2.028282,-5.194243,0.998756,0.011047,0.017215,-0.045485
8192,-0.188670,0.316706,9.958485,-1.600355,1.084535,-1.394820,1.124792,2.059479,-5.233685,0.998740,0.010624,0.017504,-0.045823
8193,-0.205508,0.308669,9.953498,-1.687994,1.399189,-1.651121,1.068171,2.101839,-5.283681,0.998718,0.010155,0.017891,-0.046254
8194,-0.217502,0.309021,9.936530,-1.325441,1.456024,-1.490844,1.016035,2.150370,-5.335208,0.998693,0.009729,0.018331,-0.046698
8196,-0.230794,0.278996,9.905992,-0.747768,1.332842,-1.295473,0.979749,2.197654,-5.380861,0.998670,0.009439,0.018754,-0.047093
8197,-0.225592,0.274448,9.907182,-0.206789,1.162324,-1.118415,0.962308,2.239917,-5.420411,0.998648,0.009311,0.019126,-0.047438
8198,-0.230134,0.301810,9.938486,0.172563,0.997846,-0.703307,0.960564,2.276426,-5.450185,0.998629,0.009316,0.019443,-0.047699
8199,-0.226982,0.300293,9.946018,0.429947,0.790592,-0.419424,0.969877,2.306545,-5.468406,0.998615,0.009412,0.019700,-0.047862
8200,-0.219030,0.266672,9.925756,0.237046,0.610718,-0.443780,0.980427,2.330142,-5.482405,0.998604,0.009517,0.019900,-0.047987
8201,-0.220431,0.270095,9.936688,-0.268798,0.688665,-0.553591,0.979234,2.352080,-5.498669,0.998594,0.009518,0.020090,-0.048130
8202,-0.227262,0.296839,9.935297,-0.641779,0.726939,-0.552006,0.963313,2.375982,-5.516708,0.998583,0.009393,0.020304,-0.048286
8203,-0.217977,0.290341,9.912344,-0.814772,0.601901,-0.501587,0.938321,2.398417,-5.533913,0.998574,0.009187,0.020508,-0.048433
8204,-0.217591,0.273575,9.910221,-0.972564,0.423390,-0.409969,0.907905,2.415748,-5.548843,0.998567,0.008932,0.020671,-0.048558
8205,-0.223975,0.285839,9.951288,-1.061673,0.286072,-0.283254,0.873521,2.427750,-5.560223,0.998562,0.008640,0.020789,-0.048652
8206,-0.223063,0.294664,9.945741,-0.921775,-0.077086,0.008265,0.840271,2.431301,-5.564757,0.998562,0.008352,0.020834,-0.048686
8207,-0.220492,0.265962,9.928141,-0.862780,-0.447894,0.232642,0.810693,2.422494,-5.560866,0.998567,0.008090,0.020770,-0.048646
8208,-0.227017,0.239624,9.924228,-0.967225,-0.638622,0.241856,0.780516,2.404277,-5.553204,0.998576,0.007818,0.020625,-0.048573
8209,-0.231380,0.258637,9.925550,-0.906859,-0.588194,0.228178,0.749597,2.383727,-5.545637,0.998585,0.007539,0.020459,-0.048500
8210,-0.228886,0.263664,9.905098,-0.693764,-0.333258,0.162624,0.723182,2.368287,-5.539316,0.998592,0.007301,0.020336,-0.048440
8211,-0.219934,0.244319,9.910246,-0.703470,0.103246,-0.078413,0.699951,2.364437,-5.537960,0.998595,0.007096,0.020313,-0.048424
8212,-0.222834,0.218672,9.912062,-0.664489,0.423767,-0.340820,0.676867,2.373304,-5.544847,0.998592,0.006900,0.020399,-0.048480
8213,-0.219784,0.221651,9.913797,-0.469918,0.730551,-0.488786,0.657394,2.392703,-5.558459,0.998584,0.006741,0.020576,-0.048596
8214,-0.216987,0.205272,9.910392,-0.342511,0.918272,-0.687107,0.643043,2.420404,-5.577760,0.998571,0.006631,0.020822,-0.048763
8215,-0.230257,0.180786,9.906835,-0.309847,0.742832,-0.851864,0.631093,2.448373,-5.603122,0.998556,0.006544,0.021069,-0.048983
8216,-0.240019,0.217673,9.916091,-0.237443,0.634584,-0.850293,0.620764,2.471639,-5.631265,0.998540,0.006469,0.021275,-0.049227
8217,-0.237079,0.242551,9.937777,-0.192256,0.608725,-0.586252,0.612575,2.492617,-5.655004,0.998526,0.006411,0.021460,-0.049433
8218,-0.236170,0.239067,9.936355,-0.334666,0.416494,-0.517524,0.602997,2.509899,-5.673236,0.998516,0.006338,0.021614,-0.049591
8219,-0.250892,0.241782,9.931984,-0.559467,0.373831,-0.572397,0.587302,2.523258,-5.691281,0.998506,0.006211,0.021736,-0.049745
8220,-0.255611,0.260035,9.942339,-0.654466,0.506705,-0.431947,0.566337,2.538102,-5.707889,0.998497,0.006038,0.021874,-0.049887
8221,-0.262525,0.241911,9.932255,-0.761648,0.447337,-0.209097,0.542266,2.554105,-5.718428,0.998491,0.005837,0.022023,-0.049974
8222,-0.265150,0.224689,9.923089,-0.865883,0.566520,-0.256341,0.514800,2.571073,-5.726037,0.998485,0.005606,0.022182,-0.050036
8223,-0.254403,0.218730,9.940530,-0.834366,0.784835,-0.212031,0.486120,2.593663,-5.733653,0.998479,0.005368,0.022391,-0.050097
8224,-0.242614,0.208069,9.948360,-0.880699,0.563568,0.035226,0.457410,2.616160,-5.736417,0.998474,0.005128,0.022600,-0.050116
8225,-0.233074,0.194519,9.948444,-0.789754,0.015639,0.242807,0.429784,2.625777,-5.731705,0.998476,0.004890,0.022696,-0.050070
8226,-0.232786,0.184098,9.938472,-0.714121,-0.301932,0.291689,0.405125,2.620940,-5.722823,0.998482,0.004672,0.022665,-0.049988
8227,-0.229048,0.165084,9.904843,-0.740802,-0.642408,0.444331,0.381431,2.605117,-5.710651,0.998491,0.004456,0.022538,-0.049877
8228,-0.247092,0.169336,9.879441,-0.662215,-0.731030,0.464214,0.358727,2.582128,-5.695642,0.998503,0.004245,0.022348,-0.049741
8229,-0.262675,0.206724,9.910041,-0.584962,-0.116048,0.238430,0.338463,2.567940,-5.684006,0.998512,0.004060,0.022234,-0.049635
8230,-0.260390,0.190927,9.908312,-0.767006,0.575305,0.349879,0.316373,2.575538,-5.674147,0.998515,0.003869,0.022310,-0.049545
8231,-0.235998,0.179804,9.915407,-0.677512,0.700441,0.710051,0.293101,2.596706,-5.656349,0.998519,0.003672,0.022505,-0.049386
8232,-0.226802,0.195833,9.935902,-0.432326,0.633159,0.757409,0.275723,2.618811,-5.631755,0.998526,0.003525,0.022706,-0.049168
8233,-0.228559,0.194452,9.959973,-0.411371,0.323193,0.806299,0.262860,2.634627,-5.605590,0.998535,0.003415,0.022850,-0.048938
8234,-0.228181,0.163527,9.912936,-0.269971,-0.395737,1.048976,0.252926,2.633279,-5.574644,0.998548,0.003321,0.022843,-0.048666
8235,-0.230553,0.176242,9.906838,-0.128622,-0.679778,0.872021,0.247745,2.615213,-5.542672,0.998566,0.003262,0.022689,-0.048387
8236,-0.236320,0.183536,9.900451,-0.103155,-0.527357,0.473810,0.244897,2.594998,-5.520306,0.998579,0.003225,0.022514,-0.048191
8237,-0.237049,0.184106,9.917668,-0.224141,-0.338265,0.257185,0.239990,2.580520,-5.508171,0.998587,0.003173,0.022391,-0.048084
8238,-0.230433,0.188786,9.919826,-0.419874,-0.252938,0.176368,0.229580,2.570637,-5.500978,0.998593,0.003077,0.022309,-0.048019
8239,-0.218970,0.182784,9.929086,-0.575930,-0.196657,0.150485,0.213226,2.563123,-5.495554,0.998597,0.002930,0.022251,-0.047969
8240,-0.218469,0.163075,9.921790,-0.660347,-0.244173,0.057457,0.192775,2.555764,-5.492111,0.998600,0.002748,0.022195,-0.047935
8241,-0.225252,0.171476,9.926828,-0.792087,-0.206204,-0.092033,0.168541,2.548259,-5.492711,0.998602,0.002534,0.022140,-0.047935
8242,-0.232464,0.163431,9.927802,-0.943633,0.008836,-0.198796,0.139396,2.544984,-5.497572,0.998601,0.002280,0.022123,-0.047972
8243,-0.232612,0.128706,9.904984,-0.806908,0.185766,-0.250631,0.109888,2.548243,-5.505062,0.998598,0.002025,0.022164,-0.048032
8244,-0.231431,0.133765,9.909694,-0.658048,0.207048,-0.241435,0.085107,2.554805,-5.513259,0.998594,0.001814,0.022232,-0.048098
8245,-0.238988,0.145126,9.924232,-0.629638,0.316850,-0.320739,0.063227,2.563548,-5.522627,0.998588,0.001629,0.022317,-0.048176
8246,-0.238575,0.138058,9.927509,-0.494367,0.388519,-0.348159,0.043994,2.575315,-5.533775,0.998582,0.001468,0.022427,-0.048269
8247,-0.238618,0.133801,9.934868,-0.435408,0.275537,-0.316070,0.027999,2.586390,-5.544850,0.998575,0.001336,0.022530,-0.048362
8248,-0.239634,0.142768,9.938444,-0.500010,0.254097,-0.377060,0.011886,2.595221,-5.556411,0.998568,0.001201,0.022614,-0.048460
8249,-0.241430,0.142327,9.930218,-0.573712,0.366936,-0.528078,-0.006694,2.605572,-5.571511,0.998560,0.001047,0.022712,-0.048588
8250,-0.233302,0.137696,9.927967,-0.581795,0.285947,-0.428844,-0.026680,2.616450,-5.587480,0.998551,0.000880,0.022815,-0.048723
8251,-0.244183,0.138112,9.934155,-0.725676,0.307192,-0.520350,-0.049196,2.626324,-5.603322,0.998543,0.000691,0.022911,-0.048856
8252,-0.240458,0.126504,9.928104,-0.677305,0.223160,-0.494361,-0.073357,2.635146,-5.620262,0.998534,0.000488,0.022998,-0.048999
8253,-0.236125,0.126925,9.926496,-0.514501,0.009383,-0.346301,-0.093865,2.639001,-5.634295,0.998527,0.000314,0.023040,-0.049117
8254,-0.234837,0.127483,9.919528,-0.267739,0.061087,-0.431704,-0.107501,2.640153,-5.647276,0.998521,0.000198,0.023056,-0.049227
8255,-0.239277,0.134857,9.920997,-0.109425,0.256237,-0.608662,-0.114587,2.645408,-5.664644,0.998513,0.000142,0.023105,-0.049377
8256,-0.237757,0.109533,9.923614,-0.024413,0.242343,-0.520112,-0.117690,2.653680,-5.683495,0.998503,0.000123,0.023178,-0.049540
8257,-0.248851,0.112071,9.934252,-0.055451,0.359704,-0.640616,-0.119920,2.663674,-5.702880,0.998493,0.000111,0.023266,-0.049709
8258,-0.255474,0.121958,9.934952,-0.234455,0.480172,-0.683296,-0.125783,2.677625,-5.725000,0.998480,0.000071,0.023390,-0.049900
8259,-0.264798,0.101078,9.936999,-0.460797,0.435885,-0.457415,-0.138264,2.692848,-5.744069,0.998469,-0.000027,0.023528,-0.050063
8260,-0.261215,0.077341,9.927721,-0.719343,0.376342,-0.323098,-0.158548,2.706351,-5.757126,0.998460,-0.000196,0.023655,-0.050173
8261,-0.260327,0.083228,9.918324,-0.854336,0.223683,-0.127744,-0.185133,2.716328,-5.764680,0.998455,-0.000421,0.023753,-0.050233
8262,-0.250556,0.087718,9.900898,-0.748160,0.074022,0.230885,-0.211761,2.721296,-5.762976,0.998455,-0.000651,0.023808,-0.050212
8263,-0.251597,0.073289,9.904166,-0.577898,0.221874,0.243129,-0.233487,2.726257,-5.755086,0.998457,-0.000840,0.023861,-0.050139
8264,-0.249318,0.060271,9.917131,-0.441281,0.342247,0.127190,-0.250180,2.735685,-5.748947,0.998457,-0.000983,0.023950,-0.050082
8265,-0.257077,0.067736,9.907333,-0.162747,0.335979,0.099756,-0.260069,2.747006,-5.745211,0.998457,-0.001065,0.024053,-0.050047
8266,-0.251281,0.070716,9.918397,0.041073,0.561645,-0.074166,-0.262079,2.761968,-5.744852,0.998454,-0.001076,0.024185,-0.050043
8267,-0.254489,0.061048,9.926074,0.176208,0.601119,-0.222148,-0.258701,2.781324,-5.749883,0.998447,-0.001037,0.024352,-0.050087
8268,-0.264969,0.057810,9.924445,0.108345,0.475823,-0.382339,-0.254453,2.799228,-5.760050,0.998439,-0.000990,0.024506,-0.050175
8269,-0.270672,0.090216,9.930894,-0.017396,0.480267,-0.470805,-0.253638,2.815100,-5.774357,0.998430,-0.000973,0.024644,-0.050300
8270,-0.261908,0.082344,9.946376,0.009544,0.353444,-0.206778,-0.254328,2.828944,-5.785724,0.998422,-0.000970,0.024765,-0.050398
8271,-0.258214,0.061271,9.935044,0.163026,-0.098468,-0.014476,-0.251636,2.833178,-5.789436,0.998419,-0.000944,0.024801,-0.050431
8272,-0.268337,0.080350,9.928188,0.141018,-0.387092,-0.069373,-0.246635,2.825079,-5.790800,0.998420,-0.000904,0.024728,-0.050444
8273,-0.265736,0.093998,9.925552,0.433472,-0.530721,0.141247,-0.236999,2.809788,-5.789536,0.998424,-0.000827,0.024591,-0.050436
8274,-0.255874,0.090298,9.918509,0.539789,-0.569091,0.217586,-0.220481,2.791482,-5.783475,0.998431,-0.000692,0.024424,-0.050387
8275,-0.255515,0.091115,9.934782,0.435503,-0.419791,-0.021942,-0.204065,2.775012,-5.780148,0.998436,-0.000557,0.024273,-0.050362
8276,-0.266963,0.091388,9.921679,0.282367,-0.169715,-0.212642,-0.192288,2.765173,-5.784029,0.998436,-0.000458,0.024182,-0.050399
8277,-0.264735,0.086656,9.904379,0.127672,0.162818,-0.302632,-0.185869,2.765030,-5.792626,0.998433,-0.000400,0.024178,-0.050475
8278,-0.250752,0.092722,9.918355,-0.065177,0.457147,-0.386518,-0.185385,2.775325,-5.804160,0.998425,-0.000389,0.024268,-0.050575
8279,-0.248635,0.069434,9.927606,-0.110085,0.257005,-0.267458,-0.188838,2.787192,-5.815111,0.998418,-0.000412,0.024373,-0.050670
8280,-0.261485,0.075499,9.897595,-0.039086,-0.085018,-0.299470,-0.191784,2.790026,-5.824580,0.998413,-0.000434,0.024399,-0.050751
8281,-0.262715,0.105949,9.911841,0.030533,-0.149278,-0.210925,-0.192340,2.786093,-5.833083,0.998410,-0.000439,0.024365,-0.050825
8282,-0.262036,0.101937,9.935843,0.200964,-0.312724,-0.043028,-0.188686,2.778379,-5.837295,0.998410,-0.000410,0.024296,-0.050863
8283,-0.266990,0.083251,9.923265,0.278226,-0.492932,-0.062823,-0.180783,2.764946,-5.839018,0.998412,-0.000346,0.024175,-0.050880
8284,-0.260690,0.092585,9.909139,0.408851,-0.293173,-0.082621,-0.169447,2.751837,-5.841405,0.998414,-0.000253,0.024056,-0.050904
8285,-0.254725,0.101903,9.927421,0.478499,-0.030881,-0.047483,-0.154761,2.746430,-5.843562,0.998414,-0.000127,0.024002,-0.050926
8286,-0.255715,0.087912,9.926592,0.528274,0.074232,-0.154257,-0.138143,2.747144,-5.846929,0.998412,0.000019,0.024001,-0.050958
8287,-0.248897,0.090650,9.933457,0.474221,0.247991,-0.166426,-0.121692,2.752502,-5.852293,0.998409,0.000166,0.024041,-0.051008
8288,-0.253131,0.105037,9.938769,0.426316,0.241677,-0.087038,-0.106887,2.760654,-5.856537,0.998405,0.000299,0.024105,-0.051048
8289,-0.268500,0.104064,9.941505,0.375388,0.105725,-0.163291,-0.093727,2.766437,-5.860724,0.998402,0.000417,0.024150,-0.051088
8290,-0.264804,0.103565,9.926390,0.335120,-0.094280,-0.024390,-0.082037,2.766623,-5.863856,0.998401,0.000520,0.024146,-0.051117
8291,-0.263477,0.120693,9.925652,0.261328,-0.211907,0.116040,-0.072022,2.761522,-5.862321,0.998402,0.000605,0.024097,-0.051106
8292,-0.261954,0.107966,9.915345,0.349287,-0.337170,0.151182,-0.061630,2.752377,-5.857851,0.998406,0.000690,0.024013,-0.051069
8293,-0.253707,0.094611,9.913478,0.463074,-0.492977,0.238199,-0.047779,2.738547,-5.851341,0.998412,0.000803,0.023886,-0.051016
8294,-0.247606,0.112476,9.921982,0.453262,-0.571003,0.262654,-0.032108,2.720819,-5.842970,0.998419,0.000930,0.023725,-0.050946
8295,-0.251139,0.113014,9.925531,0.467914,-0.398768,0.126889,-0.016447,2.704660,-5.836464,0.998425,0.001058,0.023577,-0.050893
8296,-0.244967,0.108248,9.926137,0.487108,-0.284506,0.143716,-0.000317,2.693272,-5.831948,0.998429,0.001193,0.023471,-0.050857
8297,-0.243924,0.122503,9.931424,0.344569,-0.234342,0.152913,0.013776,2.684624,-5.826999,0.998433,0.001311,0.023389,-0.050817
8299,-0.250972,0.131258,9.937903,0.130378,0.156137,-0.159856,0.021687,2.683321,-5.827116,0.998433,0.001379,0.023374,-0.050820
8300,-0.244737,0.118487,9.925033,0.167936,0.270436,-0.150656,0.026416,2.690433,-5.832294,0.998430,0.001425,0.023434,-0.050866
8301,-0.240191,0.112163,9.923563,0.196257,0.169535,-0.150615,0.032249,2.697768,-5.837317,0.998426,0.001480,0.023495,-0.050911
8302,-0.247035,0.109669,9.935374,0.274893,0.239535,-0.362680,0.039699,2.704591,-5.845877,0.998420,0.001549,0.023551,-0.050987
8303,-0.248251,0.119941,9.926291,0.493934,0.156964,-0.361114,0.051942,2.711209,-5.857948,0.998414,0.001661,0.023603,-0.051094
8304,-0.242964,0.132057,9.930215,0.684056,-0.165200,-0.226788,0.071111,2.711083,-5.867759,0.998409,0.001830,0.023594,-0.051184
8305,-0.255124,0.138093,9.927932,0.689590,-0.256929,-0.351867,0.093549,2.704061,-5.877422,0.998406,0.002025,0.023522,-0.051273
8306,-0.262922,0.152801,9.922092,0.827931,-0.385198,-0.246528,0.118370,2.693377,-5.887427,0.998403,0.002238,0.023418,-0.051365
8307,-0.255358,0.167676,9.914845,0.760355,-0.635525,-0.031318,0.144623,2.676376,-5.892101,0.998404,0.002460,0.023258,-0.051411
8308,-0.252157,0.164287,9.920815,0.549354,-0.594424,-0.119767,0.166332,2.655885,-5.894678,0.998406,0.002641,0.023070,-0.051438
8309,-0.253874,0.159417,9.911395,0.443577,-0.542623,-0.104455,0.182705,2.636945,-5.898476,0.998408,0.002776,0.022897,-0.051474
8310,-0.250872,0.163749,9.923731,0.398809,-0.466386,-0.066255,0.196612,2.620138,-5.901381,0.998410,0.002890,0.022744,-0.051502
8311,-0.248245,0.145021,9.917677,0.540129,-0.347421,-0.202015,0.212054,2.606590,-5.905903,0.998410,0.003019,0.022619,-0.051545
8312,-0.239218,0.151591,9.934093,0.824819,-0.326141,-0.284369,0.234433,2.595396,-5.914062,0.998408,0.003211,0.022511,-0.051620
8313,-0.236635,0.153054,9.953537,1.222431,-0.393396,-0.414027,0.268025,2.583455,-5.925766,0.998404,0.003500,0.022392,-0.051728
8314,-0.239150,0.136475,9.935937,1.818318,-0.594917,-0.558947,0.317971,2.567066,-5.942084,0.998398,0.003931,0.022226,-0.051880
8315,-0.230775,0.153171,9.937375,2.433988,-0.903255,-0.569588,0.387997,2.542214,-5.961065,0.998392,0.004534,0.021977,-0.052059
8316,-0.214584,0.214738,9.960180,2.947639,-1.025499,-0.711447,0.476738,2.510230,-5.982677,0.998384,0.005297,0.021657,-0.052263
8317,-0.225754,0.209797,9.949626,3.391208,-0.914259,-0.781580,0.581289,2.478132,-6.007884,0.998374,0.006198,0.021328,-0.052501
8318,-0.220681,0.237094,9.910973,3.669939,-0.926549,-0.679284,0.697912,2.447726,-6.032596,0.998361,0.007204,0.021008,-0.052737
8319,-0.209887,0.306708,9.934383,3.472806,-0.798471,-0.625806,0.816017,2.419267,-6.054746,0.998349,0.008224,0.020705,-0.052950
8320,-0.210434,0.308695,9.920150,3.381082,-0.636824,-0.644038,0.929344,2.395671,-6.076293,0.998335,0.009205,0.020445,-0.053157
8321,-0.208628,0.296010,9.915272,3.037386,-0.539234,-0.575297,1.035457,2.376421,-6.096967,0.998319,0.010124,0.020226,-0.053354
8322,-0.199051,0.325326,9.920800,2.872141,-0.627823,-0.570648,1.133144,2.357335,-6.116448,0.998305,0.010970,0.020012,-0.053540
8323,-0.195393,0.351894,9.932372,3.016736,-0.817150,-0.460702,1.230568,2.333611,-6.134143,0.998291,0.011810,0.019758,-0.053709
8324,-0.186916,0.327739,9.916435,3.362633,-0.988183,-0.185959,1.336428,2.303772,-6.145602,0.998280,0.012721,0.019448,-0.053824
8325,-0.180960,0.344053,9.919759,3.567981,-0.970020,-0.134005,1.451694,2.271277,-6.151730,0.998270,0.013711,0.019110,-0.053894
8326,-0.177035,0.360037,9.931481,4.208192,-1.090714,-0.158345,1.581069,2.237073,-6.157516,0.998257,0.014823,0.018750,-0.053962
8327,-0.168503,0.401510,9.896834,5.210109,-1.364003,-0.271183,1.737718,2.196387,-6.165864,0.998239,0.016170,0.018321,-0.054055
8328,-0.160996,0.412308,9.906224,5.902277,-1.394678,-0.387068,1.922452,2.150781,-6.178305,0.998214,0.017760,0.017834,-0.054187
8329,-0.169827,0.460093,9.940658,6.856895,-1.417665,-0.666226,2.134390,2.104559,-6.197525,0.998178,0.019587,0.017328,-0.054380
8330,-0.168253,0.525077,9.942463,8.182476,-1.773217,-0.722592,2.384129,2.052329,-6.222769,0.998130,0.021742,0.016750,-0.054629
8331,-0.172323,0.574583,9.926367,9.116026,-1.947106,-0.714860,2.671494,1.991441,-6.249452,0.998069,0.024220,0.016077,-0.054891
8332,-0.162097,0.625270,9.906913,10.104546,-2.012602,-0.313436,2.991138,1.926376,-6.269843,0.997998,0.026976,0.015352,-0.055099
8333,-0.152671,0.668989,9.891678,11.808689,-1.952961,-0.282807,3.355908,1.860946,-6.283433,0.997911,0.030123,0.014603,-0.055250
8334,-0.121167,0.731958,9.889692,14.002173,-1.731063,-0.638276,3.785472,1.800625,-6.302599,0.997791,0.033838,0.013865,-0.055454
8335,-0.115429,0.868473,9.941295,16.927721,-1.813844,-0.914434,4.300032,1.743508,-6.332609,0.997624,0.038294,0.013109,-0.055759
8336,-0.094338,0.979958,9.949129,19.659550,-2.853387,-0.612259,4.908861,1.668013,-6.364239,0.997402,0.043561,0.012143,-0.056075
8337,-0.055296,1.078908,9.929002,22.582134,-3.838032,-0.607635,5.612011,1.558843,-6.394689,0.997117,0.049632,0.010835,-0.056368
8338,-0.120533,1.274068,9.939292,26.461533,-3.795673,0.184368,6.428838,1.433065,-6.415027,0.996745,0.056679,0.009329,-0.056560
8339,-0.077754,1.437863,9.860998,28.207783,-4.590987,1.675245,7.340277,1.290643,-6.401041,0.996289,0.064536,0.007649,-0.056432
8340,-0.053797,1.578471,9.763498,29.188047,-3.542999,3.375180,8.298199,1.144987,-6.336035,0.995765,0.072789,0.005952,-0.055838
8341,-0.033377,1.705175,9.735497,29.588419,-1.442116,4.272480,9.279915,1.043535,-6.222820,0.995172,0.081264,0.004673,-0.054833
8342,-0.046816,1.862938,9.765492,29.076233,-0.020236,4.478533,10.260085,0.994857,-6.083350,0.994512,0.089746,0.003890,-0.053623
8343,0.041625,2.025699,9.714540,26.317865,0.005376,3.688170,11.185554,0.969330,-5.949748,0.993820,0.097760,0.003350,-0.052472
8344,0.007132,2.199569,9.725198,24.769566,0.810699,2.659775,12.038745,0.961333,-5.843377,0.993114,0.105150,0.002987,-0.051567
8345,-0.001268,2.259581,9.759369,21.835638,0.264098,1.156811,12.816570,0.965098,-5.777461,0.992406,0.111889,0.002734,-0.051019
8346,0.012001,2.402886,9.677575,20.612196,-0.883720,-0.198133,13.524220,0.951327,-5.764244,0.991704,0.118009,0.002313,-0.050906
8347,-0.015098,2.513051,9.661160,22.428411,-0.641404,-0.405581,14.241272,0.928986,-5.780070,0.990942,0.124203,0.001784,-0.051032
8348,-0.028431,2.555578,9.654433,26.727219,-0.302911,-0.469601,15.060203,0.917443,-5.798182,0.990023,0.131277,0.001299,-0.051187
8349,-0.055800,2.693202,9.603969,33.385029,-0.371797,-1.218771,16.061525,0.914167,-5.828333,0.988825,0.139921,0.000787,-0.051453
8350,-0.031888,2.999528,9.505117,39.812569,-1.652260,-1.394186,17.280560,0.894307,-5.879744,0.987260,0.150424,0.000001,-0.051875
8351,-0.038710,3.265246,9.476055,43.698105,-2.871696,-1.000424,18.671289,0.834889,-5.940877,0.985342,0.162368,-0.001226,-0.052313
8352,-0.009536,3.571384,9.318495,45.127048,-4.356648,-1.659538,20.150345,0.736030,-6.022607,0.983140,0.175027,-0.002875,-0.052844
8353,0.015559,3.830289,9.191698,43.389809,-5.315178,-1.914269,21.624033,0.606574,-6.135598,0.980773,0.187594,-0.004847,-0.053558
8354,0.087340,4.038038,9.044177,38.999016,-5.805298,-1.541818,22.995794,0.456922,-6.259127,0.978419,0.199246,-0.006981,-0.054292
8355,0.071732,4.240953,8.961238,36.312653,-4.035528,-1.619508,24.250029,0.327762,-6.373000,0.976143,0.209875,-0.008883,-0.054946
8356,0.101632,4.368115,8.838211,34.355621,-1.774377,-1.659058,25.427217,0.262889,-6.463378,0.973900,0.219853,-0.010172,-0.055495
8357,0.084897,4.534511,8.829566,33.803871,0.389133,-0.847146,26.562851,0.260515,-6.511200,0.971651,0.229489,-0.010838,-0.055793
8358,0.067984,4.747221,8.769958,34.337017,1.197665,0.173802,27.698416,0.289306,-6.509255,0.969326,0.239120,-0.011142,-0.055726
8359,0.020985,4.931218,8.764700,35.016644,1.916220,1.408359,28.854439,0.322622,-6.461470,0.966882,0.248907,-0.011319,-0.055280
8360,0.026619,5.053781,8.615816,35.151463,1.159232,2.696312,30.024258,0.333752,-6.376707,0.964330,0.258778,-0.011598,-0.054473
8361,0.018481,5.298603,8.496523,34.709518,-0.020440,3.471560,31.189013,0.297814,-6.278468,0.961702,0.268560,-0.012222,-0.053444
8362,0.042040,5.343980,8.446354,32.857559,-1.953925,4.126267,32.315388,0.203211,-6.187995,0.959071,0.277968,-0.013319,-0.052335
8363,0.061204,5.523679,8.309392,33.607193,-3.762301,4.146202,33.423145,0.048353,-6.123732,0.956391,0.287165,-0.014956,-0.051279
8364,0.109265,5.655257,8.134987,33.892990,-5.796533,4.881811,34.547974,-0.167914,-6.087913,0.953571,0.296448,-0.017165,-0.050272
8365,0.172006,5.789343,7.996753,35.358330,-7.417274,5.936366,35.701912,-0.451792,-6.066992,0.950580,0.305911,-0.019970,-0.049165
8366,0.242146,5.989126,7.880191,40.156322,-7.956169,6.691867,36.960140,-0.782865,-6.049106,0.947205,0.316184,-0.023195,-0.047879
8367,0.313272,6.241326,7.632176,42.465687,-7.408633,6.687481,38.336639,-1.121748,-6.029001,0.943375,0.327388,-0.026500,-0.046461
8368,0.404111,6.386093,7.462735,41.013763,-6.331638,6.919642,39.727028,-1.442361,-5.997148,0.939366,0.338669,-0.029594,-0.044924
8369,0.491476,6.585703,7.374563,40.289654,-4.471885,5.781568,41.080658,-1.716540,-5.952683,0.935330,0.349626,-0.032224,-0.043369
8370,0.475071,6.735472,7.316557,35.764359,-1.334902,2.676558,42.346779,-1.882515,-5.912035,0.931431,0.359872,-0.033922,-0.042156
8371,0.413758,6.811721,7.286587,28.994205,0.770679,0.735739,43.424805,-1.928100,-5.877100,0.928019,0.368608,-0.034573,-0.041405
8372,0.394676,6.934471,7.284146,24.390635,1.316858,0.223116,44.313297,-1.914070,-5.841653,0.925145,0.375809,-0.034664,-0.040896
8373,0.353320,6.980094,7.280879,22.266489,0.836143,0.186543,45.089867,-1.893355,-5.811596,0.922587,0.382089,-0.034673,-0.040487
8374,0.303954,7.095137,7.223320,21.309547,-1.158227,0.873204,45.815819,-1.909723,-5.803014,0.920151,0.387921,-0.035032,-0.040142
8375,0.399970,7.195023,6.995032,25.974201,-4.901343,3.935763,46.604435,-2.037515,-5.820363,0.917459,0.394179,-0.036389,-0.039597
8376,0.472139,7.203719,6.823883,28.957371,-7.288013,4.834661,47.521759,-2.282931,-5.869322,0.914264,0.401379,-0.038833,-0.038832
8377,0.540560,7.350078,6.559075,32.055115,-9.056738,4.679202,48.542625,-2.583032,-5.965812,0.910625,0.409328,-0.041904,-0.038174
8378,0.609082,7.508933,6.317256,33.486786,-8.876894,4.680944,49.640789,-2.896711,-6.089664,0.906621,0.417830,-0.045199,-0.037600
8379,0.655539,7.574270,6.144423,32.835663,-6.829327,3.666432,50.751984,-3.171107,-6.201891,0.902488,0.426413,-0.048137,-0.037017
8380,0.604949,7.680352,6.225681,28.419886,-4.703861,1.334973,51.778385,-3.356310,-6.299975,0.898598,0.434338,-0.050289,-0.036646
8381,0.639152,7.920936,6.083307,25.862589,-4.554394,0.758250,52.689022,-3.478393,-6.400934,0.895084,0.441353,-0.051919,-0.036561
8382,0.634186,7.980274,6.010174,22.804806,-3.211634,0.010600,53.505974,-3.566385,-6.496929,0.891883,0.447630,-0.053238,-0.036591
8383,0.616289,8.017920,5.966381,21.626818,-2.419692,-1.403919,54.252079,-3.602935,-6.586667,0.888920,0.453364,-0.054113,-0.036794
8384,0.617135,8.113460,5.861216,23.381588,-3.135338,-2.292020,55.009182,-3.606313,-6.698118,0.885869,0.459172,-0.054827,-0.037284
8385,0.693107,8.212687,5.609790,27.230066,-3.941060,-1.912027,55.861305,-3.615571,-6.835275,0.882386,0.465675,-0.055732,-0.037893
8386,0.694437,8.269396,5.492192,29.839600,-3.565765,-2.041632,56.821304,-3.630055,-6.976160,0.878407,0.472973,-0.056739,-0.038445
8387,0.711826,8.437027,5.331607,31.069729,-4.186907,-1.951494,57.845577,-3.643727,-7.121157,0.874096,0.480725,-0.057793,-0.038984
8388,0.771229,8.588839,5.140130,30.297970,-5.265864,-0.657352,58.878345,-3.689368,-7.278376,0.869676,0.488475,-0.059158,-0.039459
8389,0.811684,8.615170,4.964508,27.824846,-5.520868,1.508170,59.856625,-3.793192,-7.426013,0.865427,0.495739,-0.060914,-0.039615
8390,0.804861,8.645083,4.882493,23.006283,-4.077514,1.543517,60.711430,-3.916620,-7.539825,0.861670,0.502040,-0.062632,-0.039471
8391,0.801330,8.678328,4.801735,20.197222,-2.768407,0.368772,61.437298,-3.999660,-7.624469,0.858447,0.507387,-0.063876,-0.039337
8392,0.804130,8.645354,4.720886,19.438879,-1.611870,-0.433667,62.102421,-4.033223,-7.689528,0.855466,0.512303,-0.064644,-0.039300
8393,0.776110,8.649889,4.645896,19.142780,-0.044830,-1.861761,62.748402,-4.012067,-7.731875,0.852549,0.517107,-0.064899,-0.039346
8394,0.671492,8.723925,4.330157,19.792910,1.152983,-3.410516,63.398918,-3.925327,-7.755348,0.849587,0.521983,-0.064587,-0.039549
8396,0.638208,8.785795,4.145523,24.950901,1.201807,-2.902429,64.145378,-3.813584,-7.766753,0.846158,0.527573,-0.064073,-0.039730
8397,0.652836,8.917775,4.004010,27.183832,-0.214270,-1.281935,65.015228,-3.743518,-7.781788,0.842118,0.534018,-0.063929,-0.039682
8398,0.690059,8.995196,3.904608,27.488022,-1.375551,-0.924839,65.928925,-3.721095,-7.821101,0.837818,0.540708,-0.064265,-0.039565
8399,0.679037,9.088195,3.733801,27.451939,-1.960048,-1.512257,66.848900,-3.706206,-7.888393,0.833426,0.547388,-0.064794,-0.039608
8400,0.753468,9.235891,3.748183,26.481916,-2.613228,-2.529931,67.753952,-3.673521,-7.984922,0.829040,0.553920,-0.065336,-0.039953
8401,0.749651,9.318677,3.595244,21.355173,-3.275581,-3.849675,68.559494,-3.611419,-8.115886,0.825073,0.559700,-0.065809,-0.040741
8402,0.704992,9.284561,3.412434,19.484787,-2.691243,-4.968020,69.249191,-3.510217,-8.261918,0.821623,0.564639,-0.066049,-0.041893
8403,0.633590,9.232371,3.214360,20.127668,-1.925296,-4.992343,69.917198,-3.381499,-8.392245,0.818251,0.569430,-0.066024,-0.043082
8404,0.617713,9.275088,3.106966,23.070169,-1.722402,-4.464315,70.643517,-3.253609,-8.502842,0.814562,0.574627,-0.065944,-0.044094
8405,0.636929,9.275488,3.027180,24.715588,-1.128883,-2.865042,71.444656,-3.153480,-8.587546,0.810474,0.580326,-0.065973,-0.044741
8406,0.666387,9.386326,2.900808,27.725157,0.422895,-1.073424,72.320320,-3.094684,-8.619095,0.805992,0.586523,-0.066062,-0.044760
8407,0.684804,9.478868,2.734030,29.216478,1.768653,-0.098111,73.267723,-3.065097,-8.589848,0.801120,0.593203,-0.066073,-0.044162
8408,0.704707,9.640944,2.604835,28.724140,2.113394,-0.164966,74.230072,-3.042679,-8.528836,0.796129,0.599960,-0.065966,-0.043299
8409,0.673188,9.708239,2.425642,25.921568,2.473400,-0.146379,75.136932,-3.017458,-8.456391,0.791378,0.606300,-0.065750,-0.042410
8410,0.625032,9.738853,2.238882,23.994932,2.491619,-1.826211,75.965065,-2.964939,-8.384377,0.786990,0.612078,-0.065311,-0.041721
8411,0.589661,9.721361,2.146097,21.431961,1.135001,-4.565095,76.720436,-2.847177,-8.350860,0.782924,0.617347,-0.064601,-0.041698
8412,0.567093,9.712853,2.088589,20.570267,-0.082743,-7.007969,77.421730,-2.655368,-8.377104,0.779077,0.622232,-0.063697,-0.042526
8413,0.529116,9.678767,1.976153,21.132170,-0.169769,-8.262149,78.119339,-2.407633,-8.435305,0.775190,0.627084,-0.062602,-0.043892
8414,0.512155,9.668468,1.862718,22.663008,-0.130144,-9.612436,78.851753,-2.116747,-8.499765,0.771061,0.632168,-0.061284,-0.045535
8415,0.428846,9.681901,1.695364,25.199459,0.025455,-10.520208,79.651619,-1.787441,-8.564131,0.766504,0.637696,-0.059760,-0.047375
8416,0.340759,9.665410,1.488589,28.813318,0.106295,-11.240352,80.553452,-1.429802,-8.624315,0.761319,0.643884,-0.058097,-0.049317
8417,0.232833,9.696597,1.246637,31.856632,0.173413,-10.997709,81.565681,-1.062969,-8.677270,0.755447,0.650763,-0.056416,-0.051238
8418,0.150007,9.720552,1.017209,34.146286,-0.287425,-10.988598,82.666428,-0.700281,-8.729319,0.748997,0.658160,-0.054836,-0.053120
8419,0.104155,9.774259,0.848030,35.956837,-0.867283,-10.114289,83.835243,-0.353342,-8.789693,0.742072,0.665918,-0.053481,-0.054966
8420,0.111781,9.816201,0.698166,36.082706,-0.781842,-8.722612,85.035973,-0.043618,-8.847360,0.734889,0.673787,-0.052407,-0.056594
8421,0.095947,9.864037,0.522797,35.151039,-0.140968,-7.321677,86.223000,0.221815,-8.882942,0.727729,0.681476,-0.051516,-0.057852
8422,0.076502,9.861878,0.364591,32.964985,0.303062,-6.230446,87.358063,0.447509,-8.892791,0.720829,0.688753,-0.050725,-0.058757
8423,0.044127,9.889576,0.183788,31.148148,0.696742,-5.310084,88.426590,0.640350,-8.883160,0.714283,0.695537,-0.050009,-0.059391
8424,-0.007093,9.897910,-0.052622,29.329821,0.750146,-5.201528,89.434723,0.815977,-8.862272,0.708057,0.701880,-0.049315,-0.059894
8425,-0.089663,9.892794,-0.245466,28.887945,-0.321049,-5.958237,90.405052,1.001973,-8.855397,0.701994,0.707933,-0.048637,-0.060580
8426,-0.139144,9.867327,-0.409464,28.671923,-1.613496,-6.351843,91.363762,1.207521,-8.884533,0.695920,0.713853,-0.048074,-0.061627
8427,-0.148399,9.861373,-0.572417,28.968607,-2.277260,-6.449413,92.323059,1.422742,-8.942525,0.689768,0.719715,-0.047654,-0.062920
8428,-0.146542,9.887089,-0.713431,29.266788,-2.506130,-6.023527,93.291725,1.634216,-9.011995,0.683500,0.725572,-0.047360,-0.064266
8429,-0.153472,9.870697,-0.860652,30.260748,-2.365719,-6.278137,94.281723,1.844122,-9.079466,0.677043,0.731500,-0.047100,-0.065590
8430,-0.150875,9.853185,-1.027942,31.825384,-1.880438,-6.283957,95.314598,2.058671,-9.132501,0.670260,0.737628,-0.046772,-0.066851
8431,-0.170704,9.841723,-1.217705,32.981075,-1.321901,-5.946390,96.393372,2.266909,-9.164796,0.663137,0.743963,-0.046400,-0.067943
8432,-0.200893,9.761201,-1.385563,33.421112,-0.626021,-5.764447,97.499611,2.464603,-9.173375,0.655792,0.750390,-0.045974,-0.068831
8433,-0.261277,9.656402,-1.581146,34.036640,0.565792,-4.805833,98.624832,2.639205,-9.149611,0.648292,0.756857,-0.045499,-0.069392
8434,-0.314040,9.606155,-1.785274,32.854668,1.597385,-2.783700,99.742188,2.758389,-9.093675,0.640836,0.763199,-0.045131,-0.069423
8435,-0.346077,9.566710,-2.016525,29.252634,2.197146,-0.360284,100.780670,2.798736,-9.021867,0.633910,0.769015,-0.045052,-0.068884
8436,-0.342455,9.540055,-2.162205,26.242674,1.745550,1.350521,101.708488,2.769766,-8.960392,0.627718,0.774139,-0.045353,-0.067985
8437,-0.324125,9.565829,-2.289786,22.913725,0.799560,2.937752,102.528984,2.690947,-8.933784,0.622227,0.778603,-0.046087,-0.066980
8438,-0.271235,9.575311,-2.395011,19.380226,-0.408877,3.037257,103.233101,2.592353,-8.949554,0.617487,0.782379,-0.047139,-0.066110
8439,-0.214697,9.561141,-2.480111,17.488548,-1.541001,2.875904,103.845116,2.504085,-9.004256,0.613326,0.785619,-0.048341,-0.065546
8440,-0.206482,9.555714,-2.547431,18.000130,-2.390820,1.756301,104.432999,2.445174,-9.086742,0.609279,0.788704,-0.049559,-0.065332
8441,-0.185872,9.550438,-2.661040,18.598661,-2.366282,-0.129314,105.039398,2.439099,-9.170450,0.605054,0.791879,-0.050515,-0.065468
8442,-0.202532,9.508501,-2.772588,19.760283,-2.173887,-0.943738,105.675735,2.476409,-9.238820,0.600583,0.795206,-0.051156,-0.065804
8443,-0.230400,9.462393,-2.884331,20.183376,-2.051689,-1.135622,106.338898,2.529166,-9.297043,0.595902,0.798657,-0.051666,-0.066176
8444,-0.243733,9.398689,-2.971909,19.576475,-2.017998,-1.759370,106.999252,2.594851,-9.348236,0.591215,0.802072,-0.052064,-0.066600
8445,-0.220892,9.349269,-3.029220,17.931887,-1.875955,-1.310365,107.622215,2.663012,-9.395049,0.586771,0.805270,-0.052404,-0.067033
8446,-0.247254,9.275476,-3.109299,16.331501,-1.706440,-0.037346,108.190910,2.702736,-9.444997,0.582710,0.808159,-0.052885,-0.067306
8447,-0.244709,9.254350,-3.226573,14.770802,-1.599483,0.288066,108.706741,2.716193,-9.498598,0.579026,0.810753,-0.053498,-0.067433
8448,-0.249183,9.238615,-3.318922,14.298112,-1.971660,0.534135,109.188339,2.722552,-9.559398,0.575573,0.813152,-0.054180,-0.067558
8449,-0.258460,9.194648,-3.407919,15.757262,-2.777198,0.488741,109.685432,2.732796,-9.639794,0.571985,0.815605,-0.054994,-0.067796
8450,-0.251546,9.162023,-3.500384,17.102001,-3.210407,0.942323,110.228195,2.744419,-9.741860,0.568047,0.818259,-0.055985,-0.068123
8451,-0.224609,9.135844,-3.591054,17.863844,-3.066797,2.480872,110.805313,2.727640,-9.859960,0.563861,0.821046,-0.057257,-0.068302
8452,-0.193269,9.098840,-3.694152,20.720797,-3.229875,3.535752,111.442070,2.671912,-9.994071,0.559251,0.824085,-0.058874,-0.068238
8453,-0.170057,9.080050,-3.783100,23.371742,-3.540948,4.489959,112.169830,2.589646,-10.148657,0.553976,0.827517,-0.060822,-0.068017
8454,-0.143093,9.061546,-3.874872,23.625402,-3.479683,4.821609,112.945641,2.491215,-10.316378,0.548336,0.831131,-0.062972,-0.067694
8455,-0.131424,8.956207,-3.993712,23.235111,-3.122381,3.956940,113.719833,2.400458,-10.475483,0.542685,0.834703,-0.065019,-0.067361
8456,-0.124393,8.872495,-4.102806,22.722763,-2.893254,3.279943,114.479935,2.331333,-10.616398,0.537107,0.838183,-0.066821,-0.067085
8457,-0.126249,8.806655,-4.177517,19.910812,-2.032397,3.085114,115.185661,2.269560,-10.735569,0.531913,0.841387,-0.068397,-0.066773
8458,-0.120196,8.750154,-4.269942,16.450304,-0.413159,3.123734,115.788498,2.193712,-10.816926,0.527492,0.844102,-0.069697,-0.066229
8459,-0.110927,8.747124,-4.414731,14.697316,0.781874,2.884626,116.306190,2.101091,-10.855352,0.523724,0.846425,-0.070705,-0.065406
8460,-0.079735,8.769948,-4.516284,14.119782,0.695518,2.719497,116.785774,2.006573,-10.875056,0.520240,0.848569,-0.071556,-0.064501
8461,-0.067752,8.750637,-4.598927,13.931820,0.339461,1.905046,117.252609,1.930074,-10.894716,0.516828,0.850646,-0.072311,-0.063731
8462,-0.061689,8.728635,-4.701193,14.907686,-0.155836,0.833501,117.732635,1.888175,-10.913109,0.513283,0.852779,-0.072903,-0.063198
8463,-0.049730,8.666220,-4.807113,16.409586,-1.361061,-1.081072,118.253906,1.903688,-10.933552,0.509375,0.855097,-0.073273,-0.063072
8464,-0.053730,8.572651,-4.846372,16.782331,-1.768221,-1.220995,118.806152,1.962302,-10.961145,0.505186,0.857541,-0.073523,-0.063278
8465,-0.075261,8.510376,-4.906507,16.756788,-1.183532,-0.893996,119.364220,2.017009,-10.987028,0.500946,0.859991,-0.073784,-0.063442
8466,-0.067471,8.466251,-4.964345,17.169151,-0.702601,-1.079707,119.929260,2.061160,-10.998063,0.496658,0.862456,-0.073986,-0.063457
8467,-0.085025,8.392828,-5.048965,17.576927,-0.577201,-1.746082,120.508522,2.112612,-10.992781,0.492254,0.864973,-0.074044,-0.063447
8468,-0.102476,8.344094,-5.114480,18.180016,-0.665435,-2.113393,121.105026,2.178483,-10.977635,0.487700,0.867551,-0.073976,-0.063494
8469,-0.120499,8.301748,-5.230994,19.184427,-1.422028,-3.171965,121.728386,2.271795,-10.961411,0.482907,0.870226,-0.073801,-0.063730
8470,-0.129152,8.285753,-5.332817,18.701065,-1.722364,-3.739189,122.360458,2.397226,-10.944755,0.478006,0.872918,-0.073498,-0.064205
8471,-0.141461,8.213772,-5.425298,18.162767,-1.323811,-3.604479,122.975838,2.527662,-10.921442,0.473218,0.875518,-0.073121,-0.064708
8472,-0.140840,8.163256,-5.512533,19.159554,-0.827577,-3.117257,123.599281,2.640998,-10.889887,0.468372,0.878124,-0.072763,-0.065047
8473,-0.143018,8.112301,-5.621990,20.382181,0.112729,-1.796851,124.259972,2.715606,-10.853982,0.463260,0.880848,-0.072556,-0.065053
8474,-0.132737,8.059216,-5.737242,21.241661,1.881640,-0.307038,124.955925,2.725584,-10.806574,0.457920,0.883678,-0.072544,-0.064498
8475,-0.131267,7.889248,-5.833100,23.579832,3.163805,0.641085,125.705994,2.672441,-10.741004,0.452206,0.886688,-0.072669,-0.063353
8476,-0.141643,7.780481,-5.949319,26.241579,3.361036,-0.072546,126.540085,2.600696,-10.658591,0.445844,0.889995,-0.072770,-0.061946
8477,-0.140794,7.652416,-6.008895,27.569683,3.680330,-0.879289,127.441536,2.542780,-10.555256,0.438931,0.893530,-0.072673,-0.060525
8478,-0.110479,7.543352,-6.162816,28.354578,4.060673,-1.914920,128.379288,2.500293,-10.424770,0.431706,0.897167,-0.072306,-0.059105
8479,-0.113440,7.479351,-6.271654,28.558092,4.505118,-2.852890,129.334763,2.472665,-10.263648,0.424314,0.900832,-0.071632,-0.057687
8480,-0.106086,7.465475,-6.414284,28.331221,4.801550,-3.212543,130.290756,2.451066,-10.079650,0.416892,0.904452,-0.070738,-0.056248
8481,-0.098492,7.471196,-6.551050,27.046770,5.439798,-2.156134,131.221619,2.407451,-9.891791,0.409655,0.907918,-0.069862,-0.054655
8482,-0.067616,7.420187,-6.692323,25.865999,5.711847,-0.228407,132.110245,2.313592,-9.726314,0.402750,0.911155,-0.069300,-0.052785
8483,-0.084899,7.270702,-6.685540,24.373865,5.332323,0.826480,132.952545,2.181769,-9.597209,0.396197,0.914151,-0.069115,-0.050777
8484,-0.063662,7.114817,-6.734920,24.294678,3.057582,1.193143,133.766541,2.061251,-9.518559,0.389816,0.916973,-0.069258,-0.049055
8485,-0.013802,6.974161,-6.882990,25.282175,0.209119,1.013538,134.593246,1.996826,-9.505216,0.383243,0.919761,-0.069720,-0.047993
8486,0.019078,6.860440,-7.061194,27.887276,-1.136263,1.087263,135.478088,1.982903,-9.541059,0.376125,0.922669,-0.070423,-0.047459
8487,0.023152,6.785486,-7.292912,29.905018,-1.350909,1.492118,136.439163,1.982759,-9.600873,0.368349,0.925754,-0.071302,-0.047057
8488,0.055865,6.708945,-7.496633,32.185303,-0.349360,2.693519,137.471497,1.955833,-9.671226,0.359986,0.928987,-0.072379,-0.046416
8489,0.073878,6.563680,-7.617313,34.392376,2.156792,4.692998,138.578659,1.851108,-9.742521,0.351043,0.932363,-0.073727,-0.045082
8490,0.076944,6.396391,-7.599033,36.051579,4.742300,6.346083,139.750671,1.643852,-9.806314,0.341618,0.935836,-0.075328,-0.042824
8491,0.119030,6.153925,-7.637470,36.459454,4.903115,6.650237,140.957382,1.381941,-9.870311,0.331917,0.939301,-0.077062,-0.040069
8492,0.171033,5.954546,-7.699808,36.192871,3.539552,5.256034,142.166595,1.148386,-9.938253,0.322137,0.942670,-0.078700,-0.037524
8493,0.215997,5.800149,-7.852513,36.091084,1.753326,3.611575,143.369965,0.988776,-10.002720,0.312319,0.945930,-0.080059,-0.035555
8494,0.255185,5.610860,-8.002712,36.482212,0.333346,2.385218,144.578369,0.901904,-10.063307,0.302374,0.949114,-0.081161,-0.034149
8495,0.265687,5.449536,-8.169885,37.657726,-0.874516,1.746331,145.812912,0.870032,-10.125160,0.292137,0.952267,-0.082120,-0.033166
8496,0.263840,5.324045,-8.304708,37.664371,-2.079330,1.945157,147.066925,0.877038,-10.203766,0.281671,0.955351,-0.083116,-0.032517
8497,0.252893,5.106603,-8.364892,38.079933,-2.563909,3.039677,148.327423,0.897975,-10.315427,0.271099,0.958313,-0.084353,-0.032040
8499,0.240151,4.950439,-8.512495,40.514286,-0.077517,3.421566,149.635376,0.880106,-10.430383,0.260126,0.961257,-0.085718,-0.031186
8500,0.247085,4.697896,-8.615533,41.691315,2.080804,4.557243,151.003845,0.785373,-10.529154,0.248677,0.964207,-0.087122,-0.029577
8501,0.275711,4.322902,-8.646192,42.677765,2.423302,5.300751,152.408447,0.641432,-10.637997,0.236927,0.967079,-0.088696,-0.027518
8502,0.336881,3.951845,-8.719170,47.149666,0.821831,5.392697,153.903961,0.512677,-10.772516,0.224359,0.969965,-0.090439,-0.025532
8503,0.360627,3.671234,-8.753391,49.525089,0.044409,4.686585,155.513657,0.427837,-10.918401,0.210751,0.972892,-0.092184,-0.023807
8504,0.368124,3.336714,-8.779950,49.149357,-5.458793,4.766306,157.156479,0.447316,-11.099011,0.196730,0.975669,-0.094021,-0.022959
8505,0.349387,3.113913,-8.971370,48.186199,-11.300761,3.860249,158.776031,0.651996,-11.337635,0.182701,0.978178,-0.096045,-0.023755
8506,0.276545,2.952925,-9.213441,48.413227,-13.782689,2.757296,160.381973,1.005057,-11.587523,0.168615,0.980461,-0.097982,-0.025796
8507,0.166794,2.771469,-9.384677,48.286156,-12.187426,2.247871,161.988632,1.387797,-11.806376,0.154461,0.982558,-0.099687,-0.027996
8508,0.119613,2.535132,-9.705156,48.641258,-11.709166,2.658541,163.598373,1.744077,-12.002172,0.140270,0.984463,-0.101307,-0.029892
8509,0.141763,2.185665,-9.914939,48.260998,-8.394112,2.355076,165.207428,2.044218,-12.172711,0.126110,0.986176,-0.102845,-0.031237
8510,0.163331,1.928138,-9.988056,48.079193,-3.571293,1.047562,166.808929,2.224088,-12.275641,0.112119,0.987740,-0.103976,-0.031447
8511,0.227987,1.657881,-10.035056,45.703079,0.154547,0.495389,168.370178,2.274427,-12.312494,0.098594,0.989138,-0.104668,-0.030494
8512,0.273263,1.409200,-10.055346,40.714546,3.042798,-0.740397,169.810776,2.223015,-12.297994,0.086204,0.990317,-0.104958,-0.028720
8513,0.292628,1.209115,-9.909925,37.964447,6.643724,-2.618612,171.124969,2.073278,-12.215707,0.075001,0.991329,-0.104672,-0.026166
8514,0.264295,1.104230,-9.767279,35.690231,8.306697,-3.874276,172.357285,1.842509,-12.072413,0.064581,0.992229,-0.103844,-0.022961
8515,0.249688,0.966917,-9.707213,33.615704,7.515886,-4.090816,173.517181,1.597308,-11.908022,0.054789,0.993000,-0.102770,-0.019706
8516,0.236421,0.856318,-9.692615,31.804993,6.236677,-3.904541,174.611481,1.383170,-11.751772,0.045522,0.993632,-0.101689,-0.016805
8517,0.250606,0.735370,-9.752929,30.337469,4.119662,-3.251355,175.650131,1.221326,-11.618340,0.036676,0.994132,-0.100734,-0.014436
8518,0.289524,0.537425,-9.841054,27.882641,1.552485,-1.798601,176.622238,1.132641,-11.528121,0.028330,0.994492,-0.100094,-0.012790
8519,0.343361,0.345635,-9.905062,26.920214,-0.169284,-0.705981,177.536407,1.111651,-11.485415,0.020418,0.994725,-0.099826,-0.011801
8520,0.361022,0.086689,-9.852201,28.918207,-0.061416,-0.972974,178.467514,1.116396,-11.457691,0.012333,0.994882,-0.099677,-0.011028
8521,0.333269,-0.070723,-9.902828,32.857269,-0.057322,-3.518194,179.498489,1.119718,-11.382872,0.003386,0.995018,-0.099123,-0.010157
8522,0.297694,-0.319175,-9.885302,34.441895,-1.802001,-4.828960,-179.377213,1.150725,-11.243703,-0.006392,0.995120,-0.098010,-0.009461
8523,0.294796,-0.568141,-9.897908,35.509354,-4.070103,-5.649926,-178.207779,1.244975,-11.067152,-0.016613,0.995143,-0.096581,-0.009304
8524,0.263068,-0.720935,-9.909093,36.286884,-5.778205,-7.493280,-177.006073,1.399867,-10.841588,-0.027159,0.995084,-0.094748,-0.009689
8525,0.230951,-0.820553,-9.937521,33.589733,-7.223869,-7.203409,-175.834854,1.600983,-10.583669,-0.037469,0.994936,-0.092664,-0.010551
8526,0.248669,-1.026123,-9.874179,27.553753,-8.790037,-4.195885,-174.809525,1.851506,-10.372642,-0.046548,0.994689,-0.091019,-0.011982
8527,0.258566,-1.167618,-9.813418,23.890566,-7.758980,-2.361827,-173.947418,2.115151,-10.237032,-0.054219,0.994367,-0.090047,-0.013649
8528,0.219637,-1.226970,-9.738792,22.105686,-5.212619,-2.126960,-173.177002,2.321495,-10.138401,-0.061049,0.994013,-0.089385,-0.014886
8529,0.202111,-1.362296,-9.703367,20.642708,-2.435821,-0.860586,-172.461853,2.441720,-10.072901,-0.067333,0.993636,-0.088975,-0.015409
8530,0.229188,-1.514295,-9.711559,19.761139,-0.902591,-0.299215,-171.787323,2.494107,-10.045985,-0.073216,0.993231,-0.088863,-0.015356
8531,0.249619,-1.576235,-9.704175,20.358164,1.205983,-0.896043,-171.117874,2.486109,-10.026953,-0.079009,0.992803,-0.088781,-0.014780
8532,0.315235,-1.706203,-9.679064,21.304592,3.191046,-2.165834,-170.421860,2.405603,-9.988198,-0.084973,0.992355,-0.088476,-0.013572
8533,0.376139,-1.855895,-9.699661,24.193562,4.134004,-4.602992,-169.659927,2.265898,-9.898023,-0.091457,0.991871,-0.087676,-0.011846
8534,0.378992,-1.993608,-9.644822,31.651190,8.380610,-6.768558,-168.723709,2.025599,-9.750830,-0.099370,0.991259,-0.086295,-0.009178
8535,0.369984,-2.190501,-9.616208,41.084946,13.237514,-9.416327,-167.505539,1.617520,-9.560820,-0.109599,0.990377,-0.084365,-0.004915
8536,0.423798,-2.464919,-9.561330,47.286884,14.421447,-10.986803,-166.027603,1.091040,-9.335118,-0.121990,0.989145,-0.081921,0.000478
8537,0.471249,-2.723850,-9.504313,50.473686,14.338798,-11.353341,-164.395203,0.532718,-9.097580,-0.135693,0.987561,-0.079202,0.006175
8538,0.522088,-2.970706,-9.393398,50.974846,13.796754,-9.290612,-162.703918,-0.014292,-8.900579,-0.149901,0.985651,-0.076693,0.011790
8539,0.619297,-3.247940,-9.310131,46.350414,8.547186,-6.643472,-161.082840,-0.450879,-8.764098,-0.163556,0.983563,-0.074723,0.016426
8540,0.716317,-3.500350,-9.204270,39.882652,2.044847,-3.671344,-159.646912,-0.674899,-8.662065,-0.175737,0.981519,-0.073292,0.019123
8541,0.741597,-3.692719,-9.137810,35.766296,-0.895984,-1.718565,-158.387177,-0.724932,-8.585694,-0.186496,0.979580,-0.072343,0.020231
8542,0.715182,-3.881547,-9.055786,33.659531,-3.073906,-0.803424,-157.230988,-0.679586,-8.522092,-0.196411,0.977685,-0.071670,0.020464
8543,0.679680,-4.065935,-8.979843,31.391012,-5.262574,0.296354,-156.147598,-0.555331,-8.459558,-0.205737,0.975812,-0.071165,0.019970
8544,0.656732,-4.211057,-8.898461,29.386454,-7.109469,1.295410,-155.135193,-0.356561,-8.398895,-0.214486,0.973973,-0.070843,0.018796
8545,0.624315,-4.359133,-8.814112,27.861017,-7.982831,1.674919,-154.181396,-0.108060,-8.336163,-0.222751,0.972162,-0.070635,0.017155
8546,0.568116,-4.522721,-8.702321,28.105679,-8.641054,1.909452,-153.248642,0.166798,-8.267130,-0.230835,0.970318,-0.070462,0.015263
8547,0.528573,-4.632936,-8.609633,29.572620,-9.013940,2.900825,-152.287064,0.465098,-8.203815,-0.239157,0.968334,-0.070418,0.013200
8548,0.495311,-4.784609,-8.521314,30.980045,-8.239316,2.706526,-151.277344,0.762580,-8.150229,-0.247862,0.966163,-0.070488,0.011196
8549,0.459446,-4.916871,-8.429352,32.321857,-7.029783,1.825524,-150.221497,1.021475,-8.091694,-0.256909,0.963816,-0.070468,0.009535
8550,0.446717,-5.070598,-8.341377,32.827446,-5.876682,0.802569,-149.134399,1.229251,-8.020759,-0.266164,0.961328,-0.070259,0.008295
8551,0.444284,-5.191933,-8.276549,32.846214,-4.688443,-0.382186,-148.037994,1.383178,-7.934820,-0.275442,0.958749,-0.069825,0.007472
8552,0.429146,-5.315420,-8.252316,32.553577,-3.420832,-1.496787,-146.945648,1.480342,-7.835626,-0.284628,0.956114,-0.069163,0.007080
8553,0.445068,-5.468946,-8.096341,32.370770,-3.967524,-1.593642,-145.860748,1.554421,-7.724430,-0.293713,0.953422,-0.068357,0.006832
8554,0.432857,-5.632564,-7.992669,31.269386,-3.383490,-1.818714,-144.796951,1.622854,-7.607959,-0.302594,0.950703,-0.067504,0.006591
8555,0.403332,-5.767704,-7.896849,30.177155,-2.469887,-2.117040,-143.769775,1.663760,-7.497675,-0.311131,0.948005,-0.066640,0.006558
8556,0.409638,-5.917647,-7.785282,28.515743,-2.334522,-1.603594,-142.788788,1.690850,-7.399996,-0.319255,0.945355,-0.065851,0.006632
8557,0.427229,-6.083619,-7.599123,26.384439,-2.043502,-1.546442,-141.871292,1.716498,-7.313836,-0.326831,0.942810,-0.065159,0.006702
8558,0.394391,-6.180992,-7.569968,24.602587,0.592849,-1.965392,-141.019760,1.698925,-7.252965,-0.333824,0.940395,-0.064557,0.007153
8559,0.421401,-6.320297,-7.492272,24.346607,1.326352,-2.359940,-140.202957,1.628387,-7.217391,-0.340487,0.938033,-0.064005,0.008085
8560,0.445012,-6.426706,-7.444721,26.622126,1.338106,-2.070908,-139.352768,1.546787,-7.189623,-0.347401,0.935522,-0.063470,0.009143
8561,0.438329,-6.517924,-7.337985,29.608690,0.908847,-1.011291,-138.415283,1.484780,-7.175569,-0.355015,0.932675,-0.063088,0.010123
8562,0.432811,-6.613613,-7.241460,31.734600,0.165208,0.150569,-137.393005,1.461846,-7.177008,-0.363310,0.929477,-0.062934,0.010876
8563,0.432188,-6.715323,-7.103379,32.917461,-1.712221,1.445182,-136.315628,1.498818,-7.178885,-0.372050,0.926007,-0.062964,0.011174
8564,0.374812,-6.783231,-6.918688,32.743763,-2.899985,2.648254,-135.221252,1.601507,-7.174319,-0.380924,0.922382,-0.063157,0.010933
8565,0.325306,-6.914946,-6.692494,30.546745,-3.724651,2.999895,-134.166153,1.746065,-7.162170,-0.389467,0.918795,-0.063446,0.010313
8566,0.299274,-7.068865,-6.544751,27.646383,-3.224855,2.762531,-133.195801,1.895530,-7.144815,-0.397301,0.915422,-0.063733,0.009594
8567,0.271545,-7.187384,-6.457010,26.033915,-2.392427,2.865438,-132.301041,2.027938,-7.139729,-0.404495,0.912248,-0.064081,0.009019
8568,0.268299,-7.275106,-6.325397,25.443810,-2.194788,3.021726,-131.443436,2.151979,-7.148280,-0.411364,0.909144,-0.064523,0.008543
8569,0.295543,-7.405445,-6.230727,25.142120,-1.743816,3.019257,-130.601013,2.271000,-7.164853,-0.418086,0.906041,-0.065021,0.008136
8570,0.298573,-7.483308,-6.188918,25.479744,-0.197198,3.913969,-129.759384,2.380128,-7.214714,-0.424771,0.902875,-0.065755,0.007937
8571,0.259387,-7.557277,-6.072810,26.066029,0.900786,4.547734,-128.904510,2.481666,-7.313232,-0.431530,0.899583,-0.066847,0.008000
8572,0.252768,-7.633209,-5.960445,26.743855,1.147282,4.458206,-128.029694,2.577873,-7.433423,-0.438417,0.896151,-0.068090,0.008217
8573,0.283302,-7.746171,-5.835872,27.964920,1.071826,2.647376,-127.122574,2.649167,-7.535031,-0.445519,0.892561,-0.069090,0.008594
8574,0.275434,-7.842449,-5.767705,30.043535,1.243584,1.385829,-126.159134,2.680155,-7.606082,-0.453015,0.888727,-0.069688,0.009215
8575,0.241317,-7.939626,-5.605058,31.667408,-0.160972,1.247370,-125.132591,2.705353,-7.646278,-0.460966,0.884597,-0.070014,0.009806
8576,0.244017,-7.970224,-5.425148,32.012573,-2.262908,1.011251,-124.070801,2.759371,-7.634437,-0.469166,0.880271,-0.070049,0.009990
8577,0.204671,-8.076708,-5.213650,30.346615,-3.000700,-0.267072,-123.028343,2.818328,-7.568180,-0.477184,0.875980,-0.069693,0.009899
8578,0.156092,-8.257980,-5.037693,28.471731,-2.722291,0.540584,-122.044266,2.873574,-7.490085,-0.484718,0.871871,-0.069243,0.009746
8579,0.133888,-8.356456,-4.876996,28.287663,-2.602628,3.220580,-121.096146,2.973401,-7.447283,-0.491957,0.867809,-0.069262,0.009377
8580,0.124829,-8.367105,-4.741932,27.806021,-1.996217,3.274451,-120.160744,3.105488,-7.436621,-0.499075,0.863707,-0.069675,0.008899
8581,0.139151,-8.535381,-4.627887,26.778090,-0.184320,3.030719,-119.252197,3.214727,-7.457150,-0.505946,0.859657,-0.070235,0.008720
8582,0.158227,-8.611080,-4.552894,28.003920,1.265950,4.723315,-118.343666,3.319186,-7.535258,-0.512777,0.855518,-0.071212,0.008844
8583,0.118790,-8.599223,-4.445426,28.477356,2.453756,5.643771,-117.410385,3.442792,-7.671122,-0.519761,0.851163,-0.072704,0.009120
8584,0.081699,-8.615267,-4.306279,27.107384,2.855678,4.586652,-116.493591,3.554566,-7.827577,-0.526582,0.846818,-0.074295,0.009592
8585,0.054704,-8.679041,-4.112490,25.520752,3.437626,4.335232,-115.626526,3.642052,-7.987365,-0.532992,0.842656,-0.075799,0.010252
8586,-0.035911,-8.620943,-4.026544,25.585129,3.688397,3.822946,-114.785439,3.714445,-8.153039,-0.539173,0.838570,-0.077273,0.011056
8587,-0.074335,-8.711846,-3.853747,23.610832,2.419287,3.567102,-113.974937,3.784604,-8.296858,-0.545102,0.834597,-0.078572,0.011774
8588,-0.102067,-8.773319,-3.746378,22.970242,1.244749,3.221258,-113.205421,3.863899,-8.398346,-0.550713,0.830801,-0.079605,0.012212
8589,-0.131361,-8.811067,-3.636923,21.291992,0.376898,3.662816,-112.472519,3.959208,-8.467959,-0.556042,0.827155,-0.080487,0.012369
8590,-0.102960,-8.892529,-3.579943,19.932613,-0.471116,4.101292,-111.788803,4.079688,-8.515418,-0.561006,0.823715,-0.081338,0.012212
8591,-0.065835,-9.014670,-3.454506,18.333670,-0.588186,3.976600,-111.153435,4.211459,-8.548398,-0.565608,0.820486,-0.082150,0.011878
8592,-0.072505,-8.961238,-3.383294,18.587187,0.866462,3.487140,-110.541740,4.326059,-8.597148,-0.570015,0.817347,-0.082999,0.011739
8593,-0.072591,-8.908659,-3.319069,17.267359,2.682760,3.247901,-109.951385,4.410848,-8.691720,-0.574238,0.814276,-0.084031,0.012035
8594,-0.056859,-9.035398,-3.193648,16.240509,4.199982,1.891633,-109.403519,4.452796,-8.828955,-0.578124,0.811392,-0.085154,0.012831
8595,-0.039117,-9.020719,-3.037791,17.697981,5.824016,1.897957,-108.851776,4.457675,-9.007960,-0.582004,0.808462,-0.086379,0.014115
8596,-0.029925,-9.037678,-2.838756,24.116388,6.215089,4.525782,-108.172440,4.495444,-9.232878,-0.586771,0.804800,-0.088065,0.015512
8597,-0.018906,-9.369770,-2.657630,31.943481,5.335041,5.008118,-107.256607,4.588274,-9.465417,-0.593185,0.799840,-0.090038,0.016768
8598,-0.028961,-9.460752,-2.490343,37.065292,3.576034,2.490453,-106.120987,4.665505,-9.644123,-0.601083,0.793725,-0.091507,0.018059
8599,-0.099296,-9.402041,-2.304134,39.364147,2.779844,3.865465,-104.858017,4.739553,-9.774724,-0.609800,0.786893,-0.092590,0.019250
8600,-0.170111,-9.606306,-2.126479,40.230125,1.476990,5.516770,-103.540680,4.873782,-9.882348,-0.618835,0.779643,-0.093813,0.019976
8602,-0.245515,-9.604548,-1.999998,38.010597,-0.424075,2.633124,-102.240982,5.002346,-9.930099,-0.627674,0.772437,-0.094600,0.020428
8603,-0.303703,-9.447893,-1.753064,32.690277,-1.020514,2.004880,-101.062073,5.083129,-9.921886,-0.635616,0.765883,-0.094774,0.020812
8604,-0.307366,-9.534781,-1.532890,29.434559,-1.104276,4.033298,-100.025307,5.188599,-9.905411,-0.642557,0.760032,-0.095058,0.020872
8605,-0.291452,-9.571498,-1.314648,29.464239,-1.761806,2.570352,-99.041107,5.305025,-9.876590,-0.649103,0.754417,-0.095339,0.020752
8606,-0.312671,-9.481380,-1.115089,29.838844,-2.535329,0.571773,-98.046913,5.367508,-9.813179,-0.655654,0.748760,-0.095095,0.020805
8607,-0.288047,-9.560396,-0.979374,28.301460,-2.278867,1.551768,-97.070923,5.413215,-9.737831,-0.662034,0.743175,-0.094688,0.020880
8608,-0.299030,-9.499990,-0.830050,27.226393,-1.611946,1.561243,-96.139961,5.472191,-9.679195,-0.668077,0.737773,-0.094478,0.020924
8609,-0.336828,-9.428784,-0.694132,27.419323,-0.903844,1.784381,-95.225761,5.531783,-9.642828,-0.673964,0.732402,-0.094423,0.021080
8610,-0.359241,-9.505781,-0.557227,26.110710,-0.203393,2.550789,-94.332443,5.605269,-9.630411,-0.679674,0.727076,-0.094609,0.021272
8611,-0.379369,-9.532628,-0.394490,24.257345,0.654208,2.488636,-93.494347,5.688498,-9.643758,-0.684991,0.722007,-0.095028,0.021514
8612,-0.391217,-9.582840,-0.183227,23.521048,1.311887,2.011433,-92.701759,5.761560,-9.680718,-0.689978,0.717162,-0.095545,0.021933
8613,-0.394552,-9.651736,-0.021533,23.723293,1.127228,1.932482,-91.918777,5.825558,-9.724182,-0.694868,0.712341,-0.096047,0.022447
8614,-0.401200,-9.712395,0.145745,24.969334,0.399319,1.104285,-91.110016,5.875489,-9.751086,-0.699883,0.707355,-0.096355,0.022978
8615,-0.397993,-9.691677,0.289153,27.660469,-0.366761,-0.302257,-90.232956,5.888893,-9.751735,-0.705279,0.701966,-0.096262,0.023636
8616,-0.391140,-9.642367,0.400265,29.960938,-0.896335,-1.104548,-89.270500,5.865406,-9.730582,-0.711150,0.696055,-0.095787,0.024456
8617,-0.388544,-9.585591,0.559484,31.278675,-1.190934,-1.714574,-88.246460,5.817715,-9.696594,-0.717340,0.689740,-0.095064,0.025388
8618,-0.378108,-9.544411,0.713821,32.616238,-1.268868,-1.871399,-87.177727,5.756384,-9.657781,-0.723739,0.683103,-0.094208,0.026398
8619,-0.385191,-9.501005,0.952547,32.977253,-0.994339,-1.745906,-86.081184,5.693990,-9.623496,-0.730239,0.676226,-0.093354,0.027451
8620,-0.366879,-9.465377,1.157651,33.008759,-1.290535,-1.354888,-84.978165,5.639483,-9.589411,-0.736713,0.669239,-0.092539,0.028450
8621,-0.345398,-9.453757,1.332018,32.594707,-1.469259,-0.927264,-83.880730,5.597193,-9.547153,-0.743092,0.662222,-0.091745,0.029308
8622,-0.337130,-9.434109,1.525890,31.672531,-1.101725,-0.453873,-82.805824,5.569386,-9.507107,-0.749277,0.655277,-0.091057,0.030066
8623,-0.358309,-9.456537,1.724869,30.867870,-0.844078,-0.076589,-81.760559,5.556251,-9.476052,-0.755230,0.648451,-0.090517,0.030765
8624,-0.360402,-9.454691,1.880516,30.073881,-1.059484,-0.268445,-80.741997,5.545730,-9.445460,-0.760971,0.641745,-0.090000,0.031425
8625,-0.365765,-9.425958,2.045681,29.408043,-1.230656,-0.861604,-79.747375,5.520719,-9.410859,-0.766518,0.635163,-0.089365,0.032114
8626,-0.363520,-9.459868,2.252824,28.185268,-1.784854,-1.927789,-78.783646,5.465691,-9.369907,-0.771837,0.628771,-0.088499,0.032893
8627,-0.364034,-9.457482,2.415005,27.884171,-3.256151,-3.729458,-77.843231,5.356376,-9.306368,-0.776976,0.622553,-0.087145,0.033787
8628,-0.322218,-9.316290,2.504848,27.915686,-4.762559,-5.885149,-76.904495,5.170881,-9.210442,-0.782056,0.616387,-0.085090,0.034852
8629,-0.267862,-9.204543,2.610531,27.641953,-5.258824,-6.322682,-75.968460,4.934006,-9.095191,-0.787071,0.610249,-0.082571,0.036027
8630,-0.233082,-9.179437,2.729196,27.120958,-5.266807,-5.670716,-75.045715,4.696621,-8.974915,-0.791968,0.604158,-0.080012,0.037122
8631,-0.218045,-9.113916,2.889946,27.414795,-4.754454,-4.986673,-74.127708,4.481030,-8.860784,-0.796792,0.598035,-0.077625,0.038102
8632,-0.193506,-9.103018,3.086302,27.684269,-4.223799,-4.095064,-73.201721,4.293685,-8.759529,-0.801608,0.591782,-0.075487,0.038995
8633,-0.161777,-9.045689,3.295816,28.265127,-4.500377,-3.375868,-72.261780,4.131616,-8.657446,-0.806449,0.585370,-0.073507,0.039728
8634,-0.137155,-9.054999,3.481014,27.248421,-5.050114,-3.109864,-71.328300,3.979244,-8.539772,-0.811212,0.578964,-0.071512,0.040268
8635,-0.090739,-8.902585,3.616102,26.341610,-5.659385,-3.319959,-70.426086,3.819583,-8.405930,-0.815772,0.572753,-0.069391,0.040681
8636,-0.049471,-8.751840,3.624332,25.295883,-5.934499,-1.955325,-69.555595,3.670904,-8.254096,-0.820135,0.566731,-0.067269,0.040860
8637,-0.022741,-8.560086,3.679078,23.423000,-4.746263,0.593417,-68.733620,3.586383,-8.095584,-0.824225,0.560982,-0.065592,0.040618
8638,-0.031445,-8.535358,3.778879,21.266243,-3.062104,4.347662,-67.979301,3.614940,-7.944110,-0.827957,0.555611,-0.064795,0.039815
8639,-0.064320,-8.442508,3.883867,21.065701,-1.835717,7.886807,-67.263878,3.772423,-7.790911,-0.831477,0.550415,-0.064948,0.038346
8640,-0.217387,-8.901866,4.089064,21.075624,-0.088941,10.595987,-66.551270,4.043208,-7.640436,-0.834953,0.545142,-0.065960,0.036355
8641,-0.324825,-8.807410,4.431411,24.088665,-0.080143,6.894930,-65.789742,4.308693,-7.519931,-0.838608,0.539477,-0.067086,0.034652
8642,-0.371213,-8.747603,4.507551,28.990986,-2.009272,4.294130,-64.896729,4.463524,-7.409929,-0.842823,0.532888,-0.067437,0.033639
8643,-0.368971,-8.696850,4.638218,33.574341,-3.601192,1.244689,-63.844303,4.506302,-7.285060,-0.847718,0.525170,-0.066869,0.033135
8644,-0.348398,-8.653429,4.785503,37.092552,-4.614820,-2.676101,-62.657955,4.423337,-7.172918,-0.853143,0.516484,-0.065401,0.033368
8645,-0.233243,-8.143313,4.958239,38.131306,-4.508496,-5.881322,-61.399292,4.225971,-7.105022,-0.858786,0.507246,-0.063255,0.034456
8646,-0.145397,-8.178619,5.029445,36.879684,-3.445501,-4.423433,-60.147003,4.011238,-7.072878,-0.864288,0.497982,-0.061120,0.035843
8647,-0.094499,-8.123866,5.267992,34.976337,-1.741659,-4.930992,-58.949879,3.833034,-7.077521,-0.869441,0.489033,-0.059413,0.037281
8648,-0.108051,-7.967081,5.443555,33.460632,-0.622252,-5.052455,-57.812931,3.670559,-7.131327,-0.874230,0.480454,-0.058029,0.038965
8649,-0.115150,-7.868535,5.662029,33.277134,0.465131,-3.052804,-56.705231,3.555442,-7.202342,-0.878807,0.472016,-0.057061,0.040546
8650,-0.126762,-7.736173,5.817922,34.979736,-0.551720,-1.027144,-55.570019,3.498197,-7.239279,-0.883425,0.463304,-0.056366,0.041628
8651,-0.121105,-7.601465,5.945323,37.785595,-1.364091,1.570778,-54.355492,3.487457,-7.207976,-0.888297,0.453936,-0.055714,0.042023
8652,-0.114380,-7.492450,6.073766,39.048698,-1.787363,3.279095,-53.069561,3.521708,-7.117786,-0.893368,0.443962,-0.055156,0.041809
8653,-0.091908,-7.455627,6.271712,37.371262,-0.860224,3.171544,-51.789837,3.580129,-7.017179,-0.898307,0.433971,-0.054762,0.041410
8654,-0.085707,-7.308222,6.450066,35.178036,1.159435,1.672327,-50.577885,3.646087,-6.970428,-0.902862,0.424429,-0.054667,0.041372
8655,-0.111337,-7.227628,6.546537,34.527462,3.397287,0.398958,-49.418571,3.721128,-7.006510,-0.907094,0.415211,-0.054969,0.041935
8656,-0.154621,-7.077245,6.703139,32.134216,5.210945,-0.795018,-48.315052,3.810306,-7.119189,-0.911005,0.406348,-0.055670,0.043039
8657,-0.208311,-6.949667,6.872499,31.593485,6.185372,-0.696467,-47.263653,3.919302,-7.276958,-0.914629,0.397828,-0.056689,0.044425
8658,-0.272454,-6.746803,6.950755,33.112801,6.045916,0.680887,-46.195686,4.058772,-7.425975,-0.918229,0.389124,-0.057894,0.045667
8659,-0.321879,-6.613805,7.084149,33.925636,4.818511,1.545596,-45.085995,4.211983,-7.529804,-0.921901,0.380062,-0.059024,0.046547
8660,-0.338459,-6.449670,7.186255,35.750168,2.339847,0.979013,-43.928871,4.326674,-7.583542,-0.925660,0.370631,-0.059649,0.047199
8661,-0.364834,-6.280996,7.332516,35.900791,0.187718,0.427704,-42.735725,4.373514,-7.595228,-0.929460,0.360936,-0.059570,0.047763
8662,-0.370773,-6.124735,7.461584,35.717266,-2.295544,-0.868240,-41.540840,4.342628,-7.576880,-0.933184,0.351255,-0.058762,0.048328
8663,-0.347974,-5.986984,7.628572,37.013905,-4.438551,-2.365606,-40.326313,4.222596,-7.543736,-0.936881,0.341440,-0.057168,0.049039
8664,-0.287507,-5.852345,7.779742,40.449886,-7.669595,-2.417948,-39.030548,4.016423,-7.475866,-0.940733,0.330989,-0.054724,0.049729
8665,-0.218985,-5.643580,8.059461,42.088432,-8.987199,-0.317239,-37.645802,3.770606,-7.338936,-0.944748,0.319815,-0.051714,0.049952
8666,-0.175554,-5.462905,8.250583,46.534805,-8.653793,1.821614,-36.156376,3.550818,-7.142034,-0.948932,0.307729,-0.048714,0.049587
8667,-0.151903,-5.243249,8.428120,49.127228,-7.244613,3.588166,-34.548542,3.387018,-6.915051,-0.953269,0.294574,-0.046069,0.048803
8668,-0.117705,-5.021427,8.569572,48.625076,-5.362399,4.553630,-32.906288,3.287677,-6.685478,-0.957500,0.281029,-0.043973,0.047787
8669,-0.145960,-4.753462,8.655920,45.176346,-1.618534,4.496762,-31.332392,3.269331,-6.495849,-0.961350,0.267933,-0.042715,0.046839
8670,-0.192915,-4.562145,8.682819,41.931988,1.075567,3.579338,-29.873896,3.329881,-6.375572,-0.964724,0.255687,-0.042357,0.046230
8671,-0.214591,-4.367564,8.758613,37.308067,2.051522,2.132462,-28.550032,3.421622,-6.318046,-0.967625,0.244498,-0.042471,0.046032
8672,-0.248962,-4.176347,8.871176,34.091007,2.731467,1.616428,-27.359121,3.521167,-6.300244,-0.970107,0.234382,-0.042796,0.046114
8673,-0.309692,-3.973561,8.945518,32.735580,3.100171,1.529224,-26.245281,3.631484,-6.297326,-0.972323,0.224885,-0.043275,0.046283
8674,-0.355565,-3.778178,9.002192,33.876591,1.379938,2.031074,-25.133833,3.724464,-6.276214,-0.974451,0.215402,-0.043575,0.046343
8675,-0.350623,-3.620487,9.072045,34.501831,-1.171922,2.398657,-23.990017,3.758395,-6.210257,-0.976573,0.205672,-0.043281,0.046152
8676,-0.345847,-3.448558,9.165000,34.318321,-3.890139,2.891363,-22.835670,3.716120,-6.095411,-0.978650,0.195889,-0.042257,0.045678
8677,-0.320656,-3.282962,9.295816,35.096138,-5.140448,2.393741,-21.670019,3.610314,-5.956427,-0.980667,0.186027,-0.040659,0.045091
8678,-0.271261,-3.141406,9.417487,36.128757,-5.305874,2.363043,-20.474627,3.476365,-5.819499,-0.982633,0.175900,-0.038829,0.044548
8679,-0.245316,-2.980322,9.499283,34.661861,-3.443380,2.022576,-19.287853,3.364100,-5.700974,-0.984468,0.165806,-0.037230,0.044095
8680,-0.262386,-2.745398,9.539396,34.060169,-0.590532,1.228932,-18.138361,3.317749,-5.628093,-0.986119,0.155967,-0.036288,0.043903
8681,-0.283639,-2.574134,9.557410,33.971184,2.169292,0.070625,-17.003891,3.349239,-5.615572,-0.987613,0.146187,-0.036107,0.044111
8682,-0.333874,-2.376678,9.521454,33.393864,3.494816,-0.164467,-15.882938,3.439171,-5.644034,-0.988967,0.136468,-0.036483,0.044599
8683,-0.375075,-2.173346,9.536259,32.703625,3.663756,-0.584163,-14.784093,3.550874,-5.687797,-0.990190,0.126913,-0.037067,0.045198
8684,-0.398357,-2.005188,9.548218,33.589653,3.158267,-1.060302,-13.682746,3.654296,-5.742432,-0.991319,0.117325,-0.037581,0.045916
8685,-0.408956,-1.859431,9.601430,33.177067,2.581054,-1.450982,-12.574108,3.737909,-5.804986,-0.992363,0.107670,-0.037918,0.046738
8686,-0.407155,-1.663355,9.677042,32.280743,2.116734,-1.664653,-11.487671,3.803631,-5.872181,-0.993296,0.098203,-0.038100,0.047620
8687,-0.387112,-1.519305,9.735271,31.161615,1.992648,-2.171303,-10.435470,3.858695,-5.948098,-0.994110,0.089027,-0.038198,0.048582
8688,-0.396245,-1.364809,9.752098,30.404074,1.885315,-2.494841,-9.415421,3.908907,-6.036025,-0.994812,0.080122,-0.038261,0.049647
8689,-0.402212,-1.196055,9.819440,28.904909,1.416332,-2.920609,-8.433730,3.949234,-6.133939,-0.995409,0.071544,-0.038246,0.050797
8690,-0.412561,-1.038626,9.843105,28.658520,1.444801,-3.425718,-7.482127,3.981777,-6.245518,-0.995909,0.063223,-0.038167,0.052063
8691,-0.435512,-0.887151,9.848241,29.065207,1.697599,-3.436414,-6.528521,4.019771,-6.365701,-0.996335,0.054874,-0.038121,0.053405
8692,-0.461331,-0.706663,9.866270,28.068043,1.524699,-3.183112,-5.584527,4.061532,-6.481371,-0.996687,0.046606,-0.038090,0.054704
8693,-0.470095,-0.524884,9.906176,27.145683,0.910825,-3.036613,-4.671983,4.092704,-6.588502,-0.996965,0.038616,-0.037960,0.055926
8694,-0.470960,-0.381152,9.925588,26.075317,0.246591,-2.635276,-3.791878,4.104970,-6.684399,-0.997182,0.030920,-0.037662,0.057047
8695,-0.480334,-0.231919,9.939289,24.005457,-0.451212,-1.902806,-2.962643,4.097132,-6.759849,-0.997344,0.023683,-0.037196,0.057977
8696,-0.475438,-0.105652,9.941614,22.640549,-1.095603,-1.571650,-2.189291,4.068810,-6.816638,-0.997460,0.016948,-0.036565,0.058726
8697,-0.468334,0.006356,9.912079,22.482613,-1.416503,-1.313735,-1.440575,4.025457,-6.863454,-0.997539,0.010439,-0.035808,0.059377
8698,-0.464547,0.128454,9.903669,21.863821,-1.636687,-0.894067,-0.704005,3.973907,-6.899358,-0.997582,0.004043,-0.034978,0.059922
8699,-0.456207,0.248561,9.914506,21.698212,-1.698170,-0.756692,0.020125,3.918187,-6.926589,-0.997590,-0.002240,-0.034113,0.060380
8700,-0.444121,0.347053,9.936427,22.077328,-1.701671,-0.535389,0.748197,3.861678,-6.948548,-0.997561,-0.008555,-0.033235,0.060784
8701,-0.438023,0.442130,9.901610,22.520475,-1.494593,-0.103506,1.490677,3.808640,-6.960260,-0.997494,-0.014994,-0.032377,0.061095
8702,-0.418555,0.574594,9.884423,22.356279,-1.710200,0.276499,2.238666,3.755188,-6.959127,-0.997391,-0.021476,-0.031513,0.061287
8703,-0.417221,0.687137,9.881052,21.046103,-2.366801,0.697708,2.962862,3.686595,-6.945950,-0.997263,-0.027740,-0.030531,0.061356
8705,-0.403272,0.815972,9.859314,19.658092,-2.252802,0.354434,3.642074,3.608744,-6.932810,-0.997111,-0.033607,-0.029493,0.061402
8706,-0.398218,0.962335,9.838700,16.921200,-2.437878,-0.168894,4.251562,3.530526,-6.935109,-0.996940,-0.038870,-0.028485,0.061554
8707,-0.403925,1.099177,9.851292,14.220986,-2.798409,-0.760883,4.769222,3.444721,-6.957438,-0.996767,-0.043334,-0.027451,0.061846
8708,-0.391890,1.172956,9.867606,11.604187,-3.026749,-1.512982,5.196888,3.351268,-7.003677,-0.996599,-0.047016,-0.026389,0.062315
8709,-0.362962,1.236368,9.886420,9.313341,-2.454612,-2.467914,5.541193,3.266489,-7.078384,-0.996436,-0.049983,-0.025431,0.063009
8710,-0.350449,1.267501,9.860305,7.158153,-2.616487,-2.609526,5.810484,3.190721,-7.171101,-0.996285,-0.052304,-0.024582,0.063843
8711,-0.324630,1.295074,9.854925,4.888351,-2.834857,-2.774028,6.005834,3.109567,-7.269837,-0.996161,-0.053980,-0.023721,0.064707
8712,-0.302098,1.286775,9.820889,1.788231,-2.906814,-3.832722,6.110701,3.026009,-7.389589,-0.996065,-0.054870,-0.022878,0.065732
8713,-0.288318,1.266580,9.824560,-1.904859,-2.938453,-5.056332,6.100527,2.944862,-7.547457,-0.995999,-0.054768,-0.022103,0.067066
8714,-0.275141,1.219730,9.795506,-4.817479,-2.984678,-5.613227,5.978981,2.865360,-7.734902,-0.995966,-0.053702,-0.021395,0.068637
8715,-0.263555,1.195700,9.839755,-7.649273,-2.753181,-6.107564,5.761118,2.790175,-7.939235,-0.995960,-0.051802,-0.020779,0.070340
8716,-0.249094,1.130111,9.857643,-8.634732,-2.164620,-6.315029,5.479397,2.728848,-8.153539,-0.995966,-0.049355,-0.020327,0.072127
8717,-0.231325,1.090618,9.903970,-8.616158,-1.574542,-5.254453,5.182524,2.684701,-8.351520,-0.995975,-0.046782,-0.020049,0.073778
8718,-0.228158,1.061758,9.929399,-7.166241,-1.014986,-3.885642,4.912231,2.655090,-8.507218,-0.995988,-0.044441,-0.019905,0.075073
8719,-0.223756,1.048854,9.936258,-5.643030,-0.386759,-3.243171,4.693176,2.641747,-8.627693,-0.995995,-0.042550,-0.019888,0.076078
8720,-0.226456,1.003925,9.909081,-4.110633,-0.060660,-2.725829,4.526008,2.642311,-8.727551,-0.995989,-0.041115,-0.019968,0.076917
8721,-0.238311,0.992019,9.903109,-2.819321,0.140331,-2.309198,4.406645,2.650175,-8.811196,-0.995973,-0.040097,-0.020087,0.077626
8722,-0.228077,0.959076,9.907468,-1.966907,0.169753,-2.055765,4.323527,2.660869,-8.883417,-0.995951,-0.039394,-0.020212,0.078242
8723,-0.231954,0.945787,9.898150,-1.797553,0.282434,-1.931960,4.257725,2.673360,-8.949200,-0.995925,-0.038842,-0.020343,0.078806
8724,-0.241434,0.940179,9.904499,-1.377919,0.202884,-1.829524,4.201902,2.686050,-9.011191,-0.995898,-0.038377,-0.020471,0.079339
8725,-0.241157,0.936873,9.913670,-1.031487,0.106566,-1.485989,4.159173,2.695224,-9.065988,-0.995872,-0.038022,-0.020562,0.079810
8726,-0.236256,0.920733,9.922352,-1.069605,0.031576,-1.136352,4.122110,2.700677,-9.109462,-0.995853,-0.037711,-0.020621,0.080183
8727,-0.231240,0.911012,9.916440,-0.701871,0.003841,-0.948461,4.090951,2.703753,-9.144114,-0.995838,-0.037449,-0.020658,0.080479
8728,-0.223422,0.918198,9.907286,-0.170824,-0.049889,-0.707159,4.075104,2.704952,-9.171724,-0.995824,-0.037317,-0.020671,0.080717
8729,-0.223357,0.906955,9.896950,-0.103634,-0.395100,-0.145409,4.069836,2.698565,-9.186441,-0.995817,-0.037269,-0.020614,0.080842
8730,-0.222591,0.906080,9.902991,0.096279,-0.693008,0.370559,4.069830,2.680209,-9.183983,-0.995823,-0.037256,-0.020455,0.080815
8731,-0.212007,0.908576,9.897996,0.563239,-0.902439,0.767509,4.081615,2.652337,-9.166934,-0.995837,-0.037336,-0.020210,0.080661
8732,-0.224763,0.920205,9.898340,0.248974,-1.287312,1.169035,4.096514,2.613632,-9.137314,-0.995862,-0.037434,-0.019873,0.080395
8733,-0.227660,0.909700,9.901807,-0.347604,-1.670556,1.428641,4.096663,2.561369,-9.097610,-0.995901,-0.037392,-0.019432,0.080034
8734,-0.213649,0.915752,9.896746,-0.245332,-1.646359,1.468510,4.088734,2.502783,-9.053347,-0.995947,-0.037276,-0.018942,0.079631
8735,-0.198928,0.902460,9.886198,-0.190382,-1.465028,1.346632,4.083336,2.447715,-9.010202,-0.995990,-0.037185,-0.018481,0.079239
8736,-0.198180,0.888705,9.880941,-0.240811,-1.393546,1.125562,4.077744,2.397261,-8.972460,-0.996029,-0.037096,-0.018059,0.078895
8737,-0.188186,0.899104,9.892908,-0.077617,-1.238109,0.829718,4.073656,2.351195,-8.943046,-0.996060,-0.037025,-0.017671,0.078625
8738,-0.182725,0.902644,9.901675,0.291631,-0.992640,0.733770,4.078172,2.312257,-8.919677,-0.996082,-0.037034,-0.017337,0.078411
8739,-0.180811,0.878698,9.917551,0.123664,-0.765456,0.677490,4.085952,2.281355,-8.898285,-0.996100,-0.037078,-0.017070,0.078217
8740,-0.176475,0.882237,9.895449,-0.061171,-0.690842,0.551011,4.087735,2.255687,-8.879579,-0.996118,-0.037073,-0.016851,0.078047
8741,-0.174740,0.895073,9.895571,-0.296297,-0.678774,0.604593,4.082466,2.231546,-8.861979,-0.996136,-0.037009,-0.016651,0.077886
8742,-0.166569,0.889555,9.899709,-0.204848,-0.572104,0.562042,4.074808,2.209368,-8.844054,-0.996155,-0.036925,-0.016469,0.077723
8743,-0.149906,0.883340,9.897374,0.077307,-0.563158,0.504235,4.073311,2.189232,-8.827660,-0.996170,-0.036896,-0.016300,0.077574
8744,-0.147397,0.891944,9.889326,-0.054046,-0.671753,0.431171,4.074235,2.167594,-8.813561,-0.996184,-0.036888,-0.016116,0.077445
8745,-0.154700,0.891340,9.906306,0.002318,-0.690273,0.374890,4.073817,2.143997,-8.801765,-0.996196,-0.036867,-0.015915,0.077335
8746,-0.144973,0.871981,9.907492,-0.144350,-0.742343,0.368959,4.071846,2.119299,-8.791087,-0.996209,-0.036832,-0.015705,0.077235
8747,-0.141893,0.856741,9.882760,-0.404058,-0.882933,0.578180,4.063215,2.091161,-8.777254,-0.996226,-0.036736,-0.015471,0.077105
8748,-0.142227,0.854005,9.875168,-0.763002,-0.800713,0.579871,4.044390,2.061806,-8.759974,-0.996249,-0.036551,-0.015234,0.076944
8749,-0.130807,0.852821,9.891164,-0.751147,-0.680348,0.497635,4.019733,2.035920,-8.743784,-0.996272,-0.036317,-0.015030,0.076792
8750,-0.119542,0.829110,9.898171,-0.829394,-0.665324,0.528317,3.993938,2.012352,-8.728286,-0.996295,-0.036076,-0.014847,0.076647
8751,-0.119726,0.830409,9.901419,-1.048083,-0.639629,0.507115,3.963196,1.989458,-8.712569,-0.996319,-0.035791,-0.014674,0.076500
8752,-0.118261,0.820020,9.892915,-0.949374,-0.421642,0.325688,3.930342,1.970857,-8.699932,-0.996341,-0.035492,-0.014538,0.076381
8753,-0.114794,0.795933,9.900746,-1.003347,-0.435586,0.260227,3.898097,1.955937,-8.691159,-0.996359,-0.035201,-0.014432,0.076296
8754,-0.125509,0.799798,9.900181,-1.177905,-0.489154,0.191707,3.861962,1.940051,-8.684683,-0.996377,-0.034875,-0.014320,0.076231
8755,-0.127468,0.808449,9.894341,-1.134160,-0.383958,0.220844,3.823627,1.925071,-8.678794,-0.996395,-0.034531,-0.014217,0.076170
8756,-0.122996,0.802678,9.889013,-0.852307,-0.269593,0.172159,3.790714,1.913768,-8.672978,-0.996411,-0.034237,-0.014143,0.076113
8757,-0.121371,0.789155,9.914982,-0.962648,-0.263578,-0.007758,3.760536,1.904720,-8.670828,-0.996423,-0.033968,-0.014085,0.076088
8758,-0.132533,0.791550,9.905013,-0.793752,-0.249882,0.018322,3.731251,1.896170,-8.671212,-0.996433,-0.033708,-0.014030,0.076085
8759,-0.126927,0.780514,9.892488,-0.487508,-0.272775,0.204620,3.710000,1.887236,-8.668068,-0.996442,-0.033517,-0.013967,0.076053
8760,-0.119828,0.786359,9.910316,-0.478807,-0.309438,0.172712,3.694080,1.877146,-8.662416,-0.996453,-0.033371,-0.013891,0.075999
8761,-0.115853,0.774983,9.920418,-0.126779,-0.355289,0.195740,3.684164,1.865695,-8.656998,-0.996461,-0.033277,-0.013800,0.075948
8762,-0.116071,0.797565,9.904696,0.107815,-0.567465,0.414087,3.684145,1.849695,-8.647839,-0.996470,-0.033265,-0.013663,0.075864
8763,-0.110292,0.811012,9.897901,0.313568,-0.651465,0.337935,3.691528,1.828615,-8.636631,-0.996478,-0.033314,-0.013478,0.075761
8764,-0.096464,0.791027,9.897957,0.551338,-0.518835,0.292304,3.706236,1.808473,-8.627404,-0.996483,-0.033428,-0.013296,0.075677
8765,-0.091549,0.779907,9.892047,0.651642,-0.602930,0.484715,3.726652,1.788976,-8.615686,-0.996488,-0.033592,-0.013117,0.075573
8766,-0.091605,0.782823,9.893124,0.684751,-0.641239,0.472651,3.749379,1.767244,-8.601110,-0.996494,-0.033773,-0.012917,0.075442
8767,-0.092860,0.780631,9.916363,0.549977,-0.574228,0.449902,3.770387,1.746021,-8.587089,-0.996501,-0.033941,-0.012723,0.075317
8768,-0.086848,0.762416,9.924829,0.419662,-0.458378,0.526336,3.787006,1.727777,-8.571982,-0.996508,-0.034072,-0.012558,0.075182
8769,-0.089729,0.774848,9.929688,0.281668,-0.402026,0.392188,3.799125,1.712455,-8.557649,-0.996517,-0.034166,-0.012421,0.075055
8770,-0.090355,0.772595,9.925344,0.171159,-0.260186,0.155802,3.806922,1.700837,-8.549264,-0.996521,-0.034225,-0.012317,0.074979
8771,-0.092172,0.779214,9.911438,0.004200,-0.025237,-0.004289,3.809911,1.695923,-8.547058,-0.996523,-0.034248,-0.012273,0.074959
8772,-0.089471,0.778657,9.907512,0.145500,0.141054,-0.210158,3.812303,1.698087,-8.550498,-0.996520,-0.034270,-0.012289,0.074990
8773,-0.088975,0.778658,9.906316,0.143358,0.150164,-0.327523,3.816862,1.703526,-8.559120,-0.996512,-0.034314,-0.012331,0.075067
8774,-0.096111,0.763757,9.891641,0.196093,0.147088,-0.336549,3.822200,1.709206,-8.569839,-0.996502,-0.034366,-0.012374,0.075162
8775,-0.100904,0.773086,9.890689,0.376982,0.151680,-0.363890,3.831412,1.714953,-8.581159,-0.996491,-0.034451,-0.012414,0.075263
8776,-0.098204,0.776112,9.900249,0.660143,0.157798,-0.388178,3.848333,1.720939,-8.593326,-0.996477,-0.034603,-0.012452,0.075373
8777,-0.097112,0.771040,9.887388,1.097399,0.171524,-0.331590,3.877276,1.727224,-8.604929,-0.996460,-0.034860,-0.012484,0.075479
8778,-0.095828,0.781485,9.896424,1.339327,0.162344,-0.294838,3.917585,1.733485,-8.614972,-0.996440,-0.035216,-0.012508,0.075572
8779,-0.098321,0.794893,9.923822,1.318830,0.162314,-0.348113,3.961576,1.739620,-8.625296,-0.996418,-0.035603,-0.012530,0.075668
8780,-0.097050,0.803783,9.926837,1.119819,0.154650,-0.349505,4.001878,1.745697,-8.636534,-0.996398,-0.035959,-0.012552,0.075772
8781,-0.097401,0.818510,9.919928,0.640074,0.011168,-0.273071,4.030900,1.749181,-8.646695,-0.996381,-0.036215,-0.012560,0.075865
8782,-0.094649,0.802901,9.910374,0.439529,-0.172004,-0.172222,4.048661,1.747029,-8.654290,-0.996371,-0.036369,-0.012527,0.075932
8783,-0.093352,0.792071,9.905723,0.290737,-0.455902,0.033914,4.060740,1.736753,-8.657331,-0.996367,-0.036467,-0.012429,0.075957
8784,-0.090185,0.799041,9.895160,0.201425,-0.777958,0.191220,4.069012,1.715975,-8.655045,-0.996369,-0.036525,-0.012243,0.075932
8785,-0.087765,0.786476,9.889088,0.250944,-1.025243,0.437030,4.076798,1.685254,-8.646730,-0.996376,-0.036572,-0.011974,0.075851
8786,-0.083648,0.788847,9.900846,0.340084,-1.092460,0.556185,4.087056,1.648870,-8.632726,-0.996388,-0.036636,-0.011655,0.075719
8787,-0.075243,0.796110,9.918213,0.096591,-0.819400,0.303015,4.094676,1.616065,-8.620710,-0.996398,-0.036680,-0.011369,0.075606
8788,-0.080105,0.776977,9.908047,0.199421,-0.317419,-0.017300,4.099706,1.596827,-8.617313,-0.996401,-0.036711,-0.011199,0.075571
8789,-0.089776,0.762557,9.902723,0.152580,0.129719,-0.119418,4.105503,1.593869,-8.619812,-0.996398,-0.036759,-0.011169,0.075592
8790,-0.091977,0.773691,9.903140,0.375809,0.720355,-0.522147,4.114039,1.608767,-8.629466,-0.996387,-0.036844,-0.011290,0.075682
8791,-0.081514,0.761044,9.913482,0.521196,1.208713,-0.699037,4.128479,1.642298,-8.647462,-0.996366,-0.036994,-0.011566,0.075850
8792,-0.088082,0.751949,9.912299,0.608498,1.169054,-0.546327,4.146788,1.683321,-8.665312,-0.996342,-0.037181,-0.011905,0.076019
8793,-0.101908,0.776442,9.924644,0.366232,0.956993,-0.591987,4.162548,1.720037,-8.681675,-0.996320,-0.037344,-0.012208,0.076175
8794,-0.088447,0.800550,9.923506,0.415580,0.796764,-0.539979,4.175073,1.750560,-8.698375,-0.996300,-0.037475,-0.012460,0.076330
8795,-0.088628,0.779365,9.923552,0.344370,0.395342,-0.158363,4.187428,1.771225,-8.708538,-0.996286,-0.037597,-0.012628,0.076427
8796,-0.103690,0.759465,9.897899,0.485100,-0.042675,-0.027006,4.201169,1.777313,-8.711192,-0.996279,-0.037721,-0.012671,0.076453
8797,-0.107270,0.787016,9.903193,0.569388,-0.271587,0.050941,4.218744,1.772060,-8.711177,-0.996274,-0.037870,-0.012613,0.076453
8798,-0.099168,0.797307,9.904881,0.669056,-0.363185,0.316582,4.239549,1.761058,-8.705846,-0.996272,-0.038043,-0.012506,0.076406
8799,-0.110411,0.780495,9.911465,0.529102,-0.447129,0.351806,4.259828,1.746764,-8.695731,-0.996275,-0.038209,-0.012371,0.076315
8800,-0.121176,0.774846,9.898389,0.721687,-0.294455,0.028427,4.280839,1.733967,-8.690331,-0.996273,-0.038383,-0.012248,0.076267
8802,-0.106970,0.796817,9.906067,0.323777,-0.128041,-0.035543,4.298243,1.726954,-8.690974,-0.996268,-0.038529,-0.012175,0.076272
8803,-0.105821,0.780507,9.900462,-0.057354,0.021542,-0.162073,4.302581,1.725431,-8.694395,-0.996264,-0.038567,-0.012158,0.076302
8804,-0.118542,0.760160,9.904858,-0.151763,0.064360,-0.522078,4.298756,1.727713,-8.705665,-0.996258,-0.038536,-0.012176,0.076400
8805,-0.128686,0.747462,9.897352,-0.012834,0.047754,-0.653204,4.295428,1.731044,-8.725066,-0.996246,-0.038511,-0.012201,0.076569
8806,-0.110482,0.766252,9.905231,-0.319446,0.034164,-0.413527,4.289357,1.733737,-8.742702,-0.996235,-0.038462,-0.012222,0.076723
8807,-0.112471,0.755152,9.904378,0.016390,-0.071047,-0.323385,4.283934,1.734041,-8.755000,-0.996229,-0.038417,-0.012225,0.076829
8808,-0.128927,0.747458,9.897470,0.300283,-0.223492,-0.394998,4.288839,1.730041,-8.767312,-0.996220,-0.038458,-0.012182,0.076936
8809,-0.135196,0.775214,9.906208,0.317214,-0.197316,-0.353697,4.298740,1.723982,-8.780287,-0.996209,-0.038541,-0.012119,0.077048
8810,-0.120052,0.791492,9.912591,0.262583,-0.029255,-0.144537,4.308146,1.720840,-8.788855,-0.996200,-0.038622,-0.012082,0.077122
8811,-0.134156,0.787621,9.913548,0.079806,-0.111445,-0.048295,4.313751,1.718742,-8.792235,-0.996196,-0.038670,-0.012059,0.077151
8812,-0.144862,0.772872,9.913992,-0.194609,0.105545,-0.290817,4.311669,1.719070,-8.797882,-0.996193,-0.038652,-0.012061,0.077200
8813,-0.118182,0.758204,9.923909,-0.411156,0.420134,-0.148806,4.301373,1.728356,-8.804535,-0.996191,-0.038570,-0.012147,0.077260
8814,-0.113640,0.732114,9.908387,-0.543924,0.183737,0.154959,4.285480,1.738385,-8.803678,-0.996195,-0.038438,-0.012245,0.077254
8815,-0.142469,0.716510,9.885607,-0.513549,-0.072414,0.017719,4.267946,1.740020,-8.800667,-0.996203,-0.038286,-0.012272,0.077227
8816,-0.146032,0.696892,9.885950,-0.272703,0.045404,-0.131738,4.254783,1.739712,-8.802597,-0.996206,-0.038172,-0.012278,0.077242
8817,-0.138517,0.700405,9.902104,-0.153977,0.193724,-0.064515,4.247582,1.743930,-8.805566,-0.996206,-0.038112,-0.012318,0.077268
8818,-0.145964,0.719401,9.909637,0.001464,0.323727,-0.259749,4.244895,1.752930,-8.810319,-0.996202,-0.038096,-0.012397,0.077312
8819,-0.141459,0.736272,9.913295,0.126528,0.551393,-0.403097,4.246723,1.768293,-8.820259,-0.996192,-0.038123,-0.012526,0.077403
8820,-0.130786,0.743756,9.939620,0.050256,0.492109,-0.258036,4.249368,1.786453,-8.829964,-0.996182,-0.038159,-0.012679,0.077494
8821,-0.141257,0.737568,9.948844,0.013649,0.306148,-0.166382,4.250243,1.800245,-8.836036,-0.996175,-0.038176,-0.012796,0.077551
8822,-0.159596,0.734675,9.934540,-0.022993,0.150795,0.015294,4.250026,1.808027,-8.837984,-0.996173,-0.038180,-0.012863,0.077570
8823,-0.155214,0.710046,9.911901,-0.042946,0.009216,0.244268,4.249069,1.810366,-8.833470,-0.996176,-0.038173,-0.012885,0.077532
8824,-0.144743,0.677858,9.890115,0.068126,-0.031714,0.308440,4.249778,1.809309,-8.824307,-0.996182,-0.038177,-0.012879,0.077452
8825,-0.143782,0.676893,9.882421,0.244695,0.087536,0.149827,4.255235,1.809670,-8.816617,-0.996185,-0.038224,-0.012881,0.077386
8826,-0.150999,0.696822,9.889716,0.520517,0.179343,-0.091187,4.268030,1.814034,-8.815311,-0.996181,-0.038338,-0.012911,0.077377
8827,-0.160513,0.714233,9.892395,0.942956,0.210174,-0.342883,4.292208,1.821047,-8.822046,-0.996167,-0.038554,-0.012953,0.077441
8828,-0.177932,0.733802,9.909506,1.148825,0.210582,-0.451143,4.326667,1.829034,-8.834721,-0.996146,-0.038860,-0.012995,0.077557
8829,-0.176078,0.747451,9.925896,1.290684,0.493333,-0.573138,4.366809,1.842026,-8.850862,-0.996119,-0.039219,-0.013075,0.077706
8830,-0.164644,0.735972,9.934204,1.200555,0.696669,-0.603574,4.407745,1.863301,-8.868909,-0.996089,-0.039591,-0.013226,0.077875
8831,-0.155451,0.731945,9.915340,1.087425,0.506217,-0.443263,4.445360,1.884636,-8.884768,-0.996062,-0.039934,-0.013380,0.078024
8832,-0.151881,0.713992,9.901108,0.932969,0.099006,-0.127306,4.478747,1.895433,-8.893468,-0.996042,-0.040233,-0.013449,0.078107
8833,-0.161968,0.723749,9.892587,0.873049,-0.186125,0.002487,4.508775,1.894149,-8.895656,-0.996030,-0.040493,-0.013416,0.078129
8834,-0.183384,0.741471,9.905894,0.787249,-0.382638,0.001043,4.536423,1.884694,-8.896343,-0.996022,-0.040727,-0.013315,0.078135
8835,-0.189657,0.764663,9.911029,0.811429,-0.472225,0.121669,4.563098,1.870329,-8.895434,-0.996015,-0.040950,-0.013172,0.078125
8836,-0.185656,0.761538,9.919423,0.615912,-0.334425,0.184310,4.587018,1.856521,-8.891421,-0.996012,-0.041148,-0.013037,0.078089
8837,-0.178602,0.775552,9.923737,0.412770,-0.008960,-0.114691,4.604185,1.850724,-8.890723,-0.996007,-0.041293,-0.012975,0.078082
8838,-0.167945,0.754723,9.928437,0.290447,0.342390,-0.320608,4.615685,1.856846,-8.897512,-0.995997,-0.041398,-0.013018,0.078145
8839,-0.161757,0.749602,9.911209,0.042882,0.310669,-0.201500,4.620987,1.868396,-8.905313,-0.995988,-0.041453,-0.013112,0.078217
8840,-0.176704,0.747450,9.893711,0.005865,0.149267,-0.152589,4.621628,1.876512,-8.910582,-0.995983,-0.041464,-0.013180,0.078266
8841,-0.184275,0.738184,9.887329,0.161074,0.166475,-0.157091,4.624256,1.882173,-8.915304,-0.995978,-0.041491,-0.013226,0.078309
8842,-0.177668,0.743736,9.897799,0.178934,0.131794,-0.030364,4.629833,1.887380,-8.918019,-0.995973,-0.041544,-0.013267,0.078335
8843,-0.176595,0.759711,9.899227,0.219756,-0.069249,0.126886,4.636533,1.888289,-8.916330,-0.995971,-0.041602,-0.013271,0.078322
8844,-0.188226,0.771051,9.905135,0.385798,-0.117664,0.123915,4.646755,1.884846,-8.912415,-0.995971,-0.041688,-0.013235,0.078287
8845,-0.166802,0.754021,9.924603,0.332065,0.055143,0.062960,4.658818,1.883554,-8.909391,-0.995969,-0.041792,-0.013217,0.078262
8846,-0.159552,0.770603,9.946507,0.174541,0.035574,-0.001038,4.667300,1.884977,-8.908240,-0.995966,-0.041867,-0.013224,0.078254
8847,-0.174187,0.757268,9.926510,0.253533,-0.325775,0.115021,4.674484,1.880002,-8.906740,-0.995965,-0.041925,-0.013176,0.078240
8848,-0.186862,0.760017,9.921453,0.134113,-0.499326,0.237173,4.681099,1.865817,-8.902009,-0.995969,-0.041973,-0.013050,0.078194
8849,-0.168447,0.732935,9.909319,0.185497,-0.433316,0.293710,4.686671,1.849603,-8.894456,-0.995975,-0.042010,-0.012908,0.078124
8850,-0.177585,0.721389,9.897250,0.361859,-0.577896,0.258685,4.696045,1.832053,-8.886655,-0.995979,-0.042078,-0.012752,0.078051
8851,-0.185443,0.718381,9.887956,0.648029,-0.643040,0.159564,4.713044,1.811201,-8.881374,-0.995980,-0.042212,-0.012561,0.078000
8852,-0.177038,0.730267,9.900613,0.915902,-0.448753,0.165730,4.739232,1.792619,-8.877468,-0.995976,-0.042426,-0.012383,0.077962
8853,-0.167134,0.724004,9.893095,1.405025,-0.500185,0.234464,4.778080,1.776305,-8.872130,-0.995968,-0.042753,-0.012217,0.077914
8854,-0.187112,0.741464,9.898234,2.181023,-0.598858,0.175016,4.838010,1.757480,-8.866864,-0.995952,-0.043260,-0.012015,0.077868
8855,-0.192542,0.775823,9.900346,2.737418,-0.508195,0.262051,4.920158,1.738476,-8.861176,-0.995928,-0.043961,-0.011796,0.077820
8856,-0.170579,0.797034,9.911299,2.817839,-0.419099,0.523050,5.013098,1.721946,-8.849473,-0.995902,-0.044756,-0.011593,0.077722
8857,-0.170561,0.802574,9.904418,2.951653,-0.368211,0.542959,5.109752,1.707310,-8.832925,-0.995878,-0.045585,-0.011407,0.077583
8858,-0.165797,0.814758,9.902909,2.797009,-0.382934,0.373654,5.205981,1.693468,-8.818830,-0.995851,-0.046411,-0.011228,0.077464
8859,-0.150074,0.826837,9.906421,2.134197,-0.506059,0.392043,5.288502,1.677546,-8.807473,-0.995828,-0.047116,-0.011038,0.077367
8860,-0.149404,0.820631,9.899096,1.822253,-0.664323,0.399753,5.354773,1.656900,-8.796135,-0.995811,-0.047677,-0.010819,0.077267
8861,-0.161858,0.823739,9.878016,1.853539,-0.859138,0.236553,5.416270,1.630625,-8.787954,-0.995795,-0.048194,-0.010552,0.077191
8862,-0.157191,0.830074,9.889293,1.979388,-0.916558,0.215258,5.480285,1.600449,-8.783268,-0.995776,-0.048729,-0.010249,0.077144
8863,-0.160997,0.850101,9.901107,2.123557,-0.809145,0.172598,5.548769,1.571199,-8.779594,-0.995753,-0.049305,-0.009950,0.077106
8864,-0.158105,0.857952,9.917770,1.991543,-0.748995,0.085684,5.617400,1.544934,-8.777837,-0.995729,-0.049884,-0.009676,0.077086
8865,-0.140140,0.857202,9.911109,1.397106,-0.736191,-0.085153,5.673814,1.520300,-8.780266,-0.995706,-0.050358,-0.009423,0.077101
8866,-0.135531,0.859460,9.905042,0.184595,-0.869930,-0.217835,5.699973,1.494162,-8.787944,-0.995693,-0.050568,-0.009175,0.077159
8867,-0.142546,0.852189,9.882639,-0.559520,-1.131800,-0.069754,5.693515,1.461440,-8.796025,-0.995695,-0.050491,-0.008892,0.077215
8868,-0.127024,0.835867,9.869342,-1.009224,-1.363145,0.436918,5.667419,1.419455,-8.794049,-0.995714,-0.050237,-0.008545,0.077178
8869,-0.116262,0.836952,9.878693,-1.399453,-1.539607,0.589580,5.627575,1.369627,-8.781782,-0.995747,-0.049856,-0.008144,0.077048
8870,-0.116660,0.867248,9.902112,-1.086077,-1.580242,0.536244,5.586469,1.316045,-8.768184,-0.995781,-0.049463,-0.007712,0.076904
8871,-0.115954,0.864033,9.923341,-0.188128,-1.593344,0.362356,5.565451,1.261946,-8.758414,-0.995804,-0.049244,-0.007260,0.076796
8872,-0.093162,0.860586,9.934246,-0.062293,-1.592733,-0.183854,5.561229,1.208806,-8.760606,-0.995811,-0.049172,-0.006800,0.076792
8873,-0.092773,0.862658,9.895928,-0.754332,-2.204033,-1.166476,5.547030,1.148002,-8.789139,-0.995805,-0.049010,-0.006269,0.077014
8874,-0.046868,0.846534,9.793167,-0.817685,-3.119092,-1.682155,5.519749,1.064274,-8.844955,-0.995789,-0.048720,-0.005536,0.077463
8875,0.033258,0.746603,9.813291,-1.491217,-4.079690,-2.359602,5.479885,0.951304,-8.923521,-0.995765,-0.048301,-0.004548,0.078098
8876,0.061902,0.733918,9.869150,-2.343083,-3.440753,-2.626605,5.414505,0.834417,-9.018158,-0.995739,-0.047657,-0.003538,0.078870
8877,0.045480,0.709161,9.902531,-4.276854,-2.203627,-3.281195,5.302689,0.749946,-9.124974,-0.995719,-0.046631,-0.002837,0.079761
8878,0.033181,0.619091,9.887334,-6.828708,-0.205004,-4.193673,5.115943,0.721269,-9.252673,-0.995706,-0.044991,-0.002668,0.080855
8879,-0.002858,0.507770,9.910920,-10.961565,3.138025,-6.604619,4.817118,0.785535,-9.427719,-0.995690,-0.042445,-0.003372,0.082392
8880,-0.064697,0.477458,9.889022,-16.272491,6.732920,-9.088818,4.359396,0.970438,-9.675245,-0.995654,-0.038611,-0.005225,0.084589
8881,-0.108325,0.358378,9.854768,-22.041210,7.640719,-11.135085,3.714673,1.233102,-9.994602,-0.995587,-0.033223,-0.007891,0.087405
8882,-0.150419,0.276384,9.810573,-27.442186,6.810500,-11.838543,2.881231,1.495524,-10.363147,-0.995484,-0.026214,-0.010723,0.090603
8883,-0.173336,0.233031,10.017763,-36.490005,5.099793,-9.921988,1.805904,1.708570,-10.717652,-0.995373,-0.017080,-0.013371,0.093605
8884,-0.184823,-0.050448,10.002791,-50.097294,-1.014782,-2.328992,0.356800,1.780097,-10.920842,-0.995333,-0.004577,-0.015167,0.095194
8885,-0.169389,-0.386050,9.881664,-54.222649,-4.681822,3.905920,-1.380652,1.684407,-10.894403,-0.995321,0.010597,-0.015775,0.094735
8886,-0.163200,-0.930405,9.672890,-56.312756,-6.543703,7.319379,-3.216987,1.504221,-10.700335,-0.995200,0.026722,-0.015681,0.092831
8887,-0.113735,-1.225991,9.640495,-55.255119,-5.539900,7.214043,-5.069584,1.320471,-10.444385,-0.994855,0.042992,-0.015489,0.090416
8888,-0.080405,-1.708017,9.399652,-49.613792,-4.011197,6.615822,-6.811511,1.186047,-10.198546,-0.994284,0.058250,-0.015571,0.088108
8889,-0.075131,-1.814889,9.481578,-37.334682,1.710767,0.951527,-8.257625,1.164585,-10.068366,-0.993570,0.070828,-0.016415,0.086789
8890,-0.115085,-1.989816,9.574771,-33.760693,4.440447,-2.175147,-9.443092,1.263300,-10.103811,-0.992755,0.081021,-0.018192,0.086850
8891,-0.123114,-1.982796,9.687037,-30.306927,6.675760,-3.843029,-10.513819,1.428685,-10.234512,-0.991850,0.090142,-0.020537,0.087674
8892,-0.150243,-2.281803,9.657599,-29.807238,7.644546,-3.511955,-11.520061,1.639706,-10.400301,-0.990885,0.098649,-0.023273,0.088738
8893,-0.194271,-2.325100,9.677989,-29.159517,9.074164,-5.048615,-12.508843,1.882523,-10.597850,-0.989832,0.106955,-0.026320,0.090008
8894,-0.248263,-2.524171,9.548898,-28.671934,9.519583,-4.983056,-13.480781,2.147000,-10.830479,-0.988690,0.115071,-0.029597,0.091515
8895,-0.297859,-2.758107,9.380804,-28.244017,10.367867,-5.112820,-14.439023,2.428061,-11.073866,-0.987478,0.123029,-0.033044,0.093051
8896,-0.348111,-2.843603,9.357678,-29.358835,11.487778,-5.315835,-15.410799,2.735270,-11.335809,-0.986161,0.131050,-0.036775,0.094658
8897,-0.417489,-2.881226,9.410492,-30.018711,11.702828,-4.293524,-16.413507,3.063041,-11.596051,-0.984730,0.139292,-0.040733,0.096156
8898,-0.477687,-3.135500,9.377578,-30.109358,10.004386,-2.074885,-17.427221,3.378163,-11.803178,-0.983251,0.147631,-0.044551,0.097147
8899,-0.489596,-3.283836,9.333484,-29.694969,8.478339,-1.582089,-18.433304,3.652260,-11.956339,-0.981755,0.155940,-0.047957,0.097676
8900,-0.503226,-3.325140,9.423709,-30.011330,6.657711,-1.325829,-19.436733,3.875062,-12.084389,-0.980214,0.164264,-0.050898,0.098015
8901,-0.508289,-3.490634,9.353269,-29.567621,3.449950,0.334263,-20.434681,4.027712,-12.157654,-0.978664,0.172614,-0.053162,0.097955
8902,-0.489458,-3.731300,9.116661,-28.626602,0.115479,1.956168,-21.403505,4.096649,-12.143346,-0.977173,0.180822,-0.054553,0.097266
8903,-0.470845,-3.817029,8.936084,-28.549370,-0.617339,2.271847,-22.351479,4.114947,-12.074839,-0.975699,0.188915,-0.055398,0.096197
8905,-0.493300,-4.016661,8.840945,-28.940638,-0.774883,3.576314,-23.302454,4.131331,-11.975788,-0.974178,0.197039,-0.056163,0.094863
8906,-0.513385,-4.226697,8.698516,-27.970924,-0.802680,4.763285,-24.240911,4.163208,-11.837612,-0.972641,0.205048,-0.056961,0.093168
8907,-0.534668,-4.434903,8.622458,-27.034937,0.024080,4.995024,-25.146385,4.219275,-11.683994,-0.971107,0.212752,-0.057885,0.091305
8908,-0.560107,-4.590900,8.601995,-26.323309,1.149951,4.385980,-26.025732,4.304439,-11.551009,-0.969541,0.220187,-0.059047,0.089564
8909,-0.582512,-4.764542,8.579580,-25.497248,1.500671,3.952419,-26.881365,4.405953,-11.445920,-0.967939,0.227381,-0.060362,0.088025
8910,-0.590852,-4.878236,8.536674,-25.539423,1.384456,3.253340,-27.725315,4.503791,-11.360994,-0.966291,0.234459,-0.061658,0.086656
8911,-0.595349,-5.048049,8.293694,-25.882299,1.399465,3.008969,-28.576715,4.593972,-11.290671,-0.964564,0.241587,-0.062910,0.085407
8912,-0.618280,-5.132222,8.133448,-28.381451,2.504002,3.054514,-29.476439,4.699901,-11.233700,-0.962667,0.249088,-0.064342,0.084195
8913,-0.666674,-5.325152,8.103135,-32.945210,3.663513,4.024779,-30.494213,4.847932,-11.182659,-0.960435,0.257521,-0.066211,0.082849
8914,-0.705630,-5.479340,8.061697,-35.415405,3.863250,4.537279,-31.628471,5.028998,-11.124877,-0.957857,0.266883,-0.068403,0.081272
8915,-0.751979,-5.705931,8.004989,-37.386631,3.502997,5.164226,-32.835312,5.219044,-11.053301,-0.955017,0.276825,-0.070662,0.079478
8916,-0.803527,-5.829663,8.010126,-38.330818,2.372170,4.596385,-34.089531,5.390350,-10.971262,-0.951962,0.287156,-0.072741,0.077576
8917,-0.804736,-6.013707,7.871715,-37.500263,0.748458,4.353559,-35.344353,5.518022,-10.877991,-0.948805,0.297506,-0.074398,0.075661
8918,-0.790298,-6.106409,7.602749,-33.889511,0.160817,3.224134,-36.524975,5.604321,-10.784325,-0.945738,0.307248,-0.075632,0.073880
8919,-0.789123,-6.254688,7.412240,-32.552437,0.270505,2.351035,-37.625351,5.666090,-10.714272,-0.942780,0.316306,-0.076652,0.072399
8920,-0.775731,-6.373137,7.243694,-30.962112,0.654844,1.224606,-38.680096,5.715080,-10.676785,-0.939845,0.324951,-0.077609,0.071240
8921,-0.749945,-6.494722,7.143224,-29.968416,1.284823,0.566598,-39.695240,5.759078,-10.674086,-0.936925,0.333226,-0.078588,0.070396
8922,-0.771432,-6.665848,7.027310,-28.979309,1.205235,-0.532421,-40.680279,5.791211,-10.700556,-0.934006,0.341220,-0.079530,0.069836
8923,-0.771789,-6.813869,6.996800,-28.435774,0.724335,-0.837964,-41.641026,5.800448,-10.739166,-0.931088,0.349003,-0.080305,0.069452
8924,-0.758278,-6.906709,6.896402,-27.553411,0.458573,-0.855125,-42.577572,5.796146,-10.773530,-0.928184,0.356581,-0.080942,0.069085
8925,-0.759503,-6.948862,6.744404,-26.832752,0.069210,-1.117963,-43.486992,5.780128,-10.803736,-0.925309,0.363929,-0.081455,0.068736
8926,-0.761167,-7.054039,6.584592,-25.611603,-0.401010,-1.316707,-44.363571,5.747994,-10.829285,-0.922486,0.371008,-0.081803,0.068424
8927,-0.729455,-7.138490,6.485709,-24.898603,-0.501962,-1.043957,-45.207100,5.709590,-10.846728,-0.919723,0.377811,-0.082055,0.068089
8928,-0.717359,-7.221544,6.373814,-26.634699,-1.538324,-2.616076,-46.067760,5.642192,-10.865152,-0.916853,0.384758,-0.082089,0.067850
8929,-0.680846,-7.324286,6.275783,-29.545744,-2.846316,-4.836735,-47.007206,5.501795,-10.897813,-0.913657,0.392368,-0.081639,0.067926
8930,-0.639895,-7.454226,6.136684,-32.241661,-4.067354,-6.541669,-48.041000,5.284163,-10.941216,-0.910062,0.400765,-0.080679,0.068308
8931,-0.582195,-7.563315,6.004590,-34.528664,-4.931344,-8.350397,-49.158382,4.998841,-10.993173,-0.906082,0.409845,-0.079280,0.068968
8932,-0.547162,-7.624229,5.799188,-36.000832,-5.867047,-9.991280,-50.338829,4.649319,-11.053651,-0.901767,0.419435,-0.077467,0.069925
8933,-0.482150,-7.778778,5.670224,-37.558464,-5.931436,-10.127597,-51.569241,4.265104,-11.112453,-0.897152,0.429402,-0.075437,0.071012
8934,-0.417455,-7.892614,5.471629,-35.665993,-5.046698,-9.119477,-52.793205,3.899563,-11.164705,-0.892445,0.439253,-0.073554,0.072029
8935,-0.334510,-7.997623,5.253583,-33.659138,-3.716393,-8.129688,-53.952023,3.581772,-11.219047,-0.887881,0.448502,-0.072037,0.072962
8936,-0.243171,-8.168242,5.067172,-33.007393,-3.019372,-8.049403,-55.066940,3.297130,-11.284217,-0.883387,0.457329,-0.070816,0.073909
8937,-0.153063,-8.313954,4.934787,-31.278402,-2.099606,-7.149768,-56.142300,3.039984,-11.356998,-0.878960,0.465778,-0.069835,0.074855
8938,-0.106140,-8.381529,4.760103,-29.100794,-2.258687,-7.652498,-57.152344,2.794030,-11.431981,-0.874717,0.473674,-0.068930,0.075835
8939,-0.083917,-8.500077,4.654138,-28.336182,-2.548984,-8.109443,-58.112946,2.529297,-11.505087,-0.870602,0.481174,-0.067864,0.076931
8940,-0.071427,-8.580770,4.545980,-26.912317,-2.486760,-7.061783,-59.036201,2.269799,-11.565402,-0.866585,0.488358,-0.066780,0.077952
8941,-0.087901,-8.557661,4.398374,-26.114017,-2.647271,-5.766848,-59.921227,2.042150,-11.600265,-0.862696,0.495209,-0.065821,0.078686
8942,-0.068601,-8.640176,4.344810,-27.645712,-3.206006,-5.976407,-60.817547,1.823761,-11.612183,-0.858718,0.502117,-0.064853,0.079221
8943,-0.013571,-8.707807,4.156296,-26.339169,-2.022131,-4.106129,-61.717350,1.634512,-11.616564,-0.854681,0.508998,-0.064084,0.079586
8944,0.014301,-8.745409,3.925164,-25.928463,-1.123604,-2.071068,-62.588467,1.519011,-11.618171,-0.850745,0.515574,-0.063838,0.079631
8945,0.042015,-8.871065,3.819556,-28.133268,-1.224553,-1.874755,-63.489311,1.442650,-11.612967,-0.846641,0.522311,-0.063875,0.079438
8946,0.076891,-8.962069,3.723879,-27.927084,-0.187169,-0.913981,-64.423561,1.390555,-11.612212,-0.842336,0.529238,-0.064135,0.079150
8947,0.071247,-8.941090,3.507185,-26.799250,1.350723,0.275672,-65.336136,1.389192,-11.634203,-0.838078,0.535918,-0.064856,0.078804
8948,0.036263,-8.965929,3.377188,-27.159204,1.452748,-0.173479,-66.236412,1.409969,-11.676015,-0.833822,0.542445,-0.065822,0.078498
8949,0.050017,-9.018773,3.270434,-27.459593,1.180937,-1.429832,-67.147903,1.402813,-11.726934,-0.829443,0.549036,-0.066637,0.078375
8950,0.058191,-9.051408,3.122440,-27.325058,1.351642,-2.239114,-68.062416,1.362374,-11.789355,-0.824976,0.555634,-0.067272,0.078487
8951,0.059257,-9.128606,2.945019,-28.412830,1.342296,-2.929377,-68.993042,1.298682,-11.862734,-0.820359,0.562323,-0.067812,0.078777
8952,0.079332,-9.247604,2.830340,-29.615070,1.035402,-2.842950,-69.961647,1.222493,-11.933624,-0.815494,0.569255,-0.068286,0.079085
8953,0.107214,-9.312659,2.668801,-29.848352,1.273262,-1.975274,-70.953934,1.159663,-11.996747,-0.810463,0.576307,-0.068842,0.079254
8954,0.105294,-9.333167,2.467696,-29.211895,1.755279,-0.662032,-71.939423,1.134051,-12.058526,-0.805422,0.583239,-0.069656,0.079224
8955,0.097502,-9.305758,2.278061,-28.143639,1.715446,0.347569,-72.896416,1.146535,-12.115161,-0.800490,0.589900,-0.070694,0.078971
8956,0.091868,-9.270503,2.157254,-27.536177,1.416219,-0.035988,-73.825325,1.166436,-12.163621,-0.795658,0.596323,-0.071722,0.078628
8957,0.104494,-9.274223,1.987463,-26.902737,1.277220,-1.429723,-74.733589,1.155074,-12.213488,-0.790867,0.602588,-0.072527,0.078461
8958,0.139412,-9.321847,1.802513,-27.302406,0.712484,-3.481182,-75.637978,1.084447,-12.266571,-0.786015,0.608833,-0.072942,0.078627
8959,0.184778,-9.419328,1.683423,-27.885206,-0.548081,-5.431995,-76.558380,0.940910,-12.305064,-0.780999,0.615214,-0.072801,0.079073
8960,0.243411,-9.555088,1.545864,-27.993433,-1.817809,-6.549717,-77.489708,0.737422,-12.311619,-0.775859,0.621694,-0.072101,0.079629
8961,0.291665,-9.649981,1.355121,-27.109856,-2.799139,-5.558655,-78.407646,0.523947,-12.278591,-0.770759,0.628070,-0.071121,0.079998
8962,0.307787,-9.672138,1.168445,-27.680557,-4.132948,-4.236459,-79.320107,0.341390,-12.196727,-0.765687,0.634373,-0.070083,0.079894
8963,0.312338,-9.629464,1.031899,-29.050856,-5.459111,-2.494595,-80.264885,0.202564,-12.059200,-0.760445,0.640848,-0.069050,0.079178
8964,0.310715,-9.587977,0.875361,-29.728355,-6.329008,-1.840669,-81.243958,0.099597,-11.876792,-0.755007,0.647503,-0.068015,0.077965
8965,0.318368,-9.575522,0.719059,-28.541149,-6.254342,-1.920684,-82.214844,0.007342,-11.678245,-0.749573,0.654057,-0.066936,0.076614
8966,0.344624,-9.576020,0.540108,-27.224253,-6.078956,-2.031220,-83.144318,-0.084181,-11.482787,-0.744319,0.660289,-0.065835,0.075326
8967,0.369408,-9.574791,0.430054,-26.159101,-6.162972,-2.674326,-84.034439,-0.184895,-11.288818,-0.739234,0.666226,-0.064641,0.074146
8968,0.378094,-9.653089,0.291576,-24.721573,-5.821246,-4.251300,-84.883224,-0.319077,-11.101221,-0.734321,0.671870,-0.063228,0.073250
8969,0.402695,-9.642763,0.117149,-23.920374,-4.885926,-3.835406,-85.695053,-0.468037,-10.934560,-0.729560,0.677236,-0.061812,0.072618
8970,0.413264,-9.516189,-0.088411,-24.152330,-4.710511,-3.327952,-86.497635,-0.597986,-10.783101,-0.724817,0.682485,-0.060594,0.071999
8971,0.429637,-9.501181,-0.185274,-27.202703,-5.365193,-6.212618,-87.355377,-0.765749,-10.623905,-0.719687,0.688067,-0.059121,0.071550
8972,0.470788,-9.595902,-0.348431,-28.008417,-4.945618,-8.091702,-88.278069,-1.010506,-10.461406,-0.714076,0.694052,-0.057184,0.071539
8973,0.544508,-9.558916,-0.573242,-27.944447,-4.284945,-7.906252,-89.213531,-1.280379,-10.313530,-0.708312,0.700066,-0.055191,0.071801
8974,0.615403,-9.582685,-0.689390,-29.880987,-4.683263,-9.161336,-90.180893,-1.565555,-10.165522,-0.702291,0.706226,-0.053132,0.072178
8975,0.668913,-9.757742,-0.840808,-32.711655,-4.402535,-9.375754,-91.228691,-1.872596,-10.010301,-0.695705,0.712825,-0.050955,0.072652
8976,0.690044,-9.669351,-1.077177,-32.994064,-3.247451,-5.003209,-92.328362,-2.108089,-9.875312,-0.688765,0.719625,-0.049382,0.072823
8977,0.683303,-9.546839,-1.283764,-35.678375,-2.875164,-2.684495,-93.476891,-2.230758,-9.766500,-0.681506,0.726588,-0.048687,0.072452
8978,0.691030,-9.503499,-1.450742,-39.113457,-2.867568,-1.906917,-94.727264,-2.300161,-9.665280,-0.673555,0.734050,-0.048417,0.071765
8979,0.684639,-9.451142,-1.722592,-39.554718,-2.383877,-0.589134,-96.041893,-2.333324,-9.574093,-0.665124,0.741779,-0.048454,0.070890
8980,0.706891,-9.316863,-1.990981,-39.198048,-1.843719,0.565369,-97.357094,-2.325434,-9.503900,-0.656615,0.749391,-0.048851,0.069875
8981,0.713402,-9.346072,-2.177694,-40.243740,-1.697233,-0.498849,-98.683304,-2.316040,-9.445477,-0.647940,0.756962,-0.049324,0.068913
8982,0.729404,-9.344770,-2.405035,-39.330086,-1.814714,0.138324,-100.011703,-2.312459,-9.386811,-0.639159,0.764447,-0.049748,0.067985
8983,0.694521,-9.267019,-2.611306,-36.245045,-2.138183,1.791783,-101.273460,-2.268687,-9.327903,-0.630766,0.771450,-0.050339,0.066815
8984,0.677604,-9.190768,-2.814958,-35.128445,-2.330413,2.337461,-102.465157,-2.186042,-9.268973,-0.622798,0.777969,-0.051082,0.065408
8985,0.651746,-9.135748,-3.000767,-34.103397,-2.589775,2.687841,-103.621178,-2.085964,-9.207898,-0.615018,0.784209,-0.051860,0.063879
8986,0.647240,-9.083566,-3.201848,-31.802691,-2.765194,4.056017,-104.721581,-1.955170,-9.148812,-0.607576,0.790066,-0.052760,0.062165
8987,0.636270,-8.976546,-3.364854,-28.420111,-2.508756,4.987755,-105.726669,-1.786661,-9.103428,-0.600755,0.795334,-0.053874,0.060294
8988,0.605593,-8.961192,-3.517641,-26.482576,-2.035620,4.903222,-106.642410,-1.607221,-9.076526,-0.594507,0.800067,-0.055100,0.058472
8989,0.566400,-8.933165,-3.631570,-23.234215,-1.368677,5.757151,-107.471031,-1.420710,-9.074388,-0.588824,0.804287,-0.056468,0.056754
8990,0.518479,-8.888897,-3.695204,-19.856045,-0.955028,5.369006,-108.188690,-1.232279,-9.094222,-0.583882,0.807888,-0.057924,0.055173
8991,0.477451,-8.847418,-3.777384,-16.982870,-0.495594,4.124845,-108.802094,-1.074538,-9.121475,-0.579633,0.810935,-0.059211,0.053885
8992,0.452116,-8.841642,-3.865583,-15.762221,-0.109396,3.101955,-109.347290,-0.957407,-9.151338,-0.575826,0.813628,-0.060269,0.052922
8993,0.458333,-8.817249,-3.957229,-15.046641,0.186791,2.404066,-109.860245,-0.871390,-9.183377,-0.572216,0.816151,-0.061164,0.052200
8994,0.456719,-8.761024,-4.035475,-15.661675,0.005384,0.886722,-110.371719,-0.820989,-9.205274,-0.568589,0.818668,-0.061803,0.051675
8995,0.479016,-8.697204,-4.091133,-16.719227,-0.266031,0.237589,-110.911354,-0.801950,-9.207866,-0.564737,0.821328,-0.062158,0.051260
8996,0.491607,-8.670909,-4.194718,-18.674028,-1.054713,-0.341393,-111.501511,-0.795620,-9.186738,-0.560513,0.824235,-0.062300,0.050790
8997,0.487734,-8.582026,-4.307063,-21.416262,-1.960878,-0.850193,-112.170410,-0.795398,-9.132705,-0.555716,0.827522,-0.062207,0.050162
8998,0.471064,-8.498658,-4.407456,-23.706875,-2.909769,-0.403746,-112.923576,-0.783613,-9.049722,-0.550308,0.831198,-0.061990,0.049268
8999,0.462907,-8.443511,-4.556432,-24.480768,-3.710647,1.207005,-113.727936,-0.727657,-8.953657,-0.544535,0.835074,-0.061900,0.047968
9000,0.421627,-8.407585,-4.734524,-26.493780,-4.352835,1.941916,-114.578636,-0.624784,-8.852402,-0.538423,0.839116,-0.061997,0.046278
9001,0.391545,-8.343095,-4.919348,-27.568436,-4.239702,1.823882,-115.480637,-0.507336,-8.749156,-0.531912,0.843346,-0.062146,0.044446
9002,0.369175,-8.290325,-5.103764,-27.542974,-3.470416,1.382375,-116.399834,-0.403068,-8.657001,-0.525225,0.847602,-0.062297,0.042753
9003,0.367529,-8.234669,-5.264433,-27.613691,-1.997663,0.884403,-117.319450,-0.328162,-8.592822,-0.518473,0.851801,-0.062500,0.041404
9004,0.359420,-8.147408,-5.380827,-28.982971,-0.305157,-0.216320,-118.262817,-0.300348,-8.564138,-0.511469,0.856048,-0.062749,0.040553
9005,0.361013,-8.003494,-5.511035,-28.980450,1.350742,-0.663954,-119.228760,-0.321523,-8.572486,-0.504220,0.860331,-0.063058,0.040218
9006,0.363030,-7.854516,-5.599675,-28.582745,3.026493,0.948408,-120.187683,-0.353472,-8.638281,-0.496961,0.864493,-0.063750,0.040215
9008,0.381425,-7.793747,-5.715888,-27.872187,3.765339,2.626378,-121.127754,-0.359780,-8.765993,-0.489804,0.868471,-0.065018,0.040285
9009,0.389028,-7.672327,-5.867263,-27.033457,3.715300,3.335374,-122.041817,-0.340328,-8.924163,-0.482818,0.872253,-0.066624,0.040283
9010,0.379792,-7.556632,-6.042911,-26.666325,3.428752,4.335827,-122.935814,-0.296410,-9.093219,-0.475966,0.875880,-0.068411,0.040129
9011,0.361207,-7.463418,-6.127817,-27.065233,3.099478,5.762033,-123.830475,-0.215729,-9.276595,-0.469100,0.879433,-0.070460,0.039725
9012,0.346699,-7.425441,-6.268193,-27.624319,1.728000,5.660805,-124.741425,-0.103732,-9.450217,-0.462107,0.882990,-0.072563,0.039001
9013,0.350249,-7.359189,-6.442529,-30.623367,0.651047,4.291527,-125.712074,0.008799,-9.578231,-0.454641,0.886753,-0.074328,0.038022
9014,0.297180,-7.313756,-6.593142,-35.741917,0.733800,1.475691,-126.818123,0.072493,-9.653747,-0.446078,0.891030,-0.075527,0.037101
9015,0.232724,-6.953318,-6.565750,-40.599552,0.714279,-0.274974,-128.090363,0.073540,-9.685276,-0.436149,0.895906,-0.076185,0.036372
9016,0.225276,-6.823311,-6.763691,-43.351460,0.018752,0.450986,-129.489349,0.068059,-9.696759,-0.425171,0.901158,-0.076693,0.035525
9017,0.200597,-6.557470,-6.759096,-45.698978,-0.925512,0.935880,-130.973282,0.095453,-9.700047,-0.413484,0.906577,-0.077271,0.034324
9018,0.166977,-6.249125,-6.945878,-45.777512,-4.401309,2.661398,-132.497528,0.199232,-9.673609,-0.401466,0.911983,-0.077874,0.032375
9019,0.144906,-5.945210,-7.233541,-43.422466,-7.776408,6.482045,-133.983673,0.449088,-9.629759,-0.389783,0.917065,-0.078785,0.029213
9020,0.116061,-6.095549,-7.623057,-39.703304,-9.186099,9.083489,-135.368622,0.832286,-9.610538,-0.378928,0.921599,-0.080242,0.025112
9021,0.037476,-5.982940,-7.902262,-36.745480,-9.274329,7.314705,-136.642227,1.243477,-9.593059,-0.368932,0.925625,-0.081693,0.020839
9022,-0.021459,-5.898044,-8.238164,-33.632072,-7.122485,5.227023,-137.814285,1.585849,-9.560933,-0.359670,0.929249,-0.082710,0.017122
9023,-0.065190,-5.785436,-8.259224,-30.536926,-1.982844,3.098140,-138.883743,1.791410,-9.563933,-0.351113,0.932486,-0.083516,0.014684
9024,-0.056757,-5.620116,-8.189565,-28.602825,1.626346,0.776964,-139.870728,1.838099,-9.609470,-0.343092,0.935424,-0.084150,0.013719
9025,-0.007504,-5.355053,-8.199050,-28.249552,2.832283,-0.671435,-140.819733,1.782056,-9.658566,-0.335292,0.938218,-0.084500,0.013625
9026,0.020316,-5.126358,-8.207875,-29.461967,3.437068,0.130870,-141.783264,1.694856,-9.717012,-0.327327,0.940993,-0.084844,0.013798
9027,0.040583,-5.009702,-8.308761,-30.952120,3.408615,2.442306,-142.793121,1.630900,-9.820758,-0.318968,0.943787,-0.085640,0.013866
9028,0.032097,-4.916780,-8.480847,-31.928028,3.236720,3.899238,-143.845306,1.605339,-9.971618,-0.310254,0.946571,-0.086941,0.013698
9029,0.029215,-4.802989,-8.663244,-30.990425,3.951369,4.480314,-144.898972,1.589390,-10.154896,-0.301505,0.949249,-0.088540,0.013513
9030,0.028492,-4.683547,-8.791631,-29.402771,5.654815,4.286236,-145.911209,1.540637,-10.366152,-0.293049,0.951727,-0.090287,0.013676
9031,0.059947,-4.624143,-8.854823,-28.422329,7.072930,3.626745,-146.880768,1.437040,-10.593572,-0.284883,0.954026,-0.092038,0.014340
9032,0.115744,-4.418986,-8.945630,-28.908268,7.632002,1.422991,-147.840988,1.276097,-10.796781,-0.276732,0.956267,-0.093465,0.015403
9033,0.167204,-4.217481,-8.963000,-29.737614,8.563452,-0.452714,-148.821457,1.054758,-10.952381,-0.268348,0.958540,-0.094380,0.016820
9034,0.183724,-3.964702,-8.823146,-31.458118,9.095119,-1.415915,-149.843246,0.785661,-11.075822,-0.259559,0.960869,-0.094955,0.018515
9035,0.225926,-3.801681,-8.927838,-35.139465,7.211230,-1.156837,-150.954193,0.528151,-11.172813,-0.250008,0.963327,-0.095386,0.019971
9036,0.264583,-3.601706,-9.013642,-39.112312,5.855303,-0.977100,-152.192123,0.319653,-11.244986,-0.239403,0.965961,-0.095770,0.020848
9037,0.286445,-3.424868,-9.032578,-39.760155,5.349305,-0.425025,-153.506744,0.142792,-11.309222,-0.228148,0.968627,-0.096194,0.021371
9038,0.315536,-3.186187,-9.082132,-38.840851,3.888071,0.142321,-154.816650,0.002223,-11.371995,-0.216931,0.971146,-0.096698,0.021580
9039,0.348367,-3.080670,-9.246991,-37.974915,1.586062,0.976710,-156.096695,-0.073013,-11.426708,-0.205995,0.973476,-0.097262,0.021236
9040,0.345923,-2.906099,-9.274195,-34.987835,0.314048,0.604105,-157.312546,-0.091687,-11.463202,-0.195633,0.975578,-0.097761,0.020424
9041,0.298362,-2.585853,-9.282673,-29.405209,-1.302876,-0.099590,-158.385635,-0.073318,-11.464691,-0.186504,0.977364,-0.097991,0.019354
9042,0.249189,-2.389527,-9.350419,-26.938654,-4.218445,0.542626,-159.324631,0.015070,-11.438278,-0.178569,0.978868,-0.098058,0.017754
9043,0.202026,-2.321862,-9.500134,-26.654142,-7.358395,1.668601,-160.217728,0.208812,-11.405930,-0.171105,0.980227,-0.098205,0.015283
9044,0.161235,-2.167220,-9.644753,-25.972866,-8.932782,1.872944,-161.094574,0.484536,-11.371467,-0.163837,0.981491,-0.098417,0.012120
9045,0.089754,-1.945297,-9.600897,-25.114664,-9.147595,2.098677,-161.945602,0.791274,-11.338616,-0.156806,0.982653,-0.098639,0.008713
9046,0.056488,-1.887009,-9.629592,-27.128233,-10.590777,3.352901,-162.816040,1.132299,-11.325603,-0.149625,0.983758,-0.099031,0.005018
9047,0.028928,-1.728892,-9.644319,-29.483532,-12.070531,3.534402,-163.759506,1.527060,-11.326873,-0.141851,0.984868,-0.099560,0.000810
9048,-0.070081,-1.510341,-9.557453,-31.942644,-13.292399,3.633524,-164.783218,1.966269,-11.327242,-0.133414,0.985988,-0.100065,-0.003859
9049,-0.155618,-1.406230,-9.614799,-35.486668,-16.227917,4.469705,-165.907166,2.476356,-11.333420,-0.124163,0.987105,-0.100611,-0.009230
9050,-0.242298,-1.270673,-9.716223,-35.842934,-18.011368,4.436130,-167.096375,3.065810,-11.344441,-0.114405,0.988150,-0.101167,-0.015349
9051,-0.368671,-1.118580,-9.807681,-34.668610,-18.177353,3.325282,-168.271286,3.682530,-11.342030,-0.104780,0.989062,-0.101515,-0.021715
9052,-0.509660,-0.999430,-9.994645,-32.609150,-17.324066,1.919964,-169.390472,4.279759,-11.313066,-0.095604,0.989837,-0.101510,-0.027892
9053,-0.613770,-0.776963,-10.017900,-26.730247,-14.032369,0.388024,-170.375107,4.800822,-11.258966,-0.087510,0.990454,-0.101160,-0.033311
9054,-0.694185,-0.578059,-9.878111,-20.337156,-10.107409,-0.756303,-171.153381,5.196822,-11.188101,-0.081085,0.990912,-0.100569,-0.037475
9055,-0.722007,-0.545990,-9.943763,-18.482086,-8.559800,-1.011010,-171.793320,5.500055,-11.112564,-0.075771,0.991275,-0.099881,-0.040710
9056,-0.730914,-0.427143,-9.949745,-16.402617,-6.638255,-1.837943,-172.366653,5.744375,-11.030272,-0.070978,0.991595,-0.099095,-0.043376
9057,-0.754860,-0.245318,-9.793347,-14.158426,-4.390114,-2.551943,-172.866196,5.917212,-10.933644,-0.066756,0.991893,-0.098155,-0.045361
9058,-0.754412,-0.176986,-9.859896,-14.786087,-4.279756,-2.249665,-173.338486,6.051018,-10.836373,-0.062735,0.992176,-0.097186,-0.046978
9059,-0.762304,-0.153111,-9.987706,-15.944698,-3.534556,-1.973331,-173.841599,6.172596,-10.751416,-0.058439,0.992451,-0.096295,-0.048501
9060,-0.798552,0.009262,-9.985609,-15.751358,-1.078786,-2.076943,-174.361694,6.242160,-10.675967,-0.053957,0.992734,-0.095446,-0.049576
9061,-0.802953,0.069966,-9.912564,-15.826623,1.248793,-1.397742,-174.881744,6.233914,-10.618329,-0.049419,0.993021,-0.094718,-0.049962
9062,-0.776417,0.155812,-9.891075,-15.824035,2.477729,-0.852821,-175.405762,6.168889,-10.586111,-0.044813,0.993295,-0.094190,-0.049843
9063,-0.748615,0.193680,-9.877403,-16.140312,3.784524,-0.594779,-175.936768,6.063022,-10.569885,-0.040119,0.993558,-0.093789,-0.049366
9064,-0.723694,0.301430,-9.814180,-16.514542,4.812089,-0.846399,-176.479492,5.918488,-10.555362,-0.035293,0.993818,-0.093396,-0.048561
9065,-0.694787,0.424499,-9.734411,-16.704184,5.085846,-1.545109,-177.030014,5.751528,-10.524786,-0.030373,0.994078,-0.092865,-0.047568
9066,-0.668365,0.550331,-9.770617,-18.026125,4.778222,-2.399455,-177.603073,5.584208,-10.466541,-0.025246,0.994339,-0.092097,-0.046593
9067,-0.640468,0.649473,-9.782633,-20.230080,5.163369,-2.515251,-178.233337,5.415624,-10.390326,-0.019613,0.994596,-0.091162,-0.045649
9068,-0.609486,0.777185,-9.744290,-22.099882,5.458484,-2.708866,-178.931107,5.236508,-10.307299,-0.013384,0.994836,-0.090154,-0.044658
9069,-0.563394,0.930316,-9.791651,-24.319170,5.829911,-3.367884,-179.695816,5.047181,-10.207880,-0.006559,0.995055,-0.088993,-0.043620
9070,-0.521308,1.087444,-9.771250,-27.922533,6.865140,-3.616421,179.443649,4.835846,-10.090570,0.001122,0.995245,-0.087660,-0.042451
9071,-0.502176,1.289187,-9.765950,-30.805733,8.246746,-3.001278,178.474380,4.586063,-9.975349,0.009774,0.995374,-0.086333,-0.041012
9072,-0.475242,1.439751,-9.761113,-33.872078,9.367385,-2.314412,177.404175,4.295965,-9.876017,0.019326,0.995406,-0.085149,-0.039280
9073,-0.438599,1.638122,-9.753078,-38.082867,10.034794,-2.085325,176.211639,3.977295,-9.784596,0.029956,0.995310,-0.084042,-0.037373
9074,-0.417924,1.924920,-9.687217,-41.057755,10.177237,-1.097849,174.898056,3.645651,-9.705396,0.041638,0.995044,-0.083057,-0.035427
9075,-0.400740,2.089999,-9.677047,-43.475700,8.761633,-0.233980,173.492661,3.334037,-9.651250,0.054088,0.994567,-0.082307,-0.033714
9076,-0.398158,2.362113,-9.665223,-44.769005,5.218804,-1.150879,172.025101,3.105964,-9.598723,0.067007,0.993874,-0.081556,-0.032757
9077,-0.370680,2.596058,-9.586702,-44.820225,0.644387,-2.585074,170.536346,3.018801,-9.521861,0.080000,0.992989,-0.080521,-0.033005
9078,-0.379139,2.839653,-9.528257,-43.031166,-2.800882,-2.945022,169.076981,3.070416,-9.436891,0.092627,0.991940,-0.079315,-0.034406
9079,-0.401926,3.047348,-9.454805,-41.187126,-5.394725,-2.958588,167.677399,3.224032,-9.367568,0.104643,0.990758,-0.078143,-0.036636
9080,-0.417650,3.311819,-9.403650,-38.940239,-6.973832,-2.842441,166.344986,3.446643,-9.319338,0.116008,0.989470,-0.077061,-0.039414
9081,-0.409406,3.472548,-9.307353,-37.210617,-6.950672,-1.833603,165.077148,3.690777,-9.300880,0.126775,0.988095,-0.076180,-0.042348
9082,-0.446097,3.750257,-9.236124,-36.491173,-5.770818,0.112181,163.847031,3.902793,-9.330091,0.137206,0.986618,-0.075709,-0.045022
9083,-0.468067,3.946772,-9.064542,-38.666496,-4.299507,2.717190,162.588074,4.049982,-9.424054,0.147889,0.984961,-0.075820,-0.047237
9084,-0.496106,4.120955,-8.924830,-40.847961,-1.834821,5.415298,161.251587,4.105265,-9.585239,0.159256,0.983052,-0.076567,-0.048816
9085,-0.496496,4.237833,-8.767132,-43.731300,1.194450,7.954718,159.826965,4.041238,-9.799725,0.171421,0.980864,-0.077890,-0.049537
9086,-0.512632,4.456495,-8.640564,-44.748383,3.933768,10.014994,158.335388,3.854589,-10.049873,0.184214,0.978407,-0.079684,-0.049357
9087,-0.460779,4.631011,-8.505188,-46.087418,7.660347,11.956246,156.804672,3.536392,-10.315464,0.197411,0.975710,-0.081842,-0.048168
9088,-0.568850,4.975176,-8.556634,-44.804886,9.705234,11.455961,155.276260,3.113545,-10.555285,0.210658,0.972850,-0.084025,-0.046110
9089,-0.494552,5.176395,-8.526955,-44.344776,7.730706,8.903240,153.781570,2.705234,-10.737060,0.223599,0.969898,-0.085767,-0.044104
9090,-0.413977,5.490707,-8.383671,-41.627819,4.205856,6.822022,152.342590,2.409067,-10.880395,0.235956,0.966904,-0.087036,-0.042976
9091,-0.294269,5.740894,-8.179759,-41.546284,1.808731,4.406655,150.951813,2.232023,-10.997190,0.247779,0.963873,-0.087879,-0.042794
9092,-0.297024,5.932206,-8.056620,-41.646385,-0.226722,1.231388,149.562866,2.162438,-11.065403,0.259477,0.960743,-0.088086,-0.043427
9093,-0.143161,5.981867,-7.812458,-41.592304,-1.958429,-1.064899,148.174988,2.192008,-11.086279,0.271060,0.957516,-0.087657,-0.044787
9094,-0.155362,6.159931,-7.626436,-40.164856,-1.160048,-1.780259,146.813049,2.261211,-11.073935,0.282367,0.954242,-0.086843,-0.046371
9095,-0.189582,6.321428,-7.520428,-40.740925,0.939915,-2.146190,145.466904,2.300609,-11.021621,0.293545,0.950901,-0.085756,-0.047581
9096,-0.269253,6.475942,-7.474274,-41.139866,2.287516,-1.433338,144.105591,2.290917,-10.941961,0.304862,0.947405,-0.084552,-0.048304
9097,-0.276388,6.659227,-7.338421,-39.440567,1.327852,-1.138629,142.765594,2.268040,-10.871743,0.315969,0.943825,-0.083467,-0.048908
9098,-0.271768,6.822446,-7.191464,-38.636971,0.688622,-1.062131,141.466446,2.264109,-10.822072,0.326674,0.940217,-0.082511,-0.049677
9099,-0.275090,6.988827,-7.002844,-38.231655,0.469015,-0.842195,140.186951,2.269241,-10.785215,0.337164,0.936538,-0.081635,-0.050529
9100,-0.281021,7.139365,-6.825923,-37.058830,-0.283154,-1.043416,138.933304,2.287294,-10.759271,0.347386,0.932814,-0.080811,-0.051487
9101,-0.249945,7.262420,-6.635976,-35.341270,-0.942227,-1.299550,137.727417,2.328534,-10.743601,0.357156,0.929123,-0.080008,-0.052619
9102,-0.261990,7.400012,-6.463112,-33.887714,-0.815434,-1.103988,136.574127,2.377270,-10.734086,0.366453,0.925495,-0.079240,-0.053784
9103,-0.259691,7.532231,-6.316005,-33.839550,-0.288852,-0.835175,135.445908,2.412958,-10.723623,0.375522,0.921854,-0.078504,-0.054814
9104,-0.260920,7.643254,-6.178070,-34.613842,0.610062,-0.624332,134.306030,2.426401,-10.702696,0.384673,0.918090,-0.077742,-0.055630
9105,-0.288643,7.726381,-6.028982,-36.083916,1.573046,0.061061,133.129242,2.408001,-10.669949,0.394112,0.914110,-0.076969,-0.056166
9106,-0.306517,7.828645,-5.832283,-37.537189,1.945459,1.480392,131.903427,2.349424,-10.644164,0.403928,0.909849,-0.076367,-0.056431
9107,-0.267940,7.937416,-5.675545,-38.312962,3.021325,2.368707,130.640213,2.246680,-10.624365,0.414026,0.905336,-0.075958,-0.056388
9108,-0.269366,8.095460,-5.519647,-38.490547,3.619579,4.030674,129.360931,2.093832,-10.608248,0.424237,0.900638,-0.075768,-0.055973
9109,-0.221303,8.218911,-5.336140,-36.104591,2.470652,4.246066,128.117584,1.922796,-10.615556,0.434116,0.895941,-0.075865,-0.055484
9111,-0.187933,8.307441,-5.146793,-34.411396,2.045026,5.363296,126.941223,1.750056,-10.653425,0.443408,0.891371,-0.076258,-0.055065
9112,-0.138771,8.465810,-4.982749,-32.907436,1.681979,5.362041,125.817741,1.569409,-10.709538,0.452239,0.886897,-0.076866,-0.054635
9113,-0.134588,8.610507,-4.820212,-32.105438,0.798586,4.826708,124.732620,1.406950,-10.773868,0.460713,0.882486,-0.077497,-0.054370
9114,-0.096532,8.727383,-4.617471,-31.849789,0.302768,3.894621,123.665245,1.276463,-10.840333,0.468982,0.878073,-0.078032,-0.054362
9115,-0.097420,8.837442,-4.417469,-34.581989,1.125342,3.958952,122.557060,1.153831,-10.891828,0.477521,0.873423,-0.078408,-0.054395
9116,-0.064791,8.994224,-4.218413,-36.246140,0.930115,2.373749,121.376205,1.046105,-10.918656,0.486565,0.868401,-0.078506,-0.054499
9117,-0.066339,8.996632,-3.982624,-38.261318,1.589399,1.560657,120.134621,0.968233,-10.915964,0.496006,0.863053,-0.078229,-0.054748
9118,-0.054219,9.054435,-3.717433,-41.620892,2.749174,2.523724,118.803909,0.873322,-10.886454,0.506080,0.857221,-0.077787,-0.054814
9119,-0.053698,9.114891,-3.508132,-43.265373,4.035591,2.890139,117.390160,0.740445,-10.829310,0.516742,0.850901,-0.077281,-0.054525
9120,-0.054106,9.196411,-3.296486,-40.837143,4.531561,2.243307,115.989738,0.599802,-10.740255,0.527246,0.844527,-0.076601,-0.054020
9121,-0.016502,9.297143,-3.036838,-37.668858,4.670462,1.460657,114.682587,0.478310,-10.628058,0.536984,0.838483,-0.075729,-0.053476
9122,-0.001134,9.400541,-2.835320,-35.777809,4.665930,0.778723,113.459602,0.380712,-10.501187,0.546029,0.832747,-0.074697,-0.052968
9123,0.009246,9.461804,-2.654521,-34.193451,3.629871,-1.026301,112.294365,0.330731,-10.372167,0.554562,0.827214,-0.073465,-0.052740
9124,0.001897,9.472216,-2.423435,-33.249989,1.560751,-3.029716,111.171082,0.361500,-10.266618,0.562673,0.821818,-0.072037,-0.053160
9125,0.003526,9.514239,-2.274442,-33.685959,-0.297797,-4.106903,110.056084,0.465501,-10.204832,0.570604,0.816386,-0.070558,-0.054291
9126,-0.065583,9.601448,-2.144432,-33.934158,-1.060749,-4.674469,108.929459,0.611123,-10.177211,0.578520,0.810814,-0.069089,-0.055873
9127,-0.114989,9.672600,-1.967271,-32.747936,-1.964118,-5.835689,107.818306,0.793277,-10.169782,0.586239,0.805246,-0.067558,-0.057781
9128,-0.142120,9.649172,-1.778761,-31.215315,-2.812566,-6.111888,106.752106,1.007083,-10.186505,0.593556,0.799834,-0.066025,-0.059984
9129,-0.171974,9.666941,-1.582925,-29.478224,-2.809554,-5.559500,105.739944,1.220089,-10.221984,0.600435,0.794625,-0.064620,-0.062226
9130,-0.224776,9.767752,-1.432767,-30.583937,-2.595975,-5.345873,104.738098,1.419131,-10.261153,0.607203,0.789403,-0.063285,-0.064365
9131,-0.254857,9.770249,-1.290764,-31.556852,-2.875280,-4.648538,103.701263,1.602965,-10.308679,0.614167,0.783923,-0.062037,-0.066445
9132,-0.287739,9.777395,-1.158825,-31.403555,-2.753273,-3.586503,102.650269,1.757998,-10.368814,0.621188,0.778286,-0.060990,-0.068388
9133,-0.304674,9.821948,-1.013548,-30.046232,-1.796587,-3.214179,101.624603,1.884747,-10.419216,0.628010,0.772718,-0.060018,-0.070060
9134,-0.320357,9.853434,-0.910154,-28.368366,-0.647633,-3.064625,100.650429,1.995222,-10.439010,0.634467,0.767384,-0.058939,-0.071415
9135,-0.321805,9.793085,-0.729286,-25.338470,0.992671,-2.593080,99.756157,2.086923,-10.416643,0.640385,0.762457,-0.057717,-0.072356
9136,-0.388910,9.799673,-0.515784,-24.698235,3.101421,-2.286370,98.925247,2.155984,-10.336092,0.645899,0.757860,-0.056267,-0.072774
9137,-0.401484,9.721413,-0.420873,-28.794481,3.491966,-1.331195,98.038208,2.199277,-10.218470,0.651791,0.752911,-0.054682,-0.072822
9138,-0.399278,9.743173,-0.241456,-30.726950,3.786378,-1.856165,97.051163,2.236027,-10.091230,0.658308,0.747343,-0.053011,-0.072799
9139,-0.385075,9.800586,-0.038768,-32.136086,3.847325,-1.691386,96.008781,2.280288,-9.957985,0.665134,0.741401,-0.051227,-0.072790
9140,-0.399630,9.794106,0.193192,-34.608875,3.548151,-1.158844,94.901581,2.315865,-9.830699,0.672323,0.735009,-0.049495,-0.072762
9141,-0.338400,9.722758,0.326539,-35.499283,2.620299,-0.870397,93.737495,2.341893,-9.725611,0.679805,0.728195,-0.047931,-0.072803
9142,-0.327498,9.855854,0.594183,-32.129311,3.145132,-1.610342,92.614540,2.377934,-9.627329,0.686947,0.721552,-0.046379,-0.072906
9143,-0.336581,9.904805,0.764897,-32.307156,3.003131,0.054589,91.545029,2.400056,-9.523840,0.693703,0.715159,-0.044916,-0.072847
9144,-0.324965,9.827017,0.895191,-34.741768,2.479649,0.985559,90.431427,2.381163,-9.432832,0.700690,0.708411,-0.043760,-0.072607
9145,-0.309653,9.874783,1.062735,-35.809074,2.714553,1.419103,89.259277,2.341383,-9.346166,0.707980,0.701224,-0.042731,-0.072273
9146,-0.383386,10.008883,1.457658,-35.550488,2.542027,3.119105,88.073685,2.267799,-9.256793,0.715298,0.693866,-0.041901,-0.071709
9147,-0.401398,9.916904,1.603594,-33.289997,0.309499,7.251327,86.928543,2.097222,-9.201893,0.722334,0.686636,-0.041931,-0.070759
9148,-0.342052,9.571725,1.643073,-32.630054,-0.305538,8.630765,85.830521,1.833239,-9.185489,0.729044,0.679581,-0.042838,-0.069493
9149,-0.324232,9.516390,1.957675,-33.206146,0.544324,6.711140,84.734093,1.578802,-9.160611,0.735672,0.672475,-0.043662,-0.068250
9150,-0.248379,9.412837,2.072324,-33.916603,0.016281,4.942587,83.616272,1.386497,-9.131428,0.742320,0.665192,-0.044072,-0.067370
9151,-0.137344,9.250796,2.113639,-35.923939,1.040106,1.813014,82.453110,1.276947,-9.100145,0.749110,0.657585,-0.043924,-0.066982
9152,-0.111479,9.152665,2.427643,-38.744614,4.049155,-2.885128,81.210632,1.306641,-9.018422,0.756228,0.649469,-0.042536,-0.067083
9153,-0.208056,9.386061,2.821438,-39.659653,5.544490,-5.946032,79.907356,1.477856,-8.884361,0.763556,0.640951,-0.039878,-0.067625
9154,-0.297393,9.407740,2.989554,-37.818897,5.680242,-5.274664,78.620392,1.696333,-8.735061,0.770682,0.632482,-0.036820,-0.068267
9155,-0.405570,9.376544,3.289041,-35.857609,6.147135,-3.758059,77.397652,1.884475,-8.573491,0.777386,0.624353,-0.033930,-0.068581
9156,-0.460325,9.225817,3.489879,-33.681252,5.519948,-2.099634,76.244484,2.023751,-8.406440,0.783658,0.616603,-0.031385,-0.068524
9157,-0.479370,9.196560,3.637699,-32.647793,4.207625,-1.915273,75.144196,2.128629,-8.265927,0.789573,0.609130,-0.029255,-0.068410
9158,-0.460511,9.249964,3.786014,-31.586748,2.986849,-1.271565,74.077576,2.211736,-8.164388,0.795227,0.601812,-0.027506,-0.068409
9159,-0.457476,9.103216,3.948005,-29.758116,1.691291,0.339631,73.057991,2.248753,-8.094019,0.800573,0.594744,-0.026271,-0.068351
9160,-0.390664,9.045341,3.977670,-28.957855,0.705477,0.316640,72.081078,2.250329,-8.052740,0.805638,0.587907,-0.025465,-0.068290
9161,-0.375870,8.969728,4.178149,-28.235338,1.031937,0.823224,71.129242,2.241504,-8.019266,0.810518,0.581199,-0.024790,-0.068218
9162,-0.380747,8.846522,4.299453,-27.990477,1.134084,0.780479,70.193878,2.228205,-7.976349,0.815267,0.574567,-0.024112,-0.068046
9163,-0.431614,8.659316,4.465018,-27.272650,1.106546,0.131880,69.274467,2.226870,-7.936018,0.819876,0.568015,-0.023374,-0.067942
9164,-0.406685,8.656849,4.544647,-26.600590,1.426931,-0.947059,68.377991,2.254803,-7.901488,0.824301,0.561602,-0.022472,-0.068011
9165,-0.445400,8.608157,4.763975,-27.922894,2.115069,-2.378494,67.470688,2.328353,-7.867515,0.828707,0.555094,-0.021235,-0.068296
9166,-0.487112,8.637768,4.836294,-29.118496,1.336815,-4.655342,66.520378,2.458733,-7.860271,0.833224,0.548256,-0.019683,-0.069038
9167,-0.536785,8.609176,5.030432,-29.621244,1.384106,-5.569582,65.540237,2.632973,-7.887979,0.837781,0.541174,-0.017947,-0.070226
9168,-0.556193,8.482294,5.097496,-30.387951,2.243197,-6.038270,64.538895,2.833884,-7.914785,0.842362,0.533909,-0.015977,-0.071508
9169,-0.598890,8.411398,5.230041,-31.661198,4.084983,-8.161064,63.504356,3.092758,-7.923598,0.847010,0.526383,-0.013453,-0.072897
9170,-0.641997,8.397338,5.488251,-31.495510,5.966439,-9.363727,62.452778,3.428974,-7.906852,0.851639,0.518720,-0.010203,-0.074404
9171,-0.695071,8.308887,5.703074,-32.851257,7.083387,-9.310546,61.383297,3.805828,-7.861231,0.856269,0.510894,-0.006481,-0.075823
9172,-0.745612,8.272138,5.813586,-34.156620,7.376318,-9.336698,60.270710,4.194542,-7.802160,0.861010,0.502699,-0.002557,-0.077130
9173,-0.797478,8.171974,6.048100,-34.607433,7.058852,-8.311460,59.129318,4.569816,-7.742696,0.865797,0.494229,0.001312,-0.078306
9174,-0.850016,7.960690,6.220319,-35.271984,5.532825,-5.320823,57.969776,4.873077,-7.682114,0.870614,0.485544,0.004672,-0.079100
9175,-0.921028,7.742234,6.264126,-35.753445,3.114132,-1.161352,56.791584,5.041708,-7.619036,0.875501,0.476620,0.007040,-0.079260
9176,-0.928705,7.657373,6.401075,-34.716537,1.707133,0.552052,55.622581,5.094806,-7.558095,0.880327,0.467677,0.008506,-0.078930
9177,-0.901903,7.494011,6.568959,-33.450733,0.921155,1.824504,54.491779,5.087435,-7.499462,0.884944,0.458960,0.009462,-0.078360
9178,-0.870671,7.295244,6.636265,-32.636608,-0.142569,3.905738,53.396320,5.017855,-7.432632,0.889378,0.450451,0.009932,-0.077477
9179,-0.852263,7.244711,6.767704,-33.372765,-0.992674,4.624346,52.302391,4.893091,-7.361787,0.893758,0.441891,0.009969,-0.076350
9180,-0.811290,7.059354,6.930232,-33.356632,-0.933338,3.479820,51.195259,4.767181,-7.303251,0.898096,0.433187,0.009938,-0.075321
9181,-0.773439,6.829781,7.001104,-35.118282,-1.307379,4.302225,50.058529,4.643298,-7.249595,0.902453,0.424209,0.009905,-0.074343
9182,-0.777574,6.718948,7.142396,-39.869232,-2.671731,5.358085,48.813217,4.477868,-7.195166,0.907135,0.414313,0.009597,-0.073208
9183,-0.797844,6.625703,7.296730,-44.043320,-4.251185,4.416461,47.416611,4.279633,-7.172338,0.912235,0.403152,0.008988,-0.072214
9184,-0.787003,6.333276,7.390877,-49.229103,-7.589976,3.258102,45.858265,4.051373,-7.228112,0.917713,0.390627,0.007947,-0.071762
9185,-0.722883,6.124611,7.704146,-55.359570,-10.092553,3.155680,44.106384,3.767768,-7.361192,0.923632,0.376446,0.006316,-0.071783
9186,-0.655071,5.914641,8.054480,-55.540611,-8.665912,1.017713,42.248161,3.492443,-7.524768,0.929639,0.361310,0.004726,-0.072139
9187,-0.575750,5.617435,8.210976,-51.159225,-4.396501,-2.072391,40.460945,3.340780,-7.681697,0.935129,0.346706,0.004136,-0.072883
9188,-0.517318,5.394405,8.431508,-48.349552,-0.015734,-3.606009,38.795864,3.344513,-7.801029,0.939990,0.333089,0.004879,-0.073805
9189,-0.510457,5.266522,8.669080,-41.264168,4.253609,-3.630454,37.299549,3.474288,-7.852022,0.944169,0.320852,0.006770,-0.074514
9190,-0.590814,5.072037,8.603125,-32.680161,6.612537,-3.427566,36.068211,3.689516,-7.837702,0.947476,0.310791,0.009391,-0.074895
9191,-0.637174,4.922146,8.563951,-30.384258,4.456319,-0.507047,35.020817,3.877577,-7.783405,0.950228,0.302203,0.011780,-0.074845
9192,-0.668505,4.767732,8.688222,-30.223049,0.234008,2.245609,34.015388,3.925462,-7.715312,0.952865,0.293870,0.013010,-0.074293
9193,-0.654253,4.601046,8.762979,-29.543043,-2.898813,4.006420,33.023540,3.830902,-7.653198,0.955455,0.285559,0.013018,-0.073428
9194,-0.603104,4.460042,8.881846,-31.594460,-4.305859,5.541424,32.009186,3.644136,-7.583683,0.958071,0.276993,0.012272,-0.072284
9195,-0.525475,4.339258,9.075135,-33.386494,-5.142276,6.107512,30.931396,3.408465,-7.500272,0.960783,0.267847,0.011168,-0.070923
9196,-0.493333,4.128743,9.157789,-33.179611,-4.365821,4.361844,29.826120,3.183546,-7.429821,0.963452,0.258452,0.010118,-0.069719
9197,-0.466617,3.962927,9.172157,-33.783005,-3.064423,4.375558,28.713781,3.004433,-7.363127,0.966021,0.248995,0.009428,-0.068672
9198,-0.460688,3.804255,9.233970,-33.458580,-2.948630,4.406045,27.597399,2.846983,-7.281178,0.968505,0.239489,0.008936,-0.067559
9199,-0.458961,3.614700,9.250470,-31.423553,-2.246833,2.677121,26.519339,2.716177,-7.215365,0.970797,0.230297,0.008595,-0.066655
9200,-0.469086,3.444100,9.263940,-30.853390,-1.743347,1.886615,25.483313,2.623158,-7.176026,0.972892,0.221463,0.008483,-0.066063
9201,-0.463135,3.292525,9.291393,-30.034447,-1.824247,1.691206,24.469912,2.544124,-7.146998,0.974853,0.212809,0.008448,-0.065594
9202,-0.429708,3.149439,9.376926,-28.132065,-2.471272,1.381359,23.501316,2.457919,-7.129302,0.976653,0.204518,0.008298,-0.065217
9203,-0.389542,3.019182,9.447610,-26.344093,-1.833506,0.606128,22.593546,2.378974,-7.126954,0.978266,0.196735,0.008145,-0.064996
9204,-0.384077,2.930311,9.523471,-25.344961,-1.981606,0.735781,21.731989,2.311686,-7.130183,0.979734,0.189341,0.008052,-0.064850
9205,-0.366121,2.807335,9.597711,-25.275055,-2.318920,0.421395,20.888054,2.237903,-7.138285,0.981117,0.182084,0.007885,-0.064743
9206,-0.347359,2.648036,9.634090,-25.122755,-1.984837,-0.243949,20.047276,2.169698,-7.160624,0.982432,0.174848,0.007740,-0.064772
9208,-0.335932,2.491327,9.712147,-27.039650,-1.037337,-0.929128,19.176628,2.128848,-7.195939,0.983723,0.167360,0.007830,-0.064956
9209,-0.333878,2.291391,9.741450,-27.369652,-1.200706,-1.351853,18.268091,2.105742,-7.243868,0.984997,0.159547,0.008079,-0.065272
9210,-0.313997,2.071122,9.793659,-27.670773,-1.518202,-1.789838,17.348488,2.078644,-7.307621,0.986216,0.151628,0.008285,-0.065719
9211,-0.316032,1.871228,9.789750,-26.372818,-1.416075,-2.052343,16.445101,2.050498,-7.383161,0.987344,0.143839,0.008465,-0.066267
9212,-0.309252,1.737476,9.834168,-26.231531,-1.677112,-1.638867,15.565813,2.017930,-7.456542,0.988383,0.136247,0.008605,-0.066795
9213,-0.307008,1.592527,9.820207,-24.710783,-1.800813,-1.776250,14.714386,1.976825,-7.526685,0.989336,0.128882,0.008668,-0.067290
9214,-0.304344,1.444903,9.855906,-24.627445,-1.469780,-1.968568,13.889601,1.939443,-7.600677,0.990203,0.121743,0.008750,-0.067826
9215,-0.291223,1.288964,9.838192,-23.898657,-0.471917,-2.365361,13.078252,1.924824,-7.678482,0.990997,0.114727,0.009026,-0.068421
9216,-0.272724,1.154348,9.859929,-23.998446,0.145971,-2.357778,12.277378,1.936814,-7.756454,0.991725,0.107812,0.009534,-0.069042
9217,-0.276220,1.009459,9.870567,-23.387157,0.449506,-2.576030,11.484985,1.963446,-7.834883,0.992394,0.100974,0.010173,-0.069676
9218,-0.283152,0.866624,9.884752,-22.965096,0.440229,-2.832436,10.709529,1.995358,-7.920511,0.992996,0.094283,0.010850,-0.070374
9219,-0.288000,0.767266,9.868990,-22.805462,0.525563,-2.869109,9.943542,2.028243,-8.011161,0.993541,0.087671,0.011536,-0.071110
9220,-0.298214,0.653116,9.917272,-24.183916,0.566650,-2.785237,9.157214,2.061831,-8.101120,0.994057,0.080881,0.012252,-0.071833
9221,-0.313324,0.526610,9.925488,-23.929604,1.039585,-3.374300,8.351821,2.103897,-8.198568,0.994530,0.073929,0.013059,-0.072617
9222,-0.300323,0.375641,9.936920,-23.421988,1.526244,-3.810773,7.558471,2.162851,-8.311286,0.994935,0.067092,0.014007,-0.073536
9223,-0.310312,0.266238,9.913256,-21.936239,1.793152,-3.824565,6.797956,2.233664,-8.430680,0.995266,0.060547,0.015047,-0.074514
9224,-0.321571,0.139451,9.937689,-20.166636,2.000548,-3.760536,6.091570,2.310691,-8.549269,0.995527,0.054476,0.016119,-0.075485
9225,-0.339845,0.045561,9.925043,-16.814617,1.849356,-3.675150,5.470446,2.387020,-8.666175,0.995714,0.049146,0.017141,-0.076443
9226,-0.338861,-0.044187,9.936718,-14.106491,1.438748,-3.130459,4.950549,2.451920,-8.774240,0.995841,0.044687,0.018010,-0.077327
9227,-0.367776,-0.091711,9.926544,-11.538693,1.054084,-2.335520,4.519359,2.500846,-8.861682,0.995932,0.040986,0.018695,-0.078035
9228,-0.382849,-0.155239,9.937022,-9.109706,0.594675,-1.790834,4.172300,2.533450,-8.928242,0.995999,0.038002,0.019192,-0.078566
9229,-0.367404,-0.208745,9.915376,-6.110003,-0.029549,-1.534548,3.916219,2.546753,-8.982924,0.996041,0.035795,0.019466,-0.079002
9230,-0.358035,-0.265561,9.920016,-3.729833,-0.199077,-1.191285,3.750196,2.545996,-9.028561,0.996061,0.034359,0.019561,-0.079371
9231,-0.362112,-0.283495,9.929625,-1.698733,-0.213198,-0.863385,3.658184,2.541356,-9.063214,0.996065,0.033562,0.019574,-0.079655
9232,-0.352816,-0.273237,9.923141,1.034770,-0.461046,-0.961316,3.645741,2.532082,-9.094311,0.996049,0.033453,0.019493,-0.079921
9233,-0.340319,-0.256543,9.929836,2.688090,-0.568581,-0.976835,3.706320,2.517034,-9.127682,0.996011,0.033975,0.019310,-0.080217
9234,-0.353384,-0.224309,9.948564,4.037907,-0.438059,-1.019813,3.816916,2.502479,-9.162021,0.995957,0.034931,0.019095,-0.080530
9235,-0.356879,-0.162122,9.947029,5.078211,-0.406641,-1.165020,3.967225,2.490908,-9.199344,0.995886,0.036236,0.018877,-0.080876
9236,-0.358274,-0.097152,9.938296,5.523716,-0.298888,-1.325471,4.142089,2.482115,-9.241620,0.995802,0.037756,0.018664,-0.081270
9237,-0.369240,-0.068665,9.947912,5.037022,0.017975,-1.434037,4.316098,2.480837,-9.287880,0.995711,0.039275,0.018513,-0.081699
9238,-0.365652,-0.046921,9.935154,4.620482,0.463052,-1.461730,4.474991,2.492527,-9.335434,0.995619,0.040672,0.018485,-0.082142
9239,-0.373317,0.019336,9.927751,2.752902,0.702139,-1.359715,4.595896,2.515603,-9.380825,0.995538,0.041746,0.018582,-0.082563
9240,-0.376386,0.024398,9.927804,0.752655,0.861896,-1.315685,4.652451,2.545175,-9.423216,0.995480,0.042265,0.018783,-0.082951
9241,-0.364728,-0.007298,9.923390,-0.350569,0.719453,-1.235038,4.657352,2.574888,-9.463493,0.995442,0.042335,0.019022,-0.083312
9242,-0.346650,-0.015035,9.932774,-1.334962,0.186218,-1.039944,4.627609,2.592999,-9.500102,0.995422,0.042096,0.019188,-0.083631
9243,-0.363138,-0.004162,9.934979,-1.876809,-0.401989,-1.105783,4.572453,2.592280,-9.536077,0.995416,0.041622,0.019209,-0.083934
9244,-0.365855,-0.049428,9.926480,-1.274287,-0.596445,-1.135009,4.518196,2.578650,-9.574667,0.995411,0.041147,0.019116,-0.084255
9245,-0.355254,-0.040757,9.922555,-0.073668,-0.792445,-0.828533,4.494184,2.558146,-9.609145,0.995399,0.040930,0.018943,-0.084544
9246,-0.365208,-0.016323,9.932440,0.783796,-1.038781,-0.711264,4.504778,2.529736,-9.637155,0.995380,0.041006,0.018679,-0.084780
9247,-0.384256,0.013535,9.910093,0.854098,-0.946217,-0.742010,4.530903,2.498665,-9.663936,0.995358,0.041215,0.018380,-0.085007
9248,-0.378203,0.020441,9.898980,0.900102,-0.539217,-0.775805,4.558959,2.475991,-9.691139,0.995333,0.041446,0.018152,-0.085240
9249,-0.372290,0.036659,9.905437,0.288486,-0.414523,-0.658528,4.577685,2.462049,-9.716259,0.995310,0.041603,0.018008,-0.085457
9250,-0.387691,0.035123,9.911065,-0.432973,-0.559859,-0.791505,4.574190,2.447789,-9.741671,0.995296,0.041566,0.017878,-0.085672
9251,-0.389432,0.023733,9.884309,-0.855409,-0.416707,-1.002312,4.551391,2.433941,-9.772794,0.995283,0.041362,0.017763,-0.085934
9252,-0.373298,0.003029,9.925741,-1.284055,-0.305638,-1.007119,4.514275,2.424586,-9.807159,0.995273,0.041038,0.017697,-0.086224
9253,-0.358127,-0.026305,9.950426,-1.572468,-0.524283,-0.998190,4.465213,2.413412,-9.841592,0.995267,0.040609,0.017625,-0.086512
9254,-0.345563,-0.058536,9.950367,-1.267475,-0.759809,-1.390576,4.416144,2.395156,-9.882977,0.995257,0.040176,0.017489,-0.086858
9255,-0.338097,-0.063903,9.927740,-1.403553,-0.983182,-1.784488,4.369339,2.370247,-9.938014,0.995236,0.039759,0.017289,-0.087321
9256,-0.332070,-0.075016,9.936552,-2.056920,-0.925805,-2.157034,4.308870,2.343493,-10.005984,0.995211,0.039224,0.017079,-0.087894
9257,-0.332336,-0.080616,9.918485,-1.860340,-0.920295,-2.639443,4.240242,2.318767,-10.088061,0.995176,0.038622,0.016890,-0.088589
9258,-0.328033,-0.073476,9.929271,-1.183002,-1.004795,-3.094383,4.185586,2.293793,-10.185804,0.995123,0.038142,0.016682,-0.089422
9259,-0.325651,-0.066141,9.940022,-0.774088,-1.461617,-3.039656,4.148794,2.260231,-10.290839,0.995060,0.037812,0.016385,-0.090319
9260,-0.311301,-0.068914,9.953785,-0.096535,-1.823858,-2.759083,4.130368,2.212595,-10.391265,0.994996,0.037629,0.015953,-0.091174
9261,-0.302056,-0.048287,9.949085,0.805435,-2.387559,-2.409834,4.138722,2.148803,-10.482319,0.994933,0.037664,0.015362,-0.091947
9262,-0.298621,-0.041153,9.910690,1.751768,-2.792533,-2.127717,4.178340,2.068186,-10.564065,0.994869,0.037954,0.014603,-0.092637
9263,-0.304809,-0.035574,9.859231,2.222028,-2.722826,-1.918844,4.241956,1.981469,-10.638124,0.994804,0.038447,0.013774,-0.093262
9264,-0.310382,-0.021032,9.823186,2.014785,-2.353872,-1.561962,4.310397,1.901423,-10.702325,0.994742,0.038984,0.013002,-0.093802
9265,-0.312761,0.000008,9.809236,1.816747,-1.354562,-1.406500,4.372490,1.843539,-10.756365,0.994687,0.039482,0.012430,-0.094260
9266,-0.295906,-0.018719,9.848507,2.622690,-0.021042,-1.643200,4.444800,1.824588,-10.808837,0.994622,0.040100,0.012187,-0.094717
9267,-0.282231,0.002863,9.851718,3.605562,0.882095,-2.465848,4.546447,1.844265,-10.876029,0.994527,0.041005,0.012250,-0.095317
9268,-0.276899,0.121651,9.932998,2.950011,2.627460,-2.314934,4.653255,1.908958,-10.950806,0.994414,0.041993,0.012695,-0.096000
9269,-0.283710,0.205549,10.000642,4.190294,3.722713,-1.584148,4.770326,2.019773,-11.006927,0.994303,0.043108,0.013538,-0.096538
9270,-0.302921,0.189999,9.992858,5.621427,3.633823,-0.746547,4.932812,2.145240,-11.035280,0.994193,0.044625,0.014479,-0.096848
9271,-0.335374,0.341836,10.110850,4.245145,2.998803,-0.227818,5.096998,2.256793,-11.041785,0.994100,0.046143,0.015305,-0.096966
9272,-0.354956,0.346338,10.092289,1.219742,1.132514,2.605793,5.189900,2.321822,-10.996103,0.994087,0.046997,0.015809,-0.096607
9273,-0.351422,0.330905,10.342672,0.329047,-1.901132,4.725270,5.220555,2.298007,-10.875488,0.994180,0.047226,0.015627,-0.095556
9274,-0.317628,0.306345,10.214525,0.822307,-7.165726,5.930719,5.246026,2.131335,-10.712282,0.994339,0.047291,0.014227,-0.094080
9275,-0.297761,0.314420,10.148952,-0.701727,-10.477148,6.722643,5.254297,1.819221,-10.529077,0.994543,0.047092,0.011586,-0.092371
9276,-0.266105,0.187564,9.908938,-0.828124,-11.778887,7.416907,5.234458,1.428324,-10.328197,0.994774,0.046595,0.008291,-0.090475
9277,-0.240199,0.139101,9.965314,0.325569,-10.449862,6.112206,5.230186,1.038833,-10.137394,0.994975,0.046246,0.004990,-0.088666
9278,-0.198647,0.003494,9.609939,1.149490,-9.459523,4.224600,5.256890,0.692643,-9.996179,0.995107,0.046210,0.002020,-0.087305
9279,-0.167363,0.003457,9.669914,-1.267350,-4.440533,1.152834,5.255573,0.453730,-9.928176,0.995178,0.046017,-0.000027,-0.086620
9280,-0.099424,0.044820,9.792517,-2.505581,-0.462166,-1.502370,5.192576,0.372901,-9.941372,0.995198,0.045409,-0.000686,-0.086704
9281,-0.064711,0.080592,9.905251,-3.342848,1.652850,-3.469328,5.094541,0.400103,-10.022098,0.995174,0.044578,-0.000407,-0.087416
9282,-0.057356,0.135441,9.889711,-4.264484,2.659950,-4.760269,4.966737,0.483741,-10.152415,0.995117,0.043532,0.000367,-0.088579
9283,-0.056328,0.175252,9.955673,-4.989150,3.818088,-4.670249,4.811107,0.604713,-10.299817,0.995052,0.042276,0.001484,-0.089902
9284,-0.061983,0.119385,9.987754,-5.690896,3.380080,-3.516654,4.631619,0.735496,-10.425931,0.995007,0.040822,0.002715,-0.091040
9285,-0.093278,0.090010,9.932548,-6.470490,2.304227,-2.851361,4.427573,0.838299,-10.524273,0.994990,0.039135,0.003737,-0.091923
9286,-0.099791,0.053321,9.929623,-7.224142,1.264995,-1.505508,4.198302,0.903064,-10.592239,0.995005,0.037198,0.004461,-0.092526
9287,-0.077374,-0.000407,9.923888,-6.812001,0.135690,0.395783,3.964099,0.927641,-10.609051,0.995063,0.035185,0.004858,-0.092670
9288,-0.083946,-0.029091,9.934199,-5.961922,-0.793749,0.916113,3.751537,0.915196,-10.587991,0.995145,0.033328,0.004928,-0.092474
9289,-0.085238,-0.053287,9.939534,-4.635731,-1.663672,1.352514,3.575457,0.871899,-10.552885,0.995227,0.031763,0.004704,-0.092150
9290,-0.085478,-0.080742,9.958633,-1.878698,-2.359818,1.910972,3.467615,0.801618,-10.502726,0.995303,0.030768,0.004194,-0.091692
9291,-0.105533,-0.113531,9.917376,0.235375,-2.833238,1.657613,3.440941,0.711627,-10.448587,0.995361,0.030463,0.003448,-0.091198
9292,-0.127555,-0.112810,9.914203,0.634273,-2.709751,0.598554,3.455802,0.617142,-10.416623,0.995389,0.030517,0.002624,-0.090896
9293,-0.129598,-0.085281,9.878312,-0.050120,-2.221350,0.126975,3.465602,0.534375,-10.409516,0.995398,0.030536,0.001899,-0.090813
9294,-0.118941,-0.058024,9.902904,-0.899120,-1.191159,-0.315607,3.449722,0.477793,-10.416081,0.995400,0.030354,0.001418,-0.090855
9295,-0.099710,-0.068432,9.909783,-2.695650,-0.580623,-0.559810,3.389675,0.449186,-10.432405,0.995405,0.029810,0.001213,-0.090989
9296,-0.086732,-0.071727,9.902314,-3.546109,-0.031190,-0.904716,3.285450,0.440426,-10.457359,0.995412,0.028898,0.001213,-0.091203
9297,-0.061998,-0.061049,9.880204,-3.100920,0.431146,-0.953584,3.174428,0.448827,-10.487899,0.995415,0.027940,0.001367,-0.091469
9298,-0.044459,-0.079921,9.896473,-1.935382,0.583556,-0.910885,3.090248,0.467413,-10.518002,0.995410,0.027224,0.001589,-0.091733
9299,-0.069230,-0.122891,9.893954,-0.570057,0.504035,-1.255774,3.048199,0.487449,-10.553090,0.995391,0.026876,0.001788,-0.092042
9300,-0.103767,-0.090190,9.938802,0.831936,0.656657,-1.486232,3.052176,0.509203,-10.597695,0.995353,0.026928,0.001964,-0.092435
9301,-0.104668,-0.060064,9.972696,2.414258,0.401961,-1.007138,3.105911,0.529058,-10.638243,0.995306,0.027412,0.002083,-0.092792
9302,-0.098442,-0.085197,9.989979,3.006237,-0.212903,-0.724889,3.195987,0.533797,-10.666890,0.995260,0.028198,0.002044,-0.093044
9303,-0.114094,-0.096095,9.988757,2.522207,-0.981866,-0.731044,3.287897,0.515291,-10.692240,0.995218,0.028982,0.001802,-0.093261
9304,-0.110864,-0.060546,9.970536,1.745169,-1.457795,-0.163453,3.358873,0.475562,-10.709478,0.995188,0.029566,0.001395,-0.093402
9305,-0.082408,-0.063500,9.919003,1.454917,-1.538589,0.559788,3.412238,0.425321,-10.705828,0.995180,0.029989,0.000916,-0.093358
9306,-0.068920,-0.074254,9.925419,0.560263,-1.276149,0.938179,3.445982,0.377002,-10.683710,0.995192,0.030243,0.000475,-0.093154
9307,-0.084437,-0.037706,9.952166,-0.422855,-0.867147,1.031222,3.448465,0.339374,-10.653090,0.995218,0.030234,0.000154,-0.092878
9308,-0.088868,-0.028950,9.951582,-1.749154,-0.616709,1.485906,3.412495,0.312179,-10.612690,0.995262,0.029899,-0.000042,-0.092520
9309,-0.088544,-0.040775,9.940409,-3.061710,-0.575263,1.813937,3.332598,0.289115,-10.558954,0.995327,0.029187,-0.000164,-0.092048
9311,-0.072408,-0.078590,9.947659,-3.800632,-0.417877,1.897825,3.218523,0.269058,-10.498134,0.995405,0.028180,-0.000232,-0.091515
9312,-0.076352,-0.116238,9.916464,-4.662897,-0.567305,1.618558,3.077725,0.249447,-10.440515,0.995485,0.026942,-0.000276,-0.091010
9313,-0.078215,-0.155890,9.909775,-5.709466,-0.579449,1.252327,2.905047,0.227870,-10.393729,0.995563,0.025424,-0.000316,-0.090599
9314,-0.065205,-0.181451,9.896815,-5.394921,-0.287939,0.818955,2.720104,0.211745,-10.359957,0.995630,0.023805,-0.000303,-0.090303
9315,-0.041376,-0.208034,9.891285,-4.767552,0.027956,0.434415,2.550805,0.206461,-10.339285,0.995680,0.022330,-0.000212,-0.090122
9316,-0.065336,-0.231268,9.879457,-5.069462,0.291976,-0.179013,2.386872,0.211609,-10.334799,0.995715,0.020909,-0.000037,-0.090085
9317,-0.073610,-0.244079,9.901027,-4.974608,0.774232,-0.487257,2.219432,0.229818,-10.345177,0.995735,0.019469,0.000251,-0.090178
9318,-0.069340,-0.261083,9.904277,-4.097266,0.997167,-0.458283,2.068171,0.259914,-10.359814,0.995748,0.018178,0.000629,-0.090309
9319,-0.076056,-0.268201,9.920198,-3.743568,1.110319,-0.554446,1.937415,0.295607,-10.375449,0.995754,0.017070,0.001040,-0.090449
9320,-0.093798,-0.288534,9.923659,-3.386734,1.215890,-0.598731,1.818478,0.334988,-10.393390,0.995756,0.016068,0.001474,-0.090610
9321,-0.098776,-0.301428,9.924081,-2.808601,1.258936,-0.452278,1.715122,0.376756,-10.409624,0.995755,0.015203,0.001916,-0.090755
9322,-0.102753,-0.301725,9.925817,-2.126608,1.236348,-0.255473,1.632795,0.418671,-10.420198,0.995756,0.014521,0.002344,-0.090850
9323,-0.116581,-0.298672,9.934356,-1.827486,1.198513,-0.153276,1.566849,0.459425,-10.425873,0.995758,0.013980,0.002750,-0.090903
9324,-0.127857,-0.310903,9.947194,-1.125454,1.093577,-0.051083,1.517613,0.497704,-10.428248,0.995760,0.013583,0.003121,-0.090927
9325,-0.128449,-0.317854,9.936595,-0.568382,0.868086,0.029744,1.489387,0.530396,-10.427744,0.995762,0.013364,0.003428,-0.090925
9326,-0.134709,-0.306286,9.926814,-0.264546,0.645627,0.035800,1.475521,0.555588,-10.426001,0.995764,0.013263,0.003658,-0.090912
9327,-0.138545,-0.296360,9.925396,0.167577,0.557451,0.086106,1.473930,0.575580,-10.423451,0.995765,0.013265,0.003833,-0.090892
9328,-0.132861,-0.306333,9.914798,0.782819,0.382260,0.197449,1.489822,0.591115,-10.418322,0.995766,0.013415,0.003956,-0.090850
9329,-0.139908,-0.303532,9.901649,0.448896,0.294029,0.090583,1.510404,0.602256,-10.413226,0.995767,0.013603,0.004037,-0.090807
9330,-0.152353,-0.289446,9.902957,0.115012,0.392020,0.014233,1.519824,0.613640,-10.411177,0.995767,0.013694,0.004129,-0.090791
9331,-0.151686,-0.286172,9.903443,-0.258499,0.439684,0.078267,1.517453,0.627456,-10.409269,0.995768,0.013684,0.004251,-0.090776
9332,-0.158102,-0.304642,9.909395,-1.123420,0.482777,-0.049966,1.494431,0.642813,-10.408394,0.995771,0.013496,0.004403,-0.090769
9333,-0.166133,-0.293063,9.906210,-2.153150,0.409935,-0.248394,1.439769,0.657814,-10.412984,0.995773,0.013033,0.004576,-0.090809
9334,-0.165950,-0.290836,9.908015,-2.570879,0.231815,-0.114172,1.360969,0.668655,-10.418767,0.995776,0.012357,0.004732,-0.090857
9335,-0.171370,-0.287631,9.915139,-2.709254,0.183400,-0.112703,1.272924,0.675660,-10.422390,0.995782,0.011598,0.004863,-0.090885
9336,-0.179194,-0.290885,9.920669,-2.800213,0.171646,-0.147857,1.181050,0.681668,-10.426604,0.995787,0.010804,0.004987,-0.090918
9337,-0.176716,-0.306771,9.905327,-2.483703,0.108023,-0.010580,1.092954,0.686381,-10.429153,0.995793,0.010042,0.005098,-0.090937
9338,-0.173859,-0.314625,9.906119,-1.916916,0.267158,0.087023,1.019627,0.692609,-10.427764,0.995800,0.009410,0.005210,-0.090922
9339,-0.178743,-0.318777,9.925200,-1.165428,0.411033,-0.102245,0.968254,0.703914,-10.427822,0.995803,0.008973,0.005349,-0.090921
9340,-0.178660,-0.337020,9.929101,-0.601629,0.344336,-0.219797,0.938740,0.716592,-10.432979,0.995801,0.008726,0.005483,-0.090965
9341,-0.180014,-0.346160,9.923795,-0.401052,0.314250,-0.282415,0.921925,0.727703,-10.441169,0.995795,0.008589,0.005592,-0.091036
9342,-0.184463,-0.343118,9.921659,-0.276764,0.155994,-0.279419,0.910510,0.735690,-10.450408,0.995788,0.008497,0.005670,-0.091117
9343,-0.186942,-0.354165,9.912964,-0.443941,-0.051078,-0.227594,0.898390,0.737572,-10.458830,0.995782,0.008394,0.005695,-0.091189
9344,-0.187839,-0.360629,9.889465,-0.899575,-0.111652,-0.163565,0.875914,0.734961,-10.465393,0.995779,0.008197,0.005690,-0.091245
9345,-0.188270,-0.352453,9.894861,-1.574914,-0.098975,-0.134629,0.834608,0.731524,-10.470414,0.995778,0.007835,0.005692,-0.091287
9346,-0.183975,-0.365596,9.900994,-1.659695,-0.150398,-0.040079,0.780661,0.727409,-10.473384,0.995779,0.007363,0.005699,-0.091309
9347,-0.186627,-0.364252,9.900702,-1.778029,-0.136208,-0.041661,0.723347,0.722651,-10.474812,0.995782,0.006862,0.005704,-0.091319
9348,-0.198548,-0.362776,9.911568,-1.969519,-0.080757,-0.153108,0.660847,0.719074,-10.478100,0.995783,0.006316,0.005722,-0.091344
9349,-0.192694,-0.358610,9.908772,-2.070878,-0.029855,-0.116539,0.593450,0.717280,-10.482615,0.995783,0.005729,0.005760,-0.091380
9350,-0.183639,-0.368352,9.905465,-2.027210,0.013364,-0.058605,0.525112,0.717034,-10.485538,0.995784,0.005135,0.005812,-0.091402
9351,-0.191362,-0.373097,9.913892,-2.007921,0.042845,-0.194462,0.457807,0.718006,-10.489748,0.995783,0.004551,0.005874,-0.091435
9352,-0.191798,-0.372259,9.918462,-1.825280,0.066252,-0.241815,0.393829,0.719879,-10.497005,0.995780,0.003997,0.005941,-0.091495
9353,-0.184115,-0.393041,9.904430,-1.622794,0.080476,-0.170144,0.336275,0.722369,-10.503857,0.995776,0.003499,0.006009,-0.091551
9354,-0.192422,-0.403064,9.908521,-1.482910,0.277810,-0.330413,0.284408,0.728385,-10.512168,0.995771,0.003054,0.006102,-0.091621
9355,-0.199274,-0.399890,9.915257,-1.127822,0.379062,-0.399128,0.240741,0.739389,-10.524274,0.995761,0.002684,0.006232,-0.091724
9356,-0.198221,-0.400321,9.900455,-0.736038,0.324682,-0.347293,0.209515,0.751167,-10.536670,0.995751,0.002422,0.006360,-0.091830
9357,-0.204566,-0.402757,9.902274,-0.731803,0.401538,-0.367176,0.184895,0.763312,-10.548538,0.995742,0.002219,0.006485,-0.091932
9358,-0.210595,-0.387364,9.923457,-0.759522,0.479949,-0.449621,0.159857,0.778045,-10.562107,0.995730,0.002014,0.006632,-0.092049
9359,-0.205488,-0.390308,9.921268,-0.689498,0.166183,-0.312333,0.135533,0.788846,-10.574780,0.995720,0.001812,0.006746,-0.092157
9360,-0.211473,-0.409672,9.897465,-0.804167,0.058404,-0.353580,0.110486,0.792613,-10.585873,0.995711,0.001598,0.006798,-0.092252
9361,-0.211129,-0.399486,9.905400,-1.140101,0.135275,-0.423819,0.077902,0.795862,-10.598825,0.995701,0.001318,0.006853,-0.092363
9362,-0.208514,-0.401101,9.917140,-1.276064,0.158721,-0.448280,0.037430,0.800777,-10.613357,0.995689,0.000972,0.006928,-0.092487
9363,-0.199951,-0.418419,9.896730,-1.253355,0.110401,-0.388813,-0.004923,0.805266,-10.627309,0.995678,0.000608,0.007001,-0.092605
9364,-0.206043,-0.427619,9.895918,-1.442802,0.059016,-0.373600,-0.050038,0.808083,-10.640019,0.995668,0.000219,0.007062,-0.092713
9365,-0.212110,-0.408337,9.907331,-1.503971,0.105331,-0.343127,-0.099319,0.810807,-10.651968,0.995658,-0.000206,0.007125,-0.092814
9366,-0.208748,-0.405155,9.903770,-1.357464,0.177592,-0.234828,-0.147147,0.815501,-10.661614,0.995650,-0.000617,0.007205,-0.092894
9367,-0.204825,-0.414428,9.898320,-1.337569,0.106384,-0.201300,-0.192168,0.820212,-10.668897,0.995643,-0.001004,0.007283,-0.092955
9368,-0.218788,-0.401487,9.906471,-1.688398,0.126764,-0.277635,-0.242715,0.824068,-10.676896,0.995636,-0.001440,0.007357,-0.093021
9369,-0.224322,-0.404357,9.893724,-1.892636,0.331851,-0.265466,-0.302531,0.831668,-10.685983,0.995627,-0.001953,0.007472,-0.093096
9370,-0.219378,-0.425951,9.887719,-2.077062,0.300415,-0.115964,-0.368786,0.842168,-10.692403,0.995620,-0.002519,0.007617,-0.093147
9371,-0.234996,-0.444667,9.900494,-2.231037,0.360563,-0.164833,-0.440658,0.853150,-10.697162,0.995614,-0.003135,0.007771,-0.093183
9372,-0.238689,-0.438910,9.901618,-2.256792,0.297170,-0.079418,-0.515518,0.864078,-10.701324,0.995607,-0.003776,0.007927,-0.093214
9373,-0.235114,-0.459871,9.890043,-1.983427,0.122372,0.144856,-0.586173,0.871080,-10.700300,0.995605,-0.004384,0.008045,-0.093199
9374,-0.236983,-0.460218,9.895432,-1.885530,0.155081,0.085309,-0.650598,0.875745,-10.696518,0.995606,-0.004940,0.008138,-0.093162
9375,-0.238763,-0.456792,9.907804,-1.598312,0.181691,0.057809,-0.708626,0.881386,-10.694200,0.995604,-0.005440,0.008234,-0.093137
9376,-0.231770,-0.471880,9.894470,-1.387354,0.009905,0.179849,-0.758327,0.884630,-10.690279,0.995605,-0.005870,0.008302,-0.093099
9377,-0.241984,-0.481772,9.889126,-1.231359,0.144837,0.101994,-0.801900,0.887272,-10.685615,0.995606,-0.006246,0.008361,-0.093055
9378,-0.245822,-0.471439,9.913013,-1.060035,0.249299,0.031770,-0.840057,0.893872,-10.683481,0.995605,-0.006573,0.008449,-0.093034
9379,-0.241602,-0.467845,9.916214,-0.851979,0.121810,0.170600,-0.871872,0.900107,-10.680199,0.995606,-0.006844,0.008529,-0.093002
9380,-0.245086,-0.479409,9.902802,-0.735461,0.160637,0.234660,-0.898224,0.904918,-10.673517,0.995609,-0.007070,0.008591,-0.092942
9381,-0.250900,-0.461343,9.905909,-0.446453,0.257479,0.352128,-0.917770,0.912041,-10.663849,0.995616,-0.007234,0.008668,-0.092856
9382,-0.252305,-0.448671,9.907902,-0.253429,0.065939,0.584044,-0.929187,0.917681,-10.648333,0.995627,-0.007330,0.008726,-0.092720
9383,-0.247058,-0.423997,9.876488,0.208317,0.126157,0.869370,-0.929551,0.921275,-10.624162,0.995646,-0.007332,0.008756,-0.092510
9384,-0.240595,-0.411851,9.847898,1.187492,0.448789,1.383585,-0.905683,0.931457,-10.586766,0.995677,-0.007120,0.008823,-0.092186
9385,-0.256940,-0.424739,9.863898,1.298394,0.725673,1.832186,-0.863375,0.951854,-10.533471,0.995721,-0.006740,0.008963,-0.091724
9386,-0.270920,-0.398843,9.894312,0.226719,1.036220,1.986283,-0.836889,0.982161,-10.470264,0.995771,-0.006490,0.009201,-0.091175
9387,-0.269575,-0.392413,9.928665,-0.945579,1.304049,2.128174,-0.847680,1.022175,-10.402264,0.995822,-0.006558,0.009554,-0.090580
9388,-0.278381,-0.456412,9.988424,-1.979234,0.819570,2.411970,-0.895061,1.058720,-10.327131,0.995875,-0.006947,0.009904,-0.089921
9389,-0.302932,-0.472897,10.011876,-3.245083,-0.366769,2.588947,-0.980593,1.067635,-10.243910,0.995934,-0.007691,0.010043,-0.089189
9390,-0.283031,-0.451599,9.990376,-3.361805,-1.774380,3.000918,-1.088995,1.033644,-10.150108,0.996002,-0.008668,0.009825,-0.088368
9391,-0.240218,-0.494433,9.955344,-3.206873,-2.973156,3.113806,-1.196684,0.956564,-10.046632,0.996078,-0.009671,0.009229,-0.087466
9392,-0.203977,-0.550871,9.855755,-1.913866,-3.580090,2.674304,-1.280480,0.849452,-9.947824,0.996152,-0.010489,0.008353,-0.086612
9393,-0.148416,-0.486849,9.855409,-1.421831,-3.375456,1.715989,-1.335035,0.735220,-9.872033,0.996210,-0.011055,0.007394,-0.085961
9394,-0.127448,-0.452751,9.864507,-1.248243,-2.231000,0.902645,-1.378992,0.642840,-9.826189,0.996244,-0.011509,0.006619,-0.085570
9395,-0.119362,-0.453373,9.903938,-1.719917,-1.138402,0.444847,-1.428207,0.587253,-9.802356,0.996258,-0.011980,0.006170,-0.085366
9396,-0.143610,-0.476299,9.903793,-1.799450,-0.460697,0.316656,-1.486730,0.560935,-9.788986,0.996263,-0.012509,0.005984,-0.085250
9397,-0.174383,-0.465690,9.873566,-2.997468,0.714727,-0.267779,-1.566671,0.565190,-9.788280,0.996255,-0.013201,0.006080,-0.085239
9398,-0.316186,-0.487534,9.579186,-1.898982,3.290145,-1.905081,-1.648676,0.630899,-9.826350,0.996214,-0.013862,0.006717,-0.085557
9399,-0.316913,-0.550762,9.711633,0.404002,6.214906,-4.645625,-1.674997,0.786097,-9.940064,0.996119,-0.013967,0.008100,-0.086523
9400,-0.384290,-0.526671,9.628171,-0.130580,8.415747,-6.995543,-1.673607,1.024191,-10.141118,0.995952,-0.013757,0.010192,-0.088240
9401,-0.462841,-0.445091,9.693555,1.413255,11.165997,-8.451265,-1.657732,1.342921,-10.408008,0.995721,-0.013342,0.012981,-0.090518
9402,-0.510496,-0.382782,9.900051,4.872276,11.760135,-8.407004,-1.560778,1.717004,-10.699665,0.995459,-0.012162,0.016186,-0.093014
9403,-0.473565,-0.350975,10.174549,4.159507,9.102398,-6.540789,-1.418766,2.058186,-10.957797,0.995216,-0.010608,0.019059,-0.095235
9404,-0.514743,-0.295909,10.004005,1.742189,5.239503,-3.258513,-1.326825,2.293241,-11.126905,0.995046,-0.009582,0.021038,-0.096692
9405,-0.482935,-0.274053,10.064422,2.083775,2.247829,-0.818549,-1.265981,2.416454,-11.197738,0.994970,-0.008935,0.022062,-0.097304
9406,-0.450668,-0.309633,10.013394,1.042719,-1.302817,0.832490,-1.213884,2.432219,-11.197829,0.994971,-0.008469,0.022154,-0.097313
9407,-0.454700,-0.334358,9.898661,-1.106601,-3.712015,1.853304,-1.213007,2.349612,-11.151254,0.995025,-0.008541,0.021433,-0.096918
9408,-0.440720,-0.356034,9.872455,-1.165632,-4.189361,2.150821,-1.248105,2.219393,-11.081637,0.995102,-0.008969,0.020326,-0.096321
9409,-0.444764,-0.365719,9.896986,-1.072170,-3.996722,1.659436,-1.282902,2.084394,-11.015088,0.995176,-0.009396,0.019178,-0.095752
9410,-0.451065,-0.382683,9.884740,-0.598806,-3.663484,1.215360,-1.308963,1.957841,-10.964269,0.995234,-0.009737,0.018096,-0.095321
9411,-0.430941,-0.370331,9.864832,-0.357366,-3.143955,0.975764,-1.323604,1.845252,-10.925137,0.995281,-0.009964,0.017127,-0.094992
9412,-0.405493,-0.373217,9.865300,-0.703347,-2.412338,0.824676,-1.340273,1.753369,-10.892968,0.995318,-0.010189,0.016340,-0.094720
9414,-0.383590,-0.375789,9.887394,-0.904361,-1.940177,0.640019,-1.366284,1.681425,-10.866836,0.995346,-0.010479,0.015735,-0.094498
9415,-0.364246,-0.368680,9.902671,-0.615502,-1.858708,0.632371,-1.390961,1.618640,-10.844101,0.995369,-0.010748,0.015207,-0.094304
9416,-0.342378,-0.385859,9.899251,-0.055030,-1.868867,0.418724,-1.401609,1.556958,-10.825067,0.995391,-0.010894,0.014679,-0.094145
9417,-0.337099,-0.369925,9.917024,0.223164,-1.912617,0.008233,-1.398577,1.494126,-10.816413,0.995405,-0.010920,0.014130,-0.094077
9418,-0.322303,-0.348170,9.908566,0.548813,-2.076912,-0.177942,-1.385744,1.427584,-10.817625,0.995412,-0.010864,0.013541,-0.094097
9419,-0.313535,-0.345297,9.878833,0.902009,-2.105401,-0.237461,-1.361692,1.357733,-10.822879,0.995416,-0.010712,0.012915,-0.094154
