seq,ax,ay,az,wroll,wpitch,wyaw,roll,pitch,yaw,q0,q1,q2,q3
69,0.007384,-0.062838,9.925945,0.021019,0.046876,-0.037052,-0.362715,-0.042622,0.000270,0.999995,-0.003165,-0.000372,0.000001
71,0.008452,-0.071428,9.928542,0.008779,0.045346,-0.026371,-0.367590,-0.042159,0.021334,0.999995,-0.003208,-0.000369,0.000185
72,0.009231,-0.065373,9.926735,0.034680,0.054489,-0.021793,-0.372292,-0.042083,0.020525,0.999995,-0.003249,-0.000368,0.000178
73,0.007607,-0.065255,9.931285,0.022464,0.051430,-0.017215,-0.372613,-0.041506,0.019865,0.999995,-0.003252,-0.000363,0.000172
74,0.005204,-0.062408,9.928824,0.028572,0.046858,-0.009585,-0.371001,-0.038984,0.019407,0.999995,-0.003238,-0.000341,0.000168
75,0.010028,-0.056839,9.929744,0.051498,0.037697,-0.006534,-0.364577,-0.038255,0.019126,0.999995,-0.003181,-0.000334,0.000166
76,0.009344,-0.054097,9.924422,0.062244,0.042252,-0.011111,-0.353945,-0.040093,0.018817,0.999995,-0.003089,-0.000350,0.000163
78,0.010983,-0.053468,9.926620,0.056205,0.028492,-0.018741,-0.343023,-0.042491,0.018305,0.999995,-0.002993,-0.000371,0.000159
79,0.006967,-0.056001,9.924866,0.051670,0.039160,-0.026372,-0.335260,-0.043296,0.017542,0.999996,-0.002926,-0.000378,0.000152
80,0.010077,-0.053050,9.922384,0.050178,0.058989,-0.030949,-0.329101,-0.042822,0.016574,0.999996,-0.002872,-0.000374,0.000144
81,0.005410,-0.058056,9.918334,0.045614,0.062038,-0.027897,-0.325426,-0.041115,0.015580,0.999996,-0.002840,-0.000359,0.000135
82,0.007565,-0.061135,9.921634,0.034910,0.052889,-0.021794,-0.327190,-0.038380,0.014743,0.999996,-0.002855,-0.000335,0.000128
83,0.004556,-0.065869,9.918697,0.044012,0.060525,-0.011112,-0.333291,-0.035622,0.014189,0.999996,-0.002908,-0.000311,0.000123
85,0.006011,-0.064925,9.916553,0.056156,0.042222,-0.009586,-0.340341,-0.032725,0.013839,0.999996,-0.002970,-0.000286,0.000120
86,0.004321,-0.063449,9.915915,0.057637,0.022391,-0.014163,-0.344687,-0.030857,0.013441,0.999995,-0.003008,-0.000270,0.000116
87,0.001369,-0.063351,9.921165,0.043872,0.020886,-0.034000,-0.347343,-0.027326,0.012636,0.999995,-0.003031,-0.000239,0.000110
88,0.001684,-0.061588,9.922612,0.062164,0.028543,-0.040104,-0.348275,-0.022792,0.011397,0.999995,-0.003039,-0.000199,0.000099
89,-0.000274,-0.061374,9.925228,0.054524,0.034674,-0.043156,-0.347640,-0.017899,0.010004,0.999995,-0.003034,-0.000156,0.000087
90,0.002979,-0.066406,9.929154,0.052970,0.037742,-0.038578,-0.349658,-0.014401,0.008635,0.999995,-0.003051,-0.000126,0.000075
92,0.002581,-0.065585,9.931074,0.054454,0.045373,-0.032475,-0.353758,-0.013003,0.007444,0.999995,-0.003087,-0.000114,0.000065
93,0.009117,-0.062082,9.931546,0.075795,0.046872,-0.029423,-0.354622,-0.015146,0.006404,0.999995,-0.003095,-0.000132,0.000055
94,0.008129,-0.066769,9.929852,0.055934,0.040720,-0.029423,-0.355637,-0.020233,0.005415,0.999995,-0.003104,-0.000177,0.000047
95,0.008194,-0.065815,9.932743,0.054372,0.033051,-0.024845,-0.358807,-0.024398,0.004505,0.999995,-0.003131,-0.000213,0.000039
96,0.007296,-0.067597,9.930200,0.055861,0.031495,-0.027898,-0.362030,-0.027428,0.003621,0.999995,-0.003159,-0.000239,0.000031
97,0.005766,-0.069720,9.930297,0.043606,0.042162,-0.034001,-0.366921,-0.028365,0.002585,0.999995,-0.003202,-0.000248,0.000022
99,0.005247,-0.066127,9.929557,0.023733,0.045208,-0.035527,-0.370829,-0.027626,0.001419,0.999995,-0.003236,-0.000241,0.000012
100,0.010537,-0.053086,9.932396,0.035973,0.039081,-0.044683,-0.365253,-0.029445,0.000071,0.999995,-0.003187,-0.000257,-0.000000
101,0.009893,-0.056141,9.930100,0.028413,0.040567,-0.061468,-0.354469,-0.033701,-0.001712,0.999995,-0.003093,-0.000294,-0.000016
102,0.009598,-0.049008,9.935382,0.022385,0.046638,-0.066046,-0.343246,-0.036778,-0.003853,0.999996,-0.002995,-0.000321,-0.000035
103,0.011383,-0.057465,9.936277,0.037701,0.038974,-0.066046,-0.334567,-0.039994,-0.006068,0.999996,-0.002920,-0.000349,-0.000054
104,0.009638,-0.059258,9.934321,0.045332,0.046574,-0.056891,-0.332752,-0.042655,-0.008126,0.999996,-0.002904,-0.000372,-0.000072
106,0.006477,-0.069009,9.930188,0.043759,0.060301,-0.040106,-0.337922,-0.041828,-0.009748,0.999996,-0.002949,-0.000365,-0.000086
107,0.008477,-0.064561,9.928407,0.052848,0.060299,-0.035528,-0.345483,-0.039991,-0.011014,0.999995,-0.003015,-0.000349,-0.000097
108,0.009769,-0.066548,9.923735,0.051273,0.067914,-0.032476,-0.350474,-0.040016,-0.012155,0.999995,-0.003058,-0.000349,-0.000107
109,0.012123,-0.060704,9.920992,0.046669,0.064831,-0.034002,-0.352400,-0.042064,-0.013274,0.999995,-0.003075,-0.000367,-0.000117
110,0.016305,-0.063045,9.924327,0.039032,0.058672,-0.027899,-0.352041,-0.047534,-0.014317,0.999995,-0.003072,-0.000414,-0.000126
111,0.017804,-0.060675,9.926157,0.031397,0.058600,-0.037055,-0.351760,-0.055422,-0.015411,0.999995,-0.003070,-0.000483,-0.000136
113,0.019665,-0.065641,9.926683,0.039009,0.072258,-0.026374,-0.352904,-0.063635,-0.016480,0.999995,-0.003080,-0.000555,-0.000146
114,0.015193,-0.065129,9.928770,0.043554,0.067626,-0.015692,-0.356114,-0.068835,-0.017190,0.999995,-0.003108,-0.000600,-0.000152
115,0.010148,-0.067414,9.931817,0.035887,0.075246,-0.012641,-0.359896,-0.067717,-0.017671,0.999995,-0.003141,-0.000590,-0.000156
116,0.003060,-0.071068,9.928082,0.043461,0.073760,-0.030951,-0.366183,-0.059706,-0.018404,0.999995,-0.003196,-0.000521,-0.000162
117,0.003358,-0.075137,9.927976,0.046434,0.066192,-0.030951,-0.375471,-0.049095,-0.019440,0.999995,-0.003277,-0.000428,-0.000171
118,0.002276,-0.065387,9.926970,0.035707,0.057087,-0.038580,-0.380458,-0.040055,-0.020607,0.999994,-0.003320,-0.000349,-0.000181
120,0.004702,-0.068707,9.928226,0.029591,0.054067,-0.052313,-0.381016,-0.033732,-0.022133,0.999994,-0.003325,-0.000294,-0.000194
121,0.006084,-0.061603,9.925103,0.037227,0.049497,-0.058417,-0.379043,-0.030961,-0.023991,0.999994,-0.003308,-0.000269,-0.000210
122,0.009594,-0.052187,9.930328,0.035770,0.057110,-0.049262,-0.368353,-0.031559,-0.025802,0.999995,-0.003215,-0.000275,-0.000226
123,0.014751,-0.047754,9.934268,0.032831,0.063162,-0.037055,-0.351546,-0.036706,-0.027263,0.999995,-0.003068,-0.000320,-0.000239
124,0.017215,-0.056063,9.937826,0.051223,0.052402,-0.030951,-0.339029,-0.045425,-0.028417,0.999996,-0.002959,-0.000396,-0.000249
125,0.018228,-0.053815,9.940250,0.055839,0.059951,-0.023323,-0.332004,-0.054758,-0.029338,0.999996,-0.002897,-0.000477,-0.000257
127,0.017539,-0.053436,9.946262,0.058927,0.065984,-0.023323,-0.325229,-0.062373,-0.030133,0.999996,-0.002838,-0.000544,-0.000265
128,0.016763,-0.060708,9.940600,0.061978,0.052196,-0.037056,-0.323258,-0.067790,-0.031151,0.999996,-0.002821,-0.000591,-0.000274
129,0.009642,-0.061572,9.936376,0.057362,0.046079,-0.041634,-0.326442,-0.068181,-0.032466,0.999996,-0.002849,-0.000594,-0.000285
130,0.008118,-0.054045,9.934885,0.043618,0.050678,-0.053841,-0.326317,-0.063501,-0.034064,0.999996,-0.002848,-0.000553,-0.000299
131,0.005884,-0.057576,9.935334,0.031417,0.036979,-0.050789,-0.324235,-0.057381,-0.035817,0.999996,-0.002830,-0.000500,-0.000314
132,0.006766,-0.056310,9.931009,0.023783,0.027855,-0.035530,-0.323896,-0.051916,-0.037261,0.999996,-0.002827,-0.000452,-0.000326
134,0.006614,-0.054910,9.931847,0.013105,0.017195,-0.024848,-0.322685,-0.048228,-0.038272,0.999996,-0.002816,-0.000420,-0.000335
135,0.004654,-0.057413,9.928803,0.026837,0.020271,-0.030951,-0.322155,-0.044388,-0.039206,0.999996,-0.002811,-0.000386,-0.000343
136,0.003477,-0.057446,9.927336,0.016144,0.026405,-0.027900,-0.323090,-0.039427,-0.040189,0.999996,-0.002820,-0.000343,-0.000352
137,0.004562,-0.057082,9.926512,0.017660,0.035585,-0.040107,-0.323972,-0.034971,-0.041328,0.999996,-0.002827,-0.000304,-0.000362
138,0.005854,-0.057507,9.928825,0.016124,0.038647,-0.050788,-0.324715,-0.032433,-0.042849,0.999996,-0.002834,-0.000282,-0.000375
139,0.002350,-0.057675,9.930932,0.019166,0.044764,-0.053840,-0.325584,-0.029213,-0.044600,0.999996,-0.002841,-0.000254,-0.000390
141,0.006049,-0.058405,9.932929,0.008471,0.049350,-0.046211,-0.326896,-0.026444,-0.046275,0.999996,-0.002853,-0.000230,-0.000404
142,0.007588,-0.058251,9.934161,0.025243,0.044757,-0.040107,-0.328201,-0.026992,-0.047722,0.999996,-0.002864,-0.000234,-0.000417
143,0.009346,-0.059298,9.929496,0.017598,0.053883,-0.030952,-0.329597,-0.029412,-0.048914,0.999996,-0.002876,-0.000255,-0.000428
144,0.008142,-0.062846,9.924902,0.020618,0.063009,-0.026374,-0.333283,-0.031551,-0.049879,0.999996,-0.002909,-0.000274,-0.000436
145,0.013738,-0.059139,9.923911,0.028220,0.070596,-0.014166,-0.336259,-0.035319,-0.050565,0.999996,-0.002935,-0.000307,-0.000442
146,0.010393,-0.060825,9.924818,0.015997,0.069021,-0.032478,-0.337633,-0.039637,-0.051355,0.999996,-0.002947,-0.000345,-0.000449
147,0.009020,-0.063889,9.923233,0.029700,0.075100,-0.032478,-0.341099,-0.040644,-0.052449,0.999995,-0.002977,-0.000353,-0.000459
148,0.007460,-0.059235,9.927172,0.041886,0.065935,-0.037056,-0.342841,-0.039662,-0.053619,0.999995,-0.002992,-0.000345,-0.000469
149,0.004514,-0.065325,9.929663,0.037285,0.055260,-0.041634,-0.344717,-0.036623,-0.054941,0.999995,-0.003008,-0.000318,-0.000480
150,0.000142,-0.063992,9.932352,0.034194,0.062923,-0.055367,-0.348888,-0.030133,-0.056566,0.999995,-0.003045,-0.000261,-0.000494
151,0.000674,-0.061983,9.935128,0.037224,0.059912,-0.034003,-0.350721,-0.022407,-0.058066,0.999995,-0.003061,-0.000194,-0.000507
152,0.000285,-0.060011,9.935238,0.020435,0.044685,-0.038581,-0.350119,-0.016362,-0.059286,0.999995,-0.003055,-0.000141,-0.000518
153,0.000144,-0.064339,9.932593,0.020424,0.044709,-0.037055,-0.350938,-0.011553,-0.060556,0.999995,-0.003063,-0.000099,-0.000529
154,0.003733,-0.060917,9.929638,0.012781,0.043187,-0.027899,-0.352362,-0.009586,-0.061647,0.999995,-0.003075,-0.000082,-0.000538
155,0.005896,-0.059492,9.927866,-0.000947,0.035534,-0.020270,-0.351388,-0.011435,-0.062458,0.999995,-0.003066,-0.000098,-0.000545
156,0.006644,-0.058337,9.924623,0.011276,0.035500,-0.032477,-0.349050,-0.014965,-0.063345,0.999995,-0.003046,-0.000129,-0.000553
157,0.006118,-0.062082,9.923176,-0.003980,0.049202,-0.032478,-0.348451,-0.017894,-0.064436,0.999995,-0.003041,-0.000154,-0.000563
158,0.008187,-0.063214,9.922132,-0.003997,0.053746,-0.037056,-0.350965,-0.020744,-0.065605,0.999995,-0.003063,-0.000179,-0.000573
159,0.008414,-0.067133,9.926965,0.003597,0.058286,-0.037056,-0.355836,-0.024128,-0.066849,0.999995,-0.003105,-0.000209,-0.000584
160,0.009261,-0.073075,9.923861,0.014210,0.065878,-0.046211,-0.364940,-0.027307,-0.068246,0.999995,-0.003185,-0.000236,-0.000596
161,0.009810,-0.075528,9.921345,0.021749,0.068891,-0.044686,-0.376925,-0.030450,-0.069768,0.999994,-0.003289,-0.000264,-0.000610
162,0.011709,-0.077216,9.924396,0.026232,0.061216,-0.052317,-0.388964,-0.034387,-0.071392,0.999994,-0.003395,-0.000298,-0.000624
163,0.007280,-0.078805,9.925524,0.032247,0.053556,-0.055368,-0.400344,-0.036592,-0.073192,0.999994,-0.003494,-0.000317,-0.000640
164,0.004487,-0.073754,9.923052,0.029134,0.052032,-0.059946,-0.407702,-0.034566,-0.075121,0.999993,-0.003558,-0.000299,-0.000657
165,0.003392,-0.078620,9.929069,0.018405,0.052050,-0.052316,-0.413460,-0.030491,-0.077000,0.999993,-0.003608,-0.000264,-0.000673
166,0.001431,-0.078288,9.931805,0.010719,0.059704,-0.056893,-0.420686,-0.025229,-0.078830,0.999993,-0.003671,-0.000218,-0.000689
167,-0.002655,-0.082350,9.928123,0.009131,0.062798,-0.044686,-0.428853,-0.017445,-0.080534,0.999993,-0.003743,-0.000150,-0.000703
168,-0.000445,-0.070541,9.929584,0.015213,0.064365,-0.038582,-0.431447,-0.009784,-0.081937,0.999993,-0.003765,-0.000083,-0.000715
169,-0.000994,-0.072597,9.936568,0.015236,0.059810,-0.026375,-0.427761,-0.004466,-0.083036,0.999993,-0.003733,-0.000036,-0.000725
170,-0.001212,-0.068567,9.931011,0.036629,0.043043,-0.027900,-0.422769,-0.000286,-0.083953,0.999993,-0.003689,0.000000,-0.000733
171,-0.000888,-0.067503,9.932461,0.039724,0.033898,-0.018744,-0.415487,0.002537,-0.084740,0.999993,-0.003626,0.000025,-0.000739
172,0.001024,-0.060931,9.934772,0.042841,0.040000,-0.015692,-0.405176,0.003486,-0.085322,0.999994,-0.003536,0.000033,-0.000744
173,0.001502,-0.069072,9.934557,0.026103,0.049142,-0.017218,-0.397527,0.003081,-0.085881,0.999994,-0.003469,0.000029,-0.000749
174,0.004890,-0.066828,9.930034,0.036797,0.050639,-0.030952,-0.394759,0.000756,-0.086696,0.999994,-0.003445,0.000009,-0.000757
175,0.005483,-0.068663,9.932339,0.036804,0.061278,-0.030952,-0.392559,-0.003223,-0.087740,0.999994,-0.003426,-0.000026,-0.000766
176,0.005207,-0.072755,9.930535,0.038311,0.056661,-0.041634,-0.393922,-0.006693,-0.088964,0.999994,-0.003438,-0.000056,-0.000777
177,0.006331,-0.079113,9.933702,0.048934,0.056623,-0.043160,-0.400680,-0.010007,-0.090389,0.999994,-0.003497,-0.000085,-0.000789
178,0.005613,-0.076816,9.931274,0.048864,0.044381,-0.041634,-0.408661,-0.013118,-0.091812,0.999993,-0.003566,-0.000112,-0.000802
179,0.003969,-0.080794,9.932819,0.039641,0.051989,-0.032479,-0.416339,-0.014468,-0.093056,0.999993,-0.003633,-0.000123,-0.000813
180,0.007750,-0.083875,9.931328,0.028877,0.059592,-0.032479,-0.426648,-0.016285,-0.094149,0.999993,-0.003723,-0.000139,-0.000822
181,0.008491,-0.075953,9.930360,0.019668,0.073283,-0.024850,-0.433091,-0.019847,-0.095119,0.999992,-0.003780,-0.000170,-0.000831
182,0.009453,-0.067671,9.930359,0.010534,0.070186,-0.027903,-0.429738,-0.023641,-0.096017,0.999993,-0.003750,-0.000203,-0.000839
183,0.011164,-0.068580,9.928946,0.021266,0.077766,-0.035532,-0.422181,-0.028101,-0.097096,0.999993,-0.003684,-0.000242,-0.000848
184,0.012004,-0.064751,9.924976,0.019795,0.077711,-0.049266,-0.413944,-0.033035,-0.098532,0.999993,-0.003613,-0.000285,-0.000861
185,0.008140,-0.058508,9.929231,0.015300,0.066994,-0.053844,-0.401926,-0.035689,-0.100275,0.999993,-0.003508,-0.000308,-0.000876
186,0.008304,-0.057657,9.933812,0.027605,0.057820,-0.050792,-0.387853,-0.036017,-0.102042,0.999994,-0.003385,-0.000311,-0.000892
187,0.006103,-0.062823,9.933542,0.041402,0.056287,-0.050792,-0.378005,-0.035171,-0.103754,0.999994,-0.003299,-0.000304,-0.000906
188,0.004526,-0.066310,9.938342,0.047519,0.060871,-0.038585,-0.374576,-0.032321,-0.105257,0.999994,-0.003269,-0.000279,-0.000919
189,0.005420,-0.070944,9.939092,0.053597,0.065456,-0.030956,-0.376434,-0.029292,-0.106428,0.999994,-0.003285,-0.000253,-0.000930
190,0.009928,-0.066559,9.938079,0.068829,0.073067,-0.029430,-0.378214,-0.029453,-0.107448,0.999994,-0.003301,-0.000254,-0.000939
191,0.012986,-0.069422,9.936574,0.062706,0.068440,-0.026378,-0.378713,-0.033826,-0.108392,0.999994,-0.003305,-0.000292,-0.000947
192,0.013166,-0.071413,9.934292,0.053513,0.069908,-0.026378,-0.381838,-0.039550,-0.109283,0.999994,-0.003332,-0.000342,-0.000955
193,0.012529,-0.065628,9.931134,0.044337,0.066807,-0.035534,-0.382951,-0.044139,-0.110328,0.999994,-0.003342,-0.000382,-0.000964
194,0.010975,-0.055484,9.937712,0.029123,0.057616,-0.040112,-0.375650,-0.046828,-0.111608,0.999994,-0.003279,-0.000405,-0.000975
196,0.006720,-0.060910,9.938851,0.007818,0.053031,-0.041638,-0.367005,-0.046005,-0.112989,0.999994,-0.003203,-0.000398,-0.000987
197,-0.000687,-0.059676,9.935822,0.009375,0.063752,-0.053845,-0.362372,-0.038747,-0.114596,0.999994,-0.003163,-0.000335,-0.001001
198,-0.000434,-0.052567,9.936294,0.010956,0.057708,-0.053844,-0.354503,-0.028373,-0.116408,0.999995,-0.003094,-0.000244,-0.001017
199,-0.002375,-0.049587,9.934926,0.007990,0.050134,-0.049267,-0.342472,-0.018948,-0.118143,0.999995,-0.002989,-0.000162,-0.001031
200,-0.001309,-0.060315,9.929545,0.023291,0.053232,-0.046215,-0.336178,-0.010949,-0.119746,0.999995,-0.002934,-0.000092,-0.001045
201,-0.005124,-0.058201,9.925977,0.030917,0.067010,-0.044688,-0.335763,-0.002810,-0.121272,0.999995,-0.002930,-0.000021,-0.001058
202,-0.001674,-0.062283,9.931953,0.027850,0.063994,-0.037058,-0.336919,0.004223,-0.122648,0.999995,-0.002940,0.000040,-0.001070
203,-0.002551,-0.065462,9.929294,0.021703,0.065535,-0.034006,-0.341992,0.008480,-0.123845,0.999995,-0.002984,0.000077,-0.001081
204,0.003217,-0.071947,9.934835,0.023154,0.070101,-0.046214,-0.351672,0.009217,-0.125197,0.999995,-0.003069,0.000084,-0.001092
205,0.000548,-0.068977,9.934057,0.029178,0.063972,-0.038585,-0.361716,0.007830,-0.126625,0.999994,-0.003156,0.000072,-0.001105
206,0.002081,-0.064775,9.931665,0.029139,0.053268,-0.040111,-0.366072,0.006823,-0.127950,0.999994,-0.003195,0.000063,-0.001116
207,0.000426,-0.063778,9.928982,0.033707,0.045620,-0.041637,-0.366301,0.005793,-0.129323,0.999994,-0.003197,0.000054,-0.001128
208,0.000830,-0.061767,9.932360,0.048973,0.047133,-0.035533,-0.364186,0.005510,-0.130619,0.999994,-0.003178,0.000052,-0.001140
209,-0.000870,-0.064507,9.928117,0.038292,0.047125,-0.020274,-0.362556,0.006060,-0.131559,0.999994,-0.003164,0.000057,-0.001148
210,0.002963,-0.060504,9.924321,0.029140,0.048635,-0.030955,-0.360958,0.005482,-0.132423,0.999994,-0.003150,0.000051,-0.001155
211,0.005096,-0.068833,9.925944,0.044383,0.059278,-0.027903,-0.361851,0.001952,-0.133415,0.999994,-0.003158,0.000021,-0.001164
212,0.008572,-0.070732,9.927819,0.033647,0.060746,-0.035534,-0.368133,-0.003967,-0.134485,0.999994,-0.003213,-0.000031,-0.001174
213,0.012508,-0.070301,9.928854,0.024436,0.062192,-0.052319,-0.374855,-0.012894,-0.135961,0.999994,-0.003271,-0.000109,-0.001187
214,0.011566,-0.065297,9.931116,0.022884,0.063637,-0.055372,-0.377677,-0.021996,-0.137769,0.999994,-0.003296,-0.000188,-0.001203
215,0.011704,-0.066344,9.930880,0.027456,0.069674,-0.047742,-0.377474,-0.028893,-0.139502,0.999994,-0.003294,-0.000248,-0.001218
216,0.011059,-0.063213,9.930981,0.013728,0.065043,-0.047742,-0.376082,-0.034032,-0.141108,0.999994,-0.003282,-0.000293,-0.001232
217,0.010168,-0.059736,9.931198,0.024440,0.069581,-0.049269,-0.371390,-0.037256,-0.142742,0.999994,-0.003241,-0.000321,-0.001247
218,0.008099,-0.058835,9.932485,0.024482,0.074136,-0.040114,-0.364757,-0.037996,-0.144251,0.999994,-0.003184,-0.000328,-0.001260
219,0.007758,-0.059891,9.932240,0.039775,0.069548,-0.049269,-0.358985,-0.037097,-0.145760,0.999994,-0.003133,-0.000320,-0.001273
220,0.006463,-0.059635,9.938844,0.052005,0.064966,-0.055373,-0.354294,-0.035500,-0.147520,0.999994,-0.003092,-0.000306,-0.001288
221,0.004707,-0.061654,9.937853,0.047437,0.054289,-0.058425,-0.351349,-0.032773,-0.149429,0.999994,-0.003066,-0.000282,-0.001305
222,0.005988,-0.061264,9.940165,0.052012,0.052767,-0.050796,-0.349959,-0.030392,-0.151260,0.999994,-0.003054,-0.000261,-0.001321
223,0.004813,-0.069911,9.938596,0.056554,0.045139,-0.052321,-0.353177,-0.028688,-0.152986,0.999994,-0.003082,-0.000246,-0.001336
224,0.003022,-0.065326,9.933491,0.053450,0.043622,-0.053847,-0.358372,-0.025946,-0.154761,0.999994,-0.003128,-0.000222,-0.001351
225,0.002801,-0.066380,9.933249,0.039685,0.046688,-0.049270,-0.361230,-0.022522,-0.156487,0.999994,-0.003153,-0.000192,-0.001366
226,0.005734,-0.061438,9.932809,0.044250,0.058895,-0.055373,-0.361450,-0.020843,-0.158242,0.999994,-0.003154,-0.000178,-0.001381
227,0.002566,-0.061186,9.927689,0.038157,0.061944,-0.053847,-0.358685,-0.019255,-0.160075,0.999994,-0.003130,-0.000164,-0.001397
228,0.005410,-0.050076,9.927355,0.030580,0.066518,-0.056899,-0.350389,-0.017669,-0.161937,0.999994,-0.003058,-0.000150,-0.001414
229,0.008859,-0.056007,9.935264,0.027593,0.063435,-0.052321,-0.340520,-0.019675,-0.163773,0.999995,-0.002972,-0.000167,-0.001430
230,0.007840,-0.057905,9.932960,0.032193,0.064922,-0.053847,-0.336413,-0.022951,-0.165557,0.999995,-0.002936,-0.000196,-0.001445
231,0.007005,-0.060812,9.935602,0.036766,0.066420,-0.035536,-0.335974,-0.024712,-0.167059,0.999995,-0.002932,-0.000211,-0.001458
232,0.010992,-0.062371,9.934956,0.036741,0.064856,-0.026382,-0.338231,-0.027675,-0.168103,0.999995,-0.002952,-0.000237,-0.001468
233,0.008019,-0.065097,9.935992,0.032122,0.064818,-0.024856,-0.342662,-0.030766,-0.168967,0.999994,-0.002991,-0.000264,-0.001475
234,0.007814,-0.066968,9.935390,0.036647,0.073951,-0.020278,-0.348910,-0.031470,-0.169729,0.999994,-0.003045,-0.000270,-0.001482
235,0.008057,-0.067080,9.935274,0.044221,0.069353,-0.027908,-0.355029,-0.031771,-0.170542,0.999994,-0.003099,-0.000273,-0.001489
236,0.006103,-0.066290,9.937045,0.044178,0.055608,-0.034011,-0.359523,-0.031383,-0.171583,0.999994,-0.003138,-0.000269,-0.001498
237,0.003217,-0.065646,9.936991,0.053303,0.047985,-0.032485,-0.362130,-0.028800,-0.172700,0.999994,-0.003161,-0.000247,-0.001508
238,0.001921,-0.065913,9.935642,0.063960,0.048006,-0.034011,-0.363562,-0.024406,-0.173817,0.999994,-0.003173,-0.000208,-0.001518
239,0.000475,-0.063279,9.933561,0.071577,0.057187,-0.040115,-0.363079,-0.019050,-0.175062,0.999994,-0.003169,-0.000161,-0.001528
240,0.006259,-0.055613,9.932203,0.060923,0.052612,-0.030958,-0.357126,-0.016805,-0.176260,0.999994,-0.003117,-0.000142,-0.001539
241,0.008019,-0.057586,9.928383,0.064019,0.063263,-0.029434,-0.348895,-0.019145,-0.177280,0.999994,-0.003045,-0.000162,-0.001548
242,0.008237,-0.056184,9.928504,0.053372,0.063225,-0.043167,-0.342403,-0.022348,-0.178505,0.999994,-0.002988,-0.000190,-0.001558
243,0.010257,-0.056714,9.930350,0.057975,0.057077,-0.038589,-0.336893,-0.026330,-0.179881,0.999994,-0.002940,-0.000225,-0.001570
244,0.010957,-0.056576,9.931567,0.053414,0.046347,-0.038589,-0.332682,-0.031370,-0.181179,0.999995,-0.002904,-0.000269,-0.001582
245,0.004122,-0.057397,9.932530,0.067156,0.052431,-0.044693,-0.329562,-0.032417,-0.182578,0.999995,-0.002876,-0.000278,-0.001594
246,0.006882,-0.058733,9.933668,0.065625,0.044802,-0.041642,-0.328046,-0.030776,-0.184026,0.999995,-0.002863,-0.000264,-0.001607
247,0.008218,-0.061605,9.935386,0.065601,0.053941,-0.034012,-0.329196,-0.031327,-0.185294,0.999995,-0.002873,-0.000269,-0.001618
248,0.009035,-0.064645,9.931430,0.060976,0.049338,-0.027908,-0.333590,-0.033041,-0.186332,0.999994,-0.002912,-0.000284,-0.001627
249,0.006477,-0.069124,9.930309,0.053273,0.041692,-0.017227,-0.341675,-0.033832,-0.187087,0.999994,-0.002982,-0.000290,-0.001634
250,0.007917,-0.076439,9.929026,0.042482,0.050836,-0.015701,-0.355172,-0.033776,-0.187637,0.999994,-0.003100,-0.000290,-0.001638
251,0.003206,-0.075701,9.930866,0.042361,0.050839,-0.024857,-0.370347,-0.031772,-0.188313,0.999993,-0.003232,-0.000272,-0.001644
252,0.004246,-0.078958,9.928362,0.046828,0.043225,-0.017226,-0.384157,-0.028142,-0.189017,0.999993,-0.003353,-0.000240,-0.001650
253,0.002707,-0.073967,9.930492,0.036060,0.052393,-0.024856,-0.394500,-0.024739,-0.189723,0.999993,-0.003443,-0.000210,-0.001656
254,0.004520,-0.067639,9.931596,0.043664,0.050874,-0.030959,-0.396683,-0.021998,-0.190663,0.999993,-0.003462,-0.000186,-0.001665
255,0.004007,-0.061908,9.936756,0.039116,0.029510,-0.038589,-0.391268,-0.020891,-0.191833,0.999993,-0.003415,-0.000177,-0.001675
256,0.005456,-0.062926,9.937026,0.026954,0.035606,-0.047744,-0.383917,-0.020885,-0.193282,0.999993,-0.003351,-0.000177,-0.001687
257,0.003164,-0.058625,9.942277,0.019374,0.038653,-0.063004,-0.376313,-0.020385,-0.195138,0.999993,-0.003284,-0.000172,-0.001703
258,0.005520,-0.062204,9.940279,0.022469,0.040173,-0.061478,-0.369762,-0.019890,-0.197224,0.999993,-0.003227,-0.000168,-0.001722
259,0.008543,-0.060773,9.936956,0.022494,0.044724,-0.056900,-0.365609,-0.022228,-0.199207,0.999993,-0.003191,-0.000188,-0.001739
260,0.006070,-0.066681,9.931260,0.031649,0.059955,-0.043168,-0.364681,-0.024358,-0.200886,0.999993,-0.003183,-0.000207,-0.001754
261,0.009320,-0.069978,9.933616,0.046869,0.053822,-0.032486,-0.368690,-0.026337,-0.202157,0.999993,-0.003218,-0.000224,-0.001765
262,0.010139,-0.069898,9.926400,0.074287,0.056833,-0.029434,-0.373426,-0.030145,-0.203198,0.999993,-0.003259,-0.000257,-0.001774
263,0.003159,-0.068051,9.926510,0.069672,0.062924,-0.041642,-0.375987,-0.030015,-0.204393,0.999993,-0.003282,-0.000256,-0.001785
264,0.000480,-0.074266,9.927198,0.054366,0.053794,-0.049271,-0.380518,-0.024490,-0.205917,0.999993,-0.003321,-0.000208,-0.001798
265,0.006544,-0.070775,9.927180,0.046683,0.061433,-0.055375,-0.386222,-0.021301,-0.207671,0.999993,-0.003371,-0.000180,-0.001813
266,0.000970,-0.064031,9.924654,0.045149,0.062961,-0.049272,-0.385735,-0.019018,-0.209428,0.999993,-0.003366,-0.000160,-0.001828
267,0.003943,-0.065465,9.927844,0.026854,0.062969,-0.044694,-0.382288,-0.015833,-0.211009,0.999993,-0.003336,-0.000132,-0.001842
268,0.008391,-0.068624,9.930101,0.025323,0.053789,-0.030960,-0.381944,-0.017224,-0.212283,0.999993,-0.003333,-0.000144,-0.001853
269,0.009559,-0.066622,9.930239,0.028365,0.069002,-0.023331,-0.382525,-0.021647,-0.213201,0.999993,-0.003339,-0.000183,-0.001861
270,0.010073,-0.064951,9.934704,0.035999,0.058270,-0.027910,-0.380948,-0.026349,-0.214069,0.999993,-0.003325,-0.000224,-0.001869
271,0.010272,-0.066891,9.939532,0.034475,0.056698,-0.035539,-0.379470,-0.030793,-0.215140,0.999993,-0.003312,-0.000263,-0.001878
272,0.009473,-0.067790,9.946148,0.031412,0.061238,-0.043169,-0.379808,-0.034028,-0.216464,0.999993,-0.003315,-0.000291,-0.001890
273,0.010164,-0.072793,9.944605,0.034431,0.055102,-0.044695,-0.383349,-0.036527,-0.217938,0.999993,-0.003346,-0.000312,-0.001903
274,0.009034,-0.067935,9.943368,0.042029,0.050498,-0.050799,-0.386445,-0.038450,-0.219539,0.999992,-0.003373,-0.000329,-0.001917
275,0.005139,-0.070119,9.941254,0.034382,0.050494,-0.044695,-0.387533,-0.037391,-0.221140,0.999992,-0.003382,-0.000320,-0.001931
276,0.005405,-0.065620,9.934861,0.026747,0.050504,-0.041644,-0.387299,-0.034338,-0.222590,0.999992,-0.003380,-0.000293,-0.001943
277,0.001344,-0.068308,9.927924,0.029800,0.052051,-0.030961,-0.386156,-0.029630,-0.223812,0.999992,-0.003370,-0.000252,-0.001954
278,0.002807,-0.063609,9.929989,0.034386,0.065811,-0.034013,-0.383965,-0.024005,-0.224908,0.999992,-0.003351,-0.000203,-0.001963
279,0.005331,-0.071253,9.928726,0.034381,0.067342,-0.024858,-0.383558,-0.021180,-0.225904,0.999992,-0.003348,-0.000178,-0.001972
280,0.005552,-0.072511,9.931264,0.022132,0.064278,-0.026384,-0.388297,-0.020606,-0.226771,0.999992,-0.003389,-0.000173,-0.001980
281,0.007924,-0.079563,9.931684,0.025112,0.067306,-0.026384,-0.397176,-0.021715,-0.227661,0.999992,-0.003466,-0.000183,-0.001987
282,0.004790,-0.071810,9.933659,0.017425,0.047448,-0.024859,-0.404506,-0.022652,-0.228525,0.999992,-0.003530,-0.000191,-0.001995
283,0.002824,-0.070551,9.935790,0.023516,0.033715,-0.014176,-0.405595,-0.021262,-0.229185,0.999992,-0.003540,-0.000178,-0.002001
284,-0.002683,-0.066668,9.939899,0.025055,0.026114,-0.017228,-0.403045,-0.016318,-0.229716,0.999992,-0.003518,-0.000135,-0.002005
285,-0.001445,-0.068167,9.938600,0.044913,0.030732,-0.021806,-0.399002,-0.009749,-0.230373,0.999992,-0.003482,-0.000078,-0.002011
286,-0.003734,-0.066125,9.937348,0.041879,0.027717,-0.017228,-0.395006,-0.003653,-0.231031,0.999992,-0.003447,-0.000025,-0.002016
287,-0.002474,-0.070870,9.937743,0.044934,0.049113,-0.020280,-0.393177,0.002132,-0.231665,0.999992,-0.003431,0.000026,-0.002022
288,-0.003318,-0.071461,9.938693,0.043385,0.062870,-0.029434,-0.394672,0.007193,-0.232506,0.999992,-0.003444,0.000070,-0.002029
289,0.002696,-0.076905,9.942791,0.031134,0.065919,-0.024858,-0.399597,0.008808,-0.233427,0.999992,-0.003487,0.000084,-0.002037
290,0.003907,-0.069432,9.942917,0.029576,0.061304,-0.009598,-0.403075,0.005970,-0.234016,0.999992,-0.003517,0.000059,-0.002042
291,0.004260,-0.064045,9.946527,0.031124,0.065841,-0.012650,-0.398978,0.002418,-0.234401,0.999992,-0.003482,0.000028,-0.002045
292,0.007243,-0.069243,9.944182,0.043353,0.056635,-0.006547,-0.394604,-0.002386,-0.234736,0.999992,-0.003444,-0.000014,-0.002049
293,0.008359,-0.068317,9.940585,0.044881,0.051998,-0.008073,-0.393053,-0.008822,-0.234992,0.999992,-0.003430,-0.000070,-0.002051
294,0.005518,-0.068388,9.938124,0.064718,0.050427,-0.014177,-0.391261,-0.013423,-0.235375,0.999992,-0.003415,-0.000110,-0.002054
295,0.004299,-0.070542,9.933165,0.070809,0.048878,-0.018755,-0.390546,-0.014921,-0.235935,0.999992,-0.003408,-0.000123,-0.002059
296,0.004389,-0.077058,9.933301,0.072289,0.039707,-0.018755,-0.394536,-0.015445,-0.236568,0.999992,-0.003443,-0.000128,-0.002065
297,0.003604,-0.063341,9.932775,0.052435,0.036645,-0.034014,-0.394726,-0.015621,-0.237456,0.999992,-0.003445,-0.000129,-0.002073
299,0.001521,-0.060700,9.933333,0.044854,0.029017,-0.034014,-0.386341,-0.014396,-0.238599,0.999992,-0.003372,-0.000119,-0.002083
300,0.003193,-0.056967,9.929981,0.043396,0.044278,-0.027910,-0.375496,-0.012923,-0.239641,0.999992,-0.003277,-0.000106,-0.002092
301,-0.002705,-0.058221,9.933011,0.043461,0.047346,-0.027910,-0.365128,-0.009156,-0.240584,0.999993,-0.003186,-0.000073,-0.002100
302,-0.000547,-0.058297,9.933050,0.048085,0.053476,-0.027910,-0.357320,-0.003738,-0.241525,0.999993,-0.003118,-0.000026,-0.002108
303,0.000542,-0.069436,9.935022,0.060284,0.058063,-0.029436,-0.356820,-0.000701,-0.242492,0.999993,-0.003114,0.000000,-0.002116
304,0.001738,-0.074905,9.932164,0.069360,0.068739,-0.020281,-0.365512,0.000609,-0.243334,0.999993,-0.003190,0.000012,-0.002123
305,0.000097,-0.070733,9.933812,0.060127,0.058050,-0.029436,-0.374146,0.001755,-0.244176,0.999992,-0.003265,0.000022,-0.002131
306,0.006813,-0.073960,9.936833,0.060063,0.054970,-0.038592,-0.380828,-0.000238,-0.245322,0.999992,-0.003323,0.000005,-0.002141
307,0.003248,-0.068319,9.937479,0.047812,0.059508,-0.034015,-0.385022,-0.003795,-0.246545,0.999992,-0.003360,-0.000026,-0.002152
308,0.004830,-0.061422,9.937372,0.053928,0.061006,-0.023334,-0.381693,-0.005692,-0.247514,0.999992,-0.003331,-0.000042,-0.002160
309,0.004127,-0.050806,9.942638,0.050955,0.060978,-0.030963,-0.368963,-0.007528,-0.248434,0.999992,-0.003220,-0.000059,-0.002168
310,0.008843,-0.055822,9.944784,0.041891,0.059411,-0.040119,-0.354923,-0.011168,-0.249634,0.999993,-0.003097,-0.000091,-0.002179
311,0.007640,-0.052723,9.941984,0.037379,0.059360,-0.032490,-0.344579,-0.016188,-0.250859,0.999993,-0.003007,-0.000135,-0.002190
312,0.011125,-0.060118,9.940255,0.026731,0.056254,-0.032490,-0.339005,-0.021674,-0.251955,0.999993,-0.002959,-0.000183,-0.002199
313,0.006354,-0.061607,9.940052,0.025192,0.050108,-0.040120,-0.339793,-0.025673,-0.253175,0.999993,-0.002966,-0.000217,-0.002210
314,0.004234,-0.069354,9.936656,0.017512,0.048573,-0.050802,-0.346066,-0.025292,-0.254698,0.999993,-0.003020,-0.000214,-0.002223
315,-0.001153,-0.066224,9.932936,0.029656,0.057751,-0.040120,-0.354082,-0.020486,-0.256220,0.999993,-0.003090,-0.000172,-0.002236
316,-0.002952,-0.060996,9.936266,0.023530,0.057797,-0.040120,-0.356271,-0.012202,-0.257568,0.999993,-0.003109,-0.000099,-0.002248
317,-0.004835,-0.061049,9.933822,0.041845,0.045642,-0.044697,-0.354584,-0.003374,-0.258993,0.999993,-0.003094,-0.000022,-0.002260
318,0.000895,-0.059773,9.934284,0.044906,0.053297,-0.040119,-0.351854,0.001777,-0.260416,0.999993,-0.003070,0.000022,-0.002272
319,0.004519,-0.060759,9.933268,0.047966,0.045648,-0.023334,-0.349275,0.000704,-0.261484,0.999993,-0.003048,0.000013,-0.002282
320,0.004315,-0.065288,9.935323,0.029637,0.036456,-0.030964,-0.350350,-0.002831,-0.262397,0.999993,-0.003057,-0.000018,-0.002290
321,0.008752,-0.071854,9.933249,0.029576,0.039459,-0.029438,-0.357734,-0.008286,-0.263411,0.999992,-0.003122,-0.000065,-0.002299
322,0.012188,-0.068186,9.932459,0.026458,0.051593,-0.029438,-0.365939,-0.016827,-0.264400,0.999992,-0.003194,-0.000139,-0.002308
323,0.007790,-0.069443,9.931056,0.012678,0.037800,-0.027913,-0.371730,-0.023606,-0.265363,0.999992,-0.003244,-0.000198,-0.002316
324,0.009956,-0.069638,9.930614,0.023317,0.046914,-0.035543,-0.377064,-0.027880,-0.266427,0.999992,-0.003291,-0.000236,-0.002326
325,0.008956,-0.066169,9.930106,0.041604,0.046875,-0.026388,-0.379169,-0.031606,-0.267468,0.999992,-0.003309,-0.000268,-0.002335
326,0.008040,-0.060716,9.930078,0.049250,0.046850,-0.030966,-0.375442,-0.033587,-0.268435,0.999992,-0.003277,-0.000285,-0.002343
327,0.006222,-0.055017,9.934250,0.047783,0.051416,-0.032492,-0.365851,-0.033521,-0.269508,0.999992,-0.003193,-0.000285,-0.002353
328,0.004845,-0.059812,9.934718,0.050886,0.054471,-0.035544,-0.356961,-0.031463,-0.270657,0.999992,-0.003116,-0.000267,-0.002363
329,0.003585,-0.060905,9.931684,0.047853,0.051430,-0.032493,-0.352884,-0.028205,-0.271804,0.999992,-0.003080,-0.000239,-0.002373
330,0.005496,-0.066821,9.929563,0.046309,0.060590,-0.034018,-0.353796,-0.025678,-0.272922,0.999992,-0.003088,-0.000217,-0.002382
331,0.002844,-0.073511,9.928806,0.029454,0.062120,-0.034018,-0.361983,-0.023112,-0.274065,0.999992,-0.003159,-0.000194,-0.002392
332,0.001282,-0.077182,9.924207,0.033929,0.054507,-0.035543,-0.375043,-0.018886,-0.275231,0.999992,-0.003273,-0.000157,-0.002402
333,0.005826,-0.069056,9.925356,0.030806,0.063663,-0.043174,-0.383790,-0.016837,-0.276552,0.999991,-0.003350,-0.000139,-0.002414
334,0.003332,-0.073159,9.927851,0.033817,0.060600,-0.040122,-0.388396,-0.016346,-0.277953,0.999991,-0.003390,-0.000134,-0.002426
335,0.000168,-0.069612,9.927665,0.039886,0.057557,-0.038595,-0.391913,-0.013196,-0.279277,0.999991,-0.003420,-0.000107,-0.002438
336,-0.000288,-0.068532,9.933438,0.052082,0.051473,-0.038595,-0.391913,-0.008616,-0.280575,0.999991,-0.003420,-0.000067,-0.002449
337,-0.000925,-0.068987,9.936562,0.061232,0.062174,-0.046225,-0.390871,-0.004091,-0.282002,0.999991,-0.003411,-0.000027,-0.002461
338,-0.007038,-0.075635,9.934658,0.064250,0.062213,-0.037069,-0.393473,0.003347,-0.283404,0.999991,-0.003434,0.000038,-0.002473
339,-0.008129,-0.069232,9.937636,0.039801,0.069901,-0.046224,-0.396415,0.013624,-0.284807,0.999991,-0.003459,0.000127,-0.002485
340,-0.006314,-0.065217,9.940914,0.041336,0.065368,-0.052327,-0.393702,0.021944,-0.286465,0.999991,-0.003435,0.000200,-0.002499
341,-0.004948,-0.061748,9.934062,0.042901,0.069965,-0.055379,-0.386972,0.026878,-0.288273,0.999991,-0.003376,0.000243,-0.002515
342,-0.002226,-0.065554,9.931830,0.049036,0.060805,-0.043172,-0.381190,0.028364,-0.289928,0.999991,-0.003326,0.000256,-0.002529
343,0.003735,-0.064500,9.933141,0.049048,0.050081,-0.041646,-0.377910,0.024341,-0.291354,0.999991,-0.003297,0.000221,-0.002542
344,0.005238,-0.065314,9.929314,0.058210,0.045433,-0.035543,-0.375190,0.016348,-0.292651,0.999991,-0.003274,0.000151,-0.002553
345,0.006627,-0.064916,9.932471,0.046004,0.057568,-0.017232,-0.373292,0.008054,-0.293542,0.999991,-0.003257,0.000079,-0.002561
346,0.003234,-0.062997,9.933128,0.035329,0.055987,-0.021810,-0.370961,0.002492,-0.294205,0.999992,-0.003237,0.000030,-0.002567
347,0.000803,-0.061407,9.933925,0.021615,0.046810,-0.026388,-0.367564,0.001099,-0.295019,0.999992,-0.003208,0.000018,-0.002574
348,-0.000441,-0.059327,9.935102,0.024693,0.054435,-0.032492,-0.362922,0.002259,-0.296011,0.999992,-0.003167,0.000028,-0.002583
349,-0.000096,-0.062434,9.939213,0.039972,0.059013,-0.035544,-0.359237,0.004119,-0.297157,0.999992,-0.003135,0.000044,-0.002593
350,0.000481,-0.065361,9.935253,0.044539,0.042222,-0.049277,-0.359173,0.005009,-0.298581,0.999992,-0.003134,0.000052,-0.002605
351,0.006175,-0.068867,9.934521,0.039925,0.042191,-0.044700,-0.362870,0.002051,-0.300157,0.999992,-0.003167,0.000026,-0.002619
352,0.007065,-0.065580,9.936096,0.027682,0.048239,-0.044700,-0.366628,-0.004098,-0.301656,0.999991,-0.003200,-0.000027,-0.002633
353,0.006065,-0.068296,9.933192,0.036809,0.045138,-0.040123,-0.369457,-0.009304,-0.303079,0.999991,-0.003224,-0.000073,-0.002645
354,0.002514,-0.062431,9.932632,0.023064,0.031380,-0.037071,-0.370107,-0.011345,-0.304374,0.999991,-0.003230,-0.000090,-0.002656
355,0.000767,-0.061797,9.928381,0.020027,0.028329,-0.027915,-0.367296,-0.010199,-0.305464,0.999991,-0.003205,-0.000080,-0.002666
356,-0.002051,-0.064885,9.927252,0.033765,0.032926,-0.020285,-0.365822,-0.006529,-0.306274,0.999991,-0.003193,-0.000048,-0.002673
357,-0.000570,-0.066265,9.925595,0.045957,0.042104,-0.017233,-0.366682,-0.002362,-0.306907,0.999991,-0.003200,-0.000012,-0.002678
358,-0.000267,-0.064151,9.927524,0.039840,0.049742,-0.011129,-0.367108,0.000423,-0.307389,0.999991,-0.003204,0.000012,-0.002682
359,-0.000228,-0.064979,9.925598,0.045936,0.058901,-0.012655,-0.366735,0.002671,-0.307797,0.999991,-0.003200,0.000032,-0.002686
360,0.001775,-0.065964,9.929011,0.047447,0.080256,-0.014181,-0.367185,0.003885,-0.308259,0.999991,-0.003204,0.000043,-0.002690
361,0.001057,-0.067596,9.930569,0.045896,0.071085,-0.008077,-0.368996,0.004306,-0.308647,0.999991,-0.003220,0.000046,-0.002693
362,0.000140,-0.070639,9.930679,0.055011,0.068024,-0.009603,-0.372939,0.005239,-0.308957,0.999991,-0.003254,0.000054,-0.002696
363,0.005852,-0.067274,9.930293,0.067182,0.060364,-0.009604,-0.375831,0.003333,-0.309291,0.999991,-0.003280,0.000038,-0.002699
364,0.008377,-0.068964,9.931427,0.061054,0.063356,-0.009604,-0.377108,-0.002918,-0.309625,0.999991,-0.003291,-0.000017,-0.002702
365,0.005864,-0.073174,9.935368,0.056432,0.061775,-0.005027,-0.381281,-0.008402,-0.309882,0.999991,-0.003327,-0.000064,-0.002704
366,0.005631,-0.067920,9.938124,0.067076,0.061738,-0.014182,-0.384279,-0.011384,-0.310215,0.999991,-0.003354,-0.000090,-0.002707
367,0.005886,-0.070928,9.940063,0.045691,0.060181,-0.017235,-0.385593,-0.013627,-0.310751,0.999991,-0.003365,-0.000110,-0.002712
368,0.000772,-0.073818,9.940098,0.028863,0.064750,-0.024865,-0.390258,-0.012775,-0.311466,0.999991,-0.003406,-0.000102,-0.002718
369,0.001693,-0.078812,9.939281,0.042527,0.063232,-0.015709,-0.398596,-0.009529,-0.312155,0.999990,-0.003479,-0.000074,-0.002724
370,0.001009,-0.068728,9.935150,0.042485,0.047977,-0.034020,-0.402844,-0.007065,-0.312995,0.999990,-0.003516,-0.000052,-0.002732
371,0.000546,-0.064584,9.929830,0.033351,0.058664,-0.027917,-0.398606,-0.004596,-0.314040,0.999990,-0.003479,-0.000031,-0.002741
372,0.000854,-0.058890,9.927773,0.021204,0.060192,-0.021813,-0.389544,-0.002292,-0.314883,0.999990,-0.003399,-0.000011,-0.002748
373,0.002538,-0.056780,9.925269,0.006024,0.064762,-0.026391,-0.378043,-0.001379,-0.315701,0.999991,-0.003299,-0.000003,-0.002755
374,0.003641,-0.052551,9.927811,-0.001514,0.058636,-0.038598,-0.365453,-0.002262,-0.316799,0.999991,-0.003189,-0.000011,-0.002765
375,0.007949,-0.060732,9.928027,-0.010611,0.061646,-0.037072,-0.357430,-0.006063,-0.318074,0.999991,-0.003119,-0.000044,-0.002776
376,0.012482,-0.062716,9.931608,0.001605,0.060047,-0.046229,-0.356609,-0.014086,-0.319475,0.999991,-0.003112,-0.000114,-0.002788
377,0.013245,-0.065959,9.931750,0.038208,0.058436,-0.058436,-0.358537,-0.023880,-0.321231,0.999991,-0.003129,-0.000200,-0.002804
378,0.012342,-0.065828,9.936193,0.042755,0.044630,-0.055385,-0.361306,-0.032222,-0.323137,0.999991,-0.003154,-0.000272,-0.002821
379,0.010874,-0.061334,9.933746,0.050376,0.046104,-0.046230,-0.360990,-0.037850,-0.324839,0.999991,-0.003151,-0.000321,-0.002836
380,0.006308,-0.059681,9.932816,0.048866,0.041507,-0.052334,-0.357109,-0.039062,-0.326493,0.999991,-0.003117,-0.000332,-0.002850
381,0.001151,-0.065269,9.930083,0.041236,0.035425,-0.046230,-0.355858,-0.034684,-0.328143,0.999991,-0.003106,-0.000294,-0.002865
382,0.000022,-0.067060,9.926933,0.027468,0.033944,-0.027919,-0.359358,-0.027396,-0.329384,0.999991,-0.003137,-0.000230,-0.002875
383,-0.003472,-0.076076,9.928698,0.028920,0.040102,-0.027918,-0.368577,-0.018652,-0.330318,0.999991,-0.003217,-0.000153,-0.002883
384,0.002323,-0.079455,9.929172,0.033385,0.038611,-0.023340,-0.383081,-0.012517,-0.331176,0.999990,-0.003343,-0.000100,-0.002890
385,0.001001,-0.081096,9.931080,0.043950,0.050827,-0.009606,-0.397805,-0.009931,-0.331731,0.999990,-0.003472,-0.000077,-0.002895
386,0.000246,-0.079358,9.931906,0.045380,0.056941,-0.015710,-0.409586,-0.006740,-0.332163,0.999989,-0.003574,-0.000048,-0.002899
387,0.001202,-0.072575,9.933836,0.030074,0.063050,-0.015710,-0.414653,-0.003981,-0.332701,0.999989,-0.003619,-0.000024,-0.002903
388,0.004969,-0.063109,9.929184,0.025524,0.070663,-0.018762,-0.409923,-0.004038,-0.333291,0.999989,-0.003577,-0.000025,-0.002909
389,0.000380,-0.057631,9.926075,0.011876,0.066070,-0.034022,-0.397588,-0.003859,-0.334188,0.999990,-0.003470,-0.000024,-0.002916
390,0.001568,-0.051940,9.921143,0.007414,0.056912,-0.035548,-0.381235,-0.002125,-0.335363,0.999990,-0.003327,-0.000009,-0.002927
391,0.002655,-0.051577,9.920197,-0.009249,0.044693,-0.026392,-0.364676,-0.002125,-0.336408,0.999991,-0.003182,-0.000009,-0.002936
392,0.000471,-0.057559,9.919569,0.010665,0.038580,-0.037074,-0.354059,-0.002010,-0.337475,0.999991,-0.003090,-0.000008,-0.002945
393,-0.002352,-0.060067,9.918198,0.007639,0.037064,-0.041652,-0.350153,0.000618,-0.338795,0.999991,-0.003056,0.000014,-0.002957
394,-0.000743,-0.065494,9.920046,0.019832,0.043180,-0.032495,-0.351625,0.003714,-0.340039,0.999991,-0.003068,0.000042,-0.002967
395,-0.001015,-0.072130,9.920538,0.035029,0.047762,-0.035548,-0.359242,0.005757,-0.341183,0.999991,-0.003135,0.000060,-0.002977
396,-0.000697,-0.073028,9.924402,0.030366,0.052340,-0.035548,-0.369823,0.007455,-0.342379,0.999990,-0.003227,0.000075,-0.002988
397,0.004083,-0.072815,9.925212,0.045551,0.049266,-0.034022,-0.378904,0.006138,-0.343551,0.999990,-0.003306,0.000063,-0.002998
398,0.007402,-0.069613,9.924663,0.054657,0.050739,-0.026393,-0.383970,0.000475,-0.344569,0.999990,-0.003351,0.000014,-0.003007
399,0.006425,-0.069969,9.926332,0.043947,0.055259,-0.034023,-0.386255,-0.005688,-0.345587,0.999990,-0.003371,-0.000039,-0.003016
400,0.010234,-0.057628,9.932882,0.037866,0.053672,-0.030971,-0.381779,-0.012213,-0.346683,0.999990,-0.003332,-0.000096,-0.003026
402,0.012508,-0.061920,9.928956,0.045547,0.050545,-0.032497,-0.373210,-0.020869,-0.347755,0.999990,-0.003257,-0.000172,-0.003035
403,0.006150,-0.055967,9.931841,0.015079,0.061177,-0.026395,-0.365341,-0.025849,-0.348752,0.999990,-0.003189,-0.000216,-0.003044
404,0.002797,-0.059267,9.934920,0.028861,0.059648,-0.027921,-0.357835,-0.024290,-0.349673,0.999990,-0.003123,-0.000202,-0.003052
405,0.003395,-0.056482,9.932154,0.035002,0.052027,-0.017239,-0.351678,-0.021111,-0.350439,0.999991,-0.003070,-0.000175,-0.003059
406,0.002616,-0.066295,9.929268,0.035003,0.044405,-0.017239,-0.350406,-0.018524,-0.351024,0.999991,-0.003058,-0.000152,-0.003064
407,-0.001122,-0.059591,9.932560,0.042616,0.055107,-0.032498,-0.351331,-0.014028,-0.351862,0.999991,-0.003066,-0.000113,-0.003071
408,0.004019,-0.060935,9.926390,0.054828,0.045962,-0.043180,-0.349131,-0.010901,-0.353134,0.999991,-0.003047,-0.000086,-0.003082
409,0.007886,-0.065847,9.929122,0.056333,0.039830,-0.038602,-0.350140,-0.013492,-0.354505,0.999991,-0.003056,-0.000108,-0.003094
410,0.007845,-0.074209,9.931911,0.045579,0.045889,-0.047758,-0.358413,-0.018156,-0.355950,0.999990,-0.003128,-0.000149,-0.003107
411,0.004480,-0.073690,9.931970,0.047009,0.055018,-0.047758,-0.370128,-0.020101,-0.357548,0.999990,-0.003230,-0.000165,-0.003121
412,0.008112,-0.071906,9.927693,0.046935,0.054995,-0.027922,-0.378786,-0.021429,-0.358818,0.999990,-0.003306,-0.000177,-0.003132
413,0.004994,-0.075431,9.931260,0.056022,0.050394,-0.029448,-0.386350,-0.022804,-0.359782,0.999989,-0.003372,-0.000188,-0.003140
414,0.002016,-0.070412,9.924928,0.037660,0.054975,-0.037077,-0.391802,-0.020709,-0.360899,0.999989,-0.003420,-0.000170,-0.003150
415,-0.002358,-0.065842,9.924477,0.049862,0.050427,-0.037077,-0.391116,-0.014791,-0.362147,0.999989,-0.003414,-0.000118,-0.003161
416,0.000715,-0.058421,9.928614,0.054484,0.042828,-0.041654,-0.383356,-0.009122,-0.363471,0.999989,-0.003346,-0.000069,-0.003172
417,-0.000101,-0.069487,9.929587,0.056034,0.038264,-0.046232,-0.378178,-0.005913,-0.364945,0.999990,-0.003300,-0.000041,-0.003185
418,0.000740,-0.071552,9.931536,0.060577,0.048952,-0.049284,-0.381019,-0.003430,-0.366546,0.999989,-0.003325,-0.000019,-0.003199
419,0.000931,-0.070715,9.934189,0.065114,0.044375,-0.049284,-0.384555,-0.001912,-0.368199,0.999989,-0.003356,-0.000006,-0.003213
420,0.001348,-0.074319,9.933722,0.052859,0.044370,-0.043180,-0.389090,-0.001159,-0.369750,0.999989,-0.003395,0.000001,-0.003227
421,0.001124,-0.079245,9.929029,0.049732,0.056569,-0.044706,-0.397672,-0.000512,-0.371226,0.999989,-0.003470,0.000007,-0.003240
422,-0.000772,-0.075071,9.931757,0.037456,0.064199,-0.052336,-0.405715,0.001456,-0.372857,0.999988,-0.003540,0.000024,-0.003254
423,0.001218,-0.071080,9.931182,0.028275,0.070301,-0.037076,-0.408264,0.003365,-0.374363,0.999988,-0.003563,0.000041,-0.003267
424,0.000702,-0.077835,9.932031,0.032822,0.077919,-0.043180,-0.411380,0.004368,-0.375718,0.999988,-0.003590,0.000050,-0.003279
425,0.007885,-0.076539,9.931436,0.023619,0.077881,-0.046232,-0.416940,0.001704,-0.377227,0.999988,-0.003638,0.000027,-0.003292
426,0.006848,-0.078660,9.930577,0.031203,0.071716,-0.043181,-0.422174,-0.004162,-0.378735,0.999988,-0.003684,-0.000024,-0.003305
427,0.011311,-0.076279,9.926194,0.040323,0.060967,-0.035551,-0.426023,-0.011341,-0.380063,0.999988,-0.003718,-0.000087,-0.003317
428,0.008400,-0.075854,9.928189,0.040303,0.048694,-0.037078,-0.427414,-0.018530,-0.381287,0.999988,-0.003730,-0.000149,-0.003328
429,0.012344,-0.075427,9.928621,0.041816,0.051686,-0.015715,-0.427839,-0.025098,-0.382178,0.999987,-0.003734,-0.000207,-0.003336
430,0.005392,-0.076714,9.929824,0.055534,0.051647,-0.018767,-0.428293,-0.028763,-0.382765,0.999987,-0.003738,-0.000239,-0.003341
431,0.004482,-0.076696,9.934869,0.050937,0.051645,-0.017241,-0.429159,-0.027330,-0.383377,0.999987,-0.003746,-0.000226,-0.003346
