seq,ax,ay,az,wroll,wpitch,wyaw,roll,pitch,yaw,q0,q1,q2,q3
60,0.180597,-2.403692,9.437921,-7.602461,-2.820457,36.220203,-14.288579,-1.062330,0.270542,0.992193,-0.124341,-0.009492,0.001190
61,-1.265555,-4.147624,8.291725,13.223391,-15.736123,-40.556812,-14.195030,-1.379882,0.276574,0.992266,-0.123520,-0.012247,0.000907
62,-1.097404,-4.162551,8.479782,9.552292,-19.356731,-37.070820,-13.781686,-2.260619,-0.838215,0.992540,-0.120095,-0.018706,-0.009627
63,-0.557579,-4.483622,9.013908,6.531010,-23.201799,-34.427444,-13.465671,-3.230687,-1.829904,0.992530,-0.117625,-0.026120,-0.019156
64,0.077788,-4.603978,9.141158,5.717069,-25.599827,-32.948795,-13.201701,-4.281101,-2.736503,0.992292,-0.115725,-0.034350,-0.027996
65,0.564292,-4.471563,8.970008,6.057961,-25.866814,-30.770042,-12.934344,-5.356658,-3.579768,0.991902,-0.113906,-0.042894,-0.036262
66,0.938027,-4.432431,9.052493,4.570895,-24.272058,-30.553722,-12.673537,-6.397839,-4.395406,0.991376,-0.112246,-0.051195,-0.044209
67,1.371721,-4.525325,9.197951,5.200248,-20.851961,-32.795681,-12.406181,-7.361174,-5.268818,0.990727,-0.110649,-0.058795,-0.052529
68,1.407576,-4.140461,8.758715,7.595285,-15.570759,-33.014168,-12.064555,-8.186775,-6.220773,0.990058,-0.108518,-0.065195,-0.061312
69,1.363495,-3.728147,8.674409,7.644600,-9.579409,-31.500557,-11.666570,-8.817862,-7.197688,0.989432,-0.105934,-0.069965,-0.070058
70,1.380739,-3.675595,9.109251,4.719619,-4.678217,-29.593102,-11.309779,-9.253475,-8.160147,0.988811,-0.103678,-0.073080,-0.078502
71,1.324536,-3.572235,9.131970,3.353163,-1.184660,-23.678391,-11.034708,-9.521537,-9.023724,0.988231,-0.102017,-0.074818,-0.085986
72,1.205084,-3.355564,8.901066,2.241869,1.535993,-14.412595,-10.836271,-9.636249,-9.656969,0.987826,-0.100794,-0.075401,-0.091404
74,1.060657,-3.399519,8.969283,1.306111,7.283425,-3.417744,-10.723285,-9.547424,-9.980928,0.987733,-0.099972,-0.074442,-0.094056
75,0.543092,-3.994108,9.324714,0.402518,13.280019,9.381358,-10.700647,-9.192181,-9.946549,0.988057,-0.099512,-0.071424,-0.093480
76,0.289939,-4.240532,8.871343,-0.097584,18.825312,19.901442,-10.755220,-8.575583,-9.562078,0.988774,-0.099336,-0.066389,-0.089732
77,0.157238,-4.047025,8.676643,-1.031932,22.575130,26.854042,-10.865489,-7.751689,-8.919624,0.989726,-0.099407,-0.059742,-0.083614
78,-0.214294,-4.342411,9.301060,-7.361653,23.359324,32.320320,-11.110565,-6.812219,-8.090846,0.990664,-0.100566,-0.052169,-0.075829
79,-0.527743,-4.535485,9.664320,-10.569244,19.073902,31.363972,-11.510146,-5.910353,-7.183721,0.991361,-0.103160,-0.044920,-0.067410
80,-0.166589,-3.799230,9.121954,-8.564345,13.167059,24.178280,-11.906782,-5.196204,-6.382983,0.991781,-0.105962,-0.039247,-0.060010
81,-0.300809,-3.423296,9.193233,-6.216500,4.458979,17.245264,-12.206711,-4.764725,-5.766973,0.991992,-0.108175,-0.035936,-0.054391
82,-0.434119,-3.612954,9.282356,-2.155572,-5.266657,11.125463,-12.384912,-4.677203,-5.300648,0.992071,-0.109539,-0.035540,-0.050329
83,-0.351968,-3.706429,9.237190,7.491294,-12.999568,2.809853,-12.320841,-4.925001,-5.007701,0.992158,-0.108977,-0.037993,-0.048000
84,0.117240,-3.932251,9.010648,10.151394,-19.217218,-1.378341,-12.039501,-5.445063,-4.870649,0.992255,-0.106665,-0.042744,-0.047186
85,0.194642,-4.020236,8.914048,11.192669,-23.777416,-1.191794,-11.694663,-6.155189,-4.764626,0.992276,-0.103863,-0.049134,-0.046756
86,0.616474,-4.249696,9.051416,10.328544,-23.647783,-5.821031,-11.340950,-6.952962,-4.720986,0.992186,-0.101027,-0.056229,-0.046896
87,0.946151,-4.415681,8.994883,7.882369,-18.630529,-12.774256,-11.016191,-7.704386,-4.889719,0.991955,-0.098535,-0.062726,-0.048808
88,0.815185,-3.959447,8.600171,4.680775,-11.881324,-17.311752,-10.751574,-8.298620,-5.289935,0.991621,-0.096667,-0.067649,-0.052595
89,0.450867,-3.632805,8.844769,3.021917,-6.244013,-18.859636,-10.543393,-8.707062,-5.832489,0.991256,-0.095341,-0.070830,-0.057480
90,0.441420,-3.765373,9.309323,-0.692817,-2.202638,-17.466803,-10.416340,-8.955692,-6.409039,0.990883,-0.094702,-0.072571,-0.062576
91,0.372751,-3.623305,9.190618,-0.322411,-0.174897,-9.083582,-10.365515,-9.074631,-6.842428,0.990595,-0.094591,-0.073271,-0.066379
92,0.404697,-3.336184,9.153653,-0.883511,-0.021196,1.842213,-10.366759,-9.099558,-6.962059,0.990506,-0.094690,-0.073387,-0.067433
93,1.014706,-3.485676,8.990462,-1.828984,-0.110398,11.658315,-10.447399,-9.061090,-6.737538,0.990597,-0.095226,-0.073193,-0.065515
94,1.275552,-3.634476,8.696455,-1.785275,2.291564,15.929986,-10.578198,-8.941470,-6.286530,0.990825,-0.096018,-0.072462,-0.061608
95,0.959260,-3.880357,8.649596,-2.402095,6.472710,14.500995,-10.721097,-8.704206,-5.809428,0.991121,-0.096862,-0.070736,-0.057388
96,0.641993,-3.935622,8.907146,-4.057015,11.018758,12.506250,-10.886622,-8.333450,-5.417611,0.991424,-0.097923,-0.067779,-0.053807
97,0.301041,-4.130944,9.020350,-4.010636,14.359487,13.794046,-11.070566,-7.834686,-5.064360,0.991751,-0.099144,-0.063681,-0.050455
98,-0.121205,-4.140720,9.110439,-3.663801,15.768633,15.988523,-11.250006,-7.245997,-4.671141,0.992118,-0.100303,-0.058848,-0.046663
99,-0.301369,-3.992933,9.405069,-2.933025,15.898745,16.309172,-11.411559,-6.622785,-4.243897,0.992490,-0.101314,-0.053762,-0.042520
100,-0.050538,-3.601328,9.331586,-1.880031,13.913257,13.402025,-11.534656,-6.037400,-3.855051,0.992817,-0.102055,-0.048990,-0.038708
101,0.163273,-3.492642,9.310749,-1.278920,11.364444,7.616374,-11.613524,-5.554420,-3.595045,0.993057,-0.102517,-0.045010,-0.036070
102,0.015573,-3.389907,9.276740,-0.526148,8.572345,-3.301242,-11.643825,-5.214462,-3.591558,0.993180,-0.102700,-0.042057,-0.035755
103,0.051171,-3.297586,8.979409,0.464911,3.624047,-14.669103,-11.614494,-5.075714,-3.927233,0.993155,-0.102533,-0.040563,-0.038533
104,-0.009314,-3.459250,9.044483,-2.376054,-1.960729,-18.775114,-11.596665,-5.160668,-4.481007,0.992937,-0.102599,-0.040810,-0.043400
105,-0.231052,-3.894782,9.215963,-2.749438,-5.397805,-14.926213,-11.633318,-5.393990,-5.008720,0.992592,-0.103182,-0.042344,-0.048186
106,-0.348074,-4.163260,9.035521,-3.568711,-7.161439,-10.378016,-11.702496,-5.684314,-5.381149,0.992234,-0.104024,-0.044492,-0.051689
107,-0.098616,-4.055190,9.029191,-4.699839,-7.925744,-4.892820,-11.819961,-5.982421,-5.580080,0.991891,-0.105230,-0.046839,-0.053718
108,-0.224151,-4.157466,9.347326,-5.885437,-5.800028,1.149354,-11.994786,-6.219202,-5.593976,0.991603,-0.106838,-0.048794,-0.054120
109,-0.037421,-4.180346,8.903462,-5.011355,-3.327880,2.710006,-12.186756,-6.354558,-5.498579,0.991397,-0.108507,-0.049965,-0.053498
110,0.193875,-4.011159,8.831469,-5.907383,-2.118679,0.342777,-12.376442,-6.432450,-5.429094,0.991207,-0.110146,-0.050618,-0.053051
111,0.337760,-3.873942,9.091996,-2.966037,-1.996852,-2.116302,-12.522749,-6.505764,-5.443247,0.991020,-0.111444,-0.051170,-0.053306
112,0.491308,-4.092778,9.116621,-0.762946,-1.814725,-4.319190,-12.574475,-6.591047,-5.534758,0.990880,-0.111963,-0.051795,-0.054199
113,0.522498,-4.175189,9.129670,0.108913,-1.445366,-6.773861,-12.565763,-6.684293,-5.704539,0.990756,-0.111999,-0.052440,-0.055750
114,0.484380,-4.050200,9.302452,3.347820,-1.712183,-8.225991,-12.480684,-6.789863,-5.938800,0.990664,-0.111412,-0.053167,-0.057834
115,0.625599,-3.909472,8.998248,7.308981,-2.186736,-9.206697,-12.270638,-6.915553,-6.210628,0.990656,-0.109774,-0.054100,-0.060200
116,0.575570,-3.973234,8.834931,5.033215,-2.528769,-9.108554,-12.030390,-7.056568,-6.494636,0.990650,-0.107892,-0.055179,-0.062666
117,0.367284,-3.982403,9.027954,2.859307,-2.798235,-7.563590,-11.867142,-7.200999,-6.750045,0.990575,-0.106670,-0.056281,-0.064921
118,0.469900,-3.903074,8.973476,3.395589,-2.838347,-5.771329,-11.737582,-7.338438,-6.949965,0.990498,-0.105712,-0.057359,-0.066703
119,0.527670,-3.816849,8.844784,2.561304,-2.536394,-4.064212,-11.619795,-7.459324,-7.093567,0.990447,-0.104824,-0.058342,-0.067988
120,0.386457,-3.896846,9.027740,0.455485,-2.189049,-2.231455,-11.558043,-7.557550,-7.181283,0.990390,-0.104382,-0.059148,-0.068797
121,0.399518,-3.933179,9.039028,1.340250,-1.467198,-0.889859,-11.522942,-7.627671,-7.220393,0.990355,-0.104133,-0.059740,-0.069175
122,0.548512,-3.969715,8.880223,2.824175,-0.587209,-0.791916,-11.450756,-7.666801,-7.241232,0.990383,-0.103539,-0.060104,-0.069350
123,0.514508,-4.035460,8.823967,1.728540,0.603631,-1.501163,-11.369828,-7.674093,-7.279099,0.990428,-0.102863,-0.060182,-0.069641
124,0.423059,-4.179255,8.916394,0.799992,1.608797,-2.281929,-11.318396,-7.650350,-7.348800,0.990447,-0.102444,-0.059945,-0.070197
125,0.460940,-4.250895,8.920140,2.156614,2.862881,-2.647522,-11.256386,-7.593350,-7.444807,0.990479,-0.101929,-0.059405,-0.070948
126,0.452640,-4.227345,8.881374,3.357301,3.494212,-2.520255,-11.150566,-7.506146,-7.550798,0.990561,-0.101024,-0.058622,-0.071739
127,0.343841,-4.141638,8.971024,4.063920,3.721552,-1.919955,-11.014358,-7.402342,-7.647351,0.990684,-0.099842,-0.057725,-0.072421
128,0.355298,-4.021522,9.092779,5.612185,3.259499,-1.235825,-10.843591,-7.298064,-7.721661,0.990848,-0.098348,-0.056867,-0.072896
129,0.339166,-3.791429,9.053991,6.621397,2.609709,-0.478661,-10.633814,-7.207266,-7.768322,0.991052,-0.096508,-0.056175,-0.073126
130,0.317329,-3.590884,9.032884,5.247036,1.394583,0.303870,-10.434114,-7.142169,-7.783490,0.991247,-0.094753,-0.055726,-0.073110
131,0.284178,-3.557145,9.140173,3.203721,0.323741,1.276656,-10.295869,-7.109245,-7.762561,0.991394,-0.093529,-0.055546,-0.072837
132,0.315360,-3.516274,9.191856,2.694159,-0.284759,1.968620,-10.204196,-7.098967,-7.709038,0.991508,-0.092705,-0.055559,-0.072322
133,0.307906,-3.502774,9.060342,2.295940,-0.592746,3.826366,-10.133189,-7.096303,-7.610634,0.991629,-0.092041,-0.055660,-0.071434
134,0.429834,-3.499891,9.039290,1.120550,-0.697456,5.664577,-10.096094,-7.089677,-7.449902,0.991762,-0.091639,-0.055754,-0.070020
135,0.501438,-3.460410,8.996756,-0.863852,-0.371812,6.572201,-10.117143,-7.071413,-7.244429,0.991879,-0.091711,-0.055748,-0.068238
136,0.517285,-3.330433,8.932632,-4.053104,-0.330951,7.145203,-10.227199,-7.042536,-7.015602,0.991942,-0.092539,-0.055617,-0.066290
137,0.596181,-3.351832,8.918690,-9.402515,-0.260493,7.046370,-10.480351,-7.009674,-6.779388,0.991889,-0.094600,-0.055381,-0.064343
138,0.665612,-3.307866,9.043483,-15.140683,0.042996,5.587818,-10.914855,-6.974056,-6.570266,0.991660,-0.098244,-0.055007,-0.062715
139,0.638562,-3.350410,9.142987,-19.417973,0.373849,4.211590,-11.510191,-6.935353,-6.410254,0.991245,-0.103301,-0.054490,-0.061583
140,0.565005,-3.509833,9.214808,-20.911848,0.534084,3.036849,-12.196286,-6.895621,-6.294302,0.990694,-0.109163,-0.053887,-0.060870
141,0.579756,-3.658318,9.227111,-20.182560,1.651215,2.248240,-12.890567,-6.840871,-6.215679,0.990087,-0.115104,-0.053123,-0.060464
142,0.462698,-3.824651,9.159822,-19.166616,2.423706,2.927683,-13.554519,-6.754982,-6.146705,0.989489,-0.120772,-0.052102,-0.060090
143,0.345352,-4.081987,9.161908,-17.740704,2.589432,4.379471,-14.181160,-6.644707,-6.047773,0.988928,-0.126093,-0.050930,-0.059405
144,0.349794,-4.250556,9.092009,-14.754313,2.491360,4.961624,-14.737698,-6.523910,-5.917272,0.988438,-0.130791,-0.049747,-0.058394
145,0.433605,-4.339717,8.992636,-11.336361,2.415787,5.024921,-15.188362,-6.401976,-5.776671,0.988053,-0.134571,-0.048630,-0.057240
146,0.414411,-4.383605,8.807419,-8.971492,1.894305,4.662432,-15.542022,-6.289967,-5.639151,0.987761,-0.137521,-0.047652,-0.056075
147,0.369741,-4.266521,8.729214,-8.913574,1.372862,3.041044,-15.852027,-6.202828,-5.529628,0.987485,-0.140117,-0.046882,-0.055157
148,0.264456,-4.273874,8.781787,-11.017323,1.227136,1.177067,-16.190216,-6.141746,-5.473713,0.987126,-0.142987,-0.046263,-0.054740
149,0.203895,-4.354939,8.805339,-12.946937,1.310704,-0.204610,-16.589996,-6.096543,-5.470104,0.986647,-0.146413,-0.045687,-0.054815
150,0.077353,-4.412559,8.766184,-14.023575,1.127697,-0.934557,-17.036303,-6.063093,-5.500218,0.986072,-0.150255,-0.045145,-0.055209
151,0.026434,-4.532006,8.935567,-14.033461,0.824589,-1.061609,-17.499517,-6.041879,-5.541893,0.985447,-0.154248,-0.044683,-0.055722
152,0.095177,-4.825828,8.920027,-10.845393,0.673969,-0.848330,-17.910147,-6.027766,-5.580036,0.984877,-0.157788,-0.044309,-0.056190
153,0.243189,-4.904512,8.608987,-4.656756,0.766817,-1.337051,-18.164076,-6.016210,-5.622337,0.984510,-0.159983,-0.044026,-0.056636
154,0.167081,-4.848413,8.398043,-1.327048,0.825017,-0.955550,-18.259109,-6.002921,-5.667166,0.984361,-0.160812,-0.043802,-0.057040
155,0.135250,-4.848814,8.377462,-2.265792,0.992563,-0.121815,-18.316204,-5.979784,-5.693861,0.984280,-0.161304,-0.043537,-0.057259
156,0.178623,-4.851342,8.227868,-4.357896,1.562173,-0.289536,-18.424520,-5.941541,-5.713895,0.984137,-0.162228,-0.043126,-0.057420
157,0.131891,-4.681055,8.174686,-7.914263,2.228684,-0.462322,-18.625748,-5.885616,-5.746024,0.983863,-0.163948,-0.042498,-0.057694
158,0.066106,-4.668894,8.382536,-13.303956,2.733763,0.481888,-18.976681,-5.807218,-5.772513,0.983383,-0.166942,-0.041610,-0.057941
159,0.100204,-4.735596,8.505499,-15.976897,3.118353,0.107666,-19.462391,-5.711916,-5.795469,0.982703,-0.171083,-0.040511,-0.058175
160,0.162101,-4.805178,8.555468,-16.299606,3.284398,-0.689365,-19.995838,-5.614729,-5.840848,0.981921,-0.175636,-0.039337,-0.058607
161,0.135087,-4.855601,8.609200,-16.386978,3.000114,-0.972231,-20.534519,-5.526035,-5.903406,0.981097,-0.180239,-0.038203,-0.059191
162,0.096487,-4.881824,8.558794,-16.275640,2.509924,-0.777452,-21.073126,-5.450542,-5.963573,0.980245,-0.184840,-0.037181,-0.059766
163,0.073337,-4.958666,8.466489,-16.475523,1.728357,-0.285062,-21.614960,-5.391210,-6.005980,0.979367,-0.189465,-0.036320,-0.060208
164,0.049389,-5.083281,8.385127,-17.960457,1.116200,0.665179,-22.187777,-5.344893,-6.017861,0.978424,-0.194345,-0.035602,-0.060414
165,0.019212,-5.121037,8.292845,-20.072655,0.568202,1.581931,-22.823864,-5.304670,-5.993917,0.977362,-0.199751,-0.034965,-0.060338
166,0.058115,-5.213260,8.346908,-21.472029,-0.089739,2.727567,-23.522068,-5.269121,-5.930770,0.976177,-0.205670,-0.034407,-0.059950
167,0.163092,-5.368738,8.394725,-20.423605,-1.231831,3.613647,-24.230022,-5.246547,-5.824783,0.974954,-0.211658,-0.034039,-0.059219
168,0.246904,-5.457383,8.252090,-18.563429,-2.748329,3.011764,-24.891554,-5.261054,-5.696275,0.973775,-0.217249,-0.034064,-0.058349
169,0.268838,-5.591625,8.267864,-17.881319,-3.888234,2.502880,-25.511019,-5.322020,-5.565541,0.972623,-0.222491,-0.034520,-0.057539
170,0.245461,-5.834861,8.282226,-15.362191,-4.515415,2.802815,-26.078266,-5.409651,-5.424421,0.971537,-0.227288,-0.035258,-0.056683
171,0.246132,-5.980885,8.082664,-10.907271,-4.428396,2.845020,-26.530449,-5.501612,-5.273334,0.970661,-0.231101,-0.036119,-0.055724
172,0.209833,-6.033783,7.920897,-8.253490,-3.399785,2.257182,-26.862843,-5.580017,-5.138144,0.970012,-0.233895,-0.036897,-0.054841
173,0.249089,-6.053118,7.961903,-6.187169,-1.994229,2.250787,-27.114090,-5.626034,-5.029880,0.969526,-0.235999,-0.037390,-0.054099
174,0.280040,-6.015730,7.914055,-2.190380,-1.191034,2.415677,-27.262920,-5.637724,-4.935973,0.969256,-0.237230,-0.037613,-0.053377
175,0.362319,-5.988416,7.866320,0.828346,-0.541793,2.451132,-27.294035,-5.626242,-4.850226,0.969237,-0.237462,-0.037679,-0.052639
177,0.360721,-5.948892,7.931752,2.101773,-0.037778,1.419801,-27.251272,-5.605283,-4.788154,0.969365,-0.237075,-0.037649,-0.052057
178,0.406081,-5.952034,8.042480,2.919449,0.073954,0.077057,-27.169727,-5.593349,-4.766136,0.969549,-0.236375,-0.037631,-0.051820
179,0.404364,-5.842354,8.054364,4.140487,0.565514,-1.911285,-27.048922,-5.597802,-4.798355,0.969781,-0.235364,-0.037657,-0.052061
180,0.352032,-5.707497,8.077081,3.961416,1.315166,-3.423515,-26.904722,-5.610217,-4.892258,0.970027,-0.234178,-0.037636,-0.052834
181,0.249874,-5.498475,8.073414,3.868737,1.477917,-4.233638,-26.760952,-5.626301,-5.027799,0.970249,-0.233009,-0.037563,-0.053966
182,0.238795,-5.283261,8.073915,3.850457,1.340518,-3.984677,-26.618137,-5.645861,-5.171969,0.970460,-0.231853,-0.037504,-0.055179
183,0.111878,-5.183557,8.150671,3.157190,1.093810,-2.310342,-26.490263,-5.656470,-5.284503,0.970658,-0.230809,-0.037429,-0.056112
184,-0.002959,-5.297154,8.315989,2.114769,-0.169798,1.546466,-26.400593,-5.648343,-5.302853,0.970834,-0.230053,-0.037367,-0.056222
185,0.061871,-5.319716,8.442661,2.709682,-1.584278,4.585459,-26.330505,-5.629125,-5.197798,0.971035,-0.229420,-0.037449,-0.055271
186,0.110018,-5.190531,8.529032,3.215234,-2.971653,6.917682,-26.251987,-5.612268,-4.991286,0.971299,-0.228682,-0.037756,-0.053462
187,0.076783,-5.249341,8.615930,1.961184,-4.851149,9.459946,-26.195438,-5.608603,-4.687352,0.971552,-0.228100,-0.038356,-0.050860
188,0.236645,-5.182768,8.578186,1.812756,-6.377662,10.788488,-26.170467,-5.627593,-4.300071,0.971758,-0.227762,-0.039298,-0.047604
189,0.408613,-4.894218,8.393975,2.234009,-7.004727,9.850552,-26.143328,-5.676140,-3.891005,0.971952,-0.227399,-0.040534,-0.044221
190,0.486976,-4.819314,8.423540,0.443323,-5.993568,8.311029,-26.135431,-5.737283,-3.522001,0.972076,-0.227211,-0.041788,-0.041207
191,0.503316,-4.926847,8.716787,0.956596,-1.467945,5.524976,-26.138428,-5.747300,-3.258874,0.972157,-0.227141,-0.042393,-0.038996
192,0.632700,-4.810619,8.622704,6.122222,4.087657,0.453099,-26.027414,-5.664294,-3.188237,0.972440,-0.226161,-0.041866,-0.038194
193,0.550751,-4.751121,8.414536,8.521857,8.708785,-4.623715,-25.768078,-5.502887,-3.344653,0.972973,-0.223992,-0.040275,-0.039115
194,0.318749,-4.660021,8.496757,8.862013,13.646193,-7.786896,-25.445564,-5.256387,-3.693747,0.973589,-0.221330,-0.037615,-0.041498
195,0.099614,-4.632174,8.281354,8.953263,17.517996,-7.015764,-25.109131,-4.892166,-4.140418,0.974228,-0.218534,-0.033786,-0.044499
196,-0.053211,-4.702995,8.189455,5.425656,18.317287,-3.462498,-24.836138,-4.424511,-4.552305,0.974777,-0.216211,-0.029134,-0.047052
197,-0.267294,-5.123818,8.210773,0.170562,17.516453,1.432404,-24.722582,-3.896522,-4.834229,0.975077,-0.215162,-0.024156,-0.048444
198,-0.303290,-5.431373,8.215295,-2.143000,17.741198,4.548234,-24.745853,-3.321189,-4.990079,0.975168,-0.215213,-0.018955,-0.048707
199,-0.230752,-5.774467,8.064494,-4.479766,17.533470,4.949185,-24.850927,-2.721149,-5.093202,0.975110,-0.215927,-0.013608,-0.048483
200,-0.209221,-5.879509,8.079590,-6.042572,16.078281,2.445912,-25.021009,-2.161251,-5.217833,0.974885,-0.217194,-0.008534,-0.048511
201,-0.135594,-5.857167,7.739611,-6.501220,14.192051,-2.187976,-25.222883,-1.702649,-5.428335,0.974517,-0.218756,-0.004145,-0.049446
202,-0.158916,-5.622653,7.585241,-8.690337,12.776811,-7.582116,-25.466806,-1.366099,-5.768089,0.973969,-0.220705,-0.000524,-0.051698
203,-0.206335,-5.458284,7.604001,-10.837327,11.211929,-11.697680,-25.781927,-1.144556,-6.230940,0.973186,-0.223285,0.002402,-0.055201
204,-0.233315,-5.467800,7.733676,-10.564820,10.095654,-13.800625,-26.128344,-1.011250,-6.768661,0.972263,-0.226147,0.004762,-0.059494
205,-0.273055,-5.602726,7.686033,-8.133007,9.441754,-16.489534,-26.429697,-0.942749,-7.365601,0.971356,-0.228638,0.006691,-0.064407
206,-0.321980,-5.675951,7.649889,-5.141508,8.966531,-18.401670,-26.640114,-0.927899,-8.023020,0.970552,-0.230370,0.008257,-0.069934
207,-0.219770,-5.691728,7.728539,-1.963731,8.619299,-18.380558,-26.747383,-0.941263,-8.702466,0.969901,-0.231233,0.009580,-0.075705
208,-0.265225,-5.810704,7.849820,1.339357,8.223063,-17.062483,-26.746950,-0.956291,-9.356381,0.969451,-0.231181,0.010772,-0.081269
209,-0.240819,-5.903678,7.733472,5.182191,7.665135,-15.542950,-26.628145,-0.963607,-9.960913,0.969246,-0.230122,0.011840,-0.086409
210,-0.186759,-5.902425,7.647086,7.455747,7.508327,-13.933472,-26.408258,-0.956485,-10.513474,0.969259,-0.228197,0.012835,-0.091092
211,-0.251534,-5.932528,7.680444,8.166430,7.517876,-12.734456,-26.139540,-0.928556,-11.022942,0.969384,-0.225843,0.013862,-0.095378
212,-0.350598,-5.985238,7.788065,8.083453,7.236382,-10.354184,-25.861591,-0.876187,-11.476658,0.969558,-0.223391,0.014959,-0.099149
213,-0.239131,-6.015828,7.751719,7.820086,6.419219,-8.140285,-25.591047,-0.804912,-11.853186,0.969770,-0.220990,0.016054,-0.102235
214,-0.227631,-6.048083,7.801770,6.843722,4.808203,-6.585788,-25.342602,-0.741467,-12.155264,0.969990,-0.218788,0.016947,-0.104706
215,-0.261987,-5.924724,7.930279,6.010692,2.890812,-4.384144,-25.125580,-0.703325,-12.375359,0.970210,-0.216884,0.017488,-0.106530
216,-0.183785,-5.792121,7.990073,5.545819,1.025413,-1.259270,-24.931602,-0.683946,-12.488194,0.970475,-0.215206,0.017684,-0.107479
217,-0.107670,-5.687628,7.979160,5.380595,-0.445330,1.180178,-24.749434,-0.675680,-12.493447,0.970813,-0.213655,0.017593,-0.107536
218,-0.150275,-5.573109,8.046686,5.872080,-2.026060,4.135313,-24.563044,-0.676119,-12.395738,0.971251,-0.212091,0.017233,-0.106737
219,-0.215950,-5.316479,8.128765,6.821085,-3.527045,6.983791,-24.353952,-0.683595,-12.188715,0.971825,-0.210355,0.016595,-0.105027
220,-0.191949,-5.292795,8.256637,7.858006,-4.704638,9.604820,-24.113014,-0.695183,-11.880268,0.972542,-0.208365,0.015715,-0.102465
221,-0.084282,-5.275496,8.357362,9.873185,-5.806566,10.180795,-23.822094,-0.721281,-11.507752,0.973390,-0.205966,0.014564,-0.099387
222,-0.192770,-5.109137,8.446105,11.916306,-5.809807,8.770012,-23.463747,-0.772004,-11.140739,0.974331,-0.203008,0.013172,-0.096402
223,-0.171217,-5.039997,8.455132,12.957296,-4.555413,6.468198,-23.053434,-0.830517,-10.839165,0.975289,-0.199597,0.011803,-0.093983
224,-0.148138,-5.106743,8.500774,12.391194,-2.806691,3.952725,-22.634066,-0.876269,-10.631463,0.976172,-0.196083,0.010714,-0.092334
225,-0.115798,-5.014862,8.469936,11.785289,-0.903721,1.431221,-22.232780,-0.899269,-10.524930,0.976933,-0.192690,0.010015,-0.091501
226,-0.209322,-4.904554,8.608006,10.455109,0.395500,-0.519364,-21.862381,-0.901500,-10.507685,0.977564,-0.189535,0.009672,-0.091390
227,-0.143069,-4.924897,8.562862,9.941265,0.736558,-1.412448,-21.521868,-0.895930,-10.544594,0.978094,-0.186622,0.009508,-0.091724
228,-0.174104,-4.796487,8.688768,9.082604,0.847078,-2.302549,-21.203754,-0.893929,-10.611879,0.978555,-0.183899,0.009378,-0.092322
229,-0.334995,-4.709833,8.705409,8.483900,0.541715,-1.669531,-20.909887,-0.896138,-10.681980,0.978966,-0.181385,0.009234,-0.092948
230,-0.230825,-4.758884,8.763328,7.175502,-1.242064,-0.340625,-20.648466,-0.918925,-10.709164,0.979351,-0.179167,0.008869,-0.093236
231,-0.352243,-4.931977,8.774302,5.435730,-3.438235,1.731234,-20.439089,-0.983802,-10.660056,0.979702,-0.177432,0.008068,-0.092932
232,-0.345986,-5.052362,8.919298,4.258022,-7.523518,4.311206,-20.280420,-1.119999,-10.502023,0.980044,-0.176191,0.006531,-0.091799
233,-0.320537,-4.918339,8.824612,4.876249,-12.187124,5.708595,-20.134050,-1.370546,-10.231723,0.980425,-0.175141,0.003857,-0.089873
234,-0.051962,-4.946215,8.780385,6.672405,-15.107194,4.333184,-19.950106,-1.740520,-9.918455,0.980856,-0.173844,0.000070,-0.087751
235,-0.202400,-4.834766,8.599654,9.154960,-15.616334,2.764021,-19.696159,-2.182158,-9.633374,0.981334,-0.171977,-0.004336,-0.085961
236,-0.162698,-4.543441,8.492689,11.244228,-14.517991,0.682438,-19.365583,-2.636358,-9.411203,0.981854,-0.169442,-0.008806,-0.084702
237,-0.032831,-4.421779,8.307501,10.929003,-10.158799,-1.444898,-19.002199,-3.029054,-9.287992,0.982348,-0.166578,-0.012622,-0.084174
238,0.090636,-4.694695,8.522583,7.491047,-5.777063,-1.789987,-18.697187,-3.297909,-9.253234,0.982719,-0.164135,-0.015204,-0.084217
239,-0.071987,-4.319359,8.619617,4.787644,-2.630348,-0.425617,-18.493135,-3.442521,-9.243556,0.982964,-0.162478,-0.016609,-0.084306
240,-0.220375,-4.210090,9.097354,2.465930,-0.796374,2.815920,-18.375620,-3.484098,-9.187624,0.983156,-0.161488,-0.017131,-0.083866
241,-0.016905,-4.109671,9.155399,3.478239,-0.549416,8.077677,-18.287395,-3.448255,-9.007911,0.983423,-0.160681,-0.017140,-0.082261
242,0.106348,-3.982381,9.315920,6.375802,-2.305330,11.478992,-18.142540,-3.391543,-8.682861,0.983875,-0.159354,-0.017209,-0.079373
243,-0.011152,-3.687021,9.233809,11.832859,-4.431092,12.449177,-17.863573,-3.375087,-8.268149,0.984547,-0.156885,-0.017828,-0.075746
244,0.306228,-3.752409,9.234658,16.539465,-5.756317,13.828092,-17.418535,-3.404298,-7.798483,0.985440,-0.153000,-0.019001,-0.071676
245,0.696095,-3.741574,8.999376,19.496603,-6.825641,12.920572,-16.847292,-3.473460,-7.309806,0.986464,-0.148037,-0.020585,-0.067461
246,0.598329,-3.785591,8.929019,19.504726,-6.791013,9.139536,-16.223076,-3.586502,-6.891943,0.987456,-0.142639,-0.022447,-0.063884
247,0.677380,-3.776604,8.933204,17.868668,-5.579785,7.067635,-15.620446,-3.710839,-6.574954,0.988322,-0.137437,-0.024236,-0.061177
248,0.504984,-3.848349,8.998086,14.449628,-3.431263,6.750714,-15.099008,-3.794720,-6.312555,0.989046,-0.132919,-0.025542,-0.058896
249,0.389246,-3.805725,9.019144,10.274954,-2.842633,5.015130,-14.701354,-3.845312,-6.095746,0.989593,-0.129458,-0.026429,-0.056990
250,0.376855,-3.767727,9.180304,6.970281,-2.915570,2.728961,-14.424041,-3.905735,-5.946342,0.989956,-0.127053,-0.027254,-0.055700
251,0.237161,-3.561191,9.342375,5.282444,-3.691267,0.075156,-14.224862,-4.000872,-5.873616,0.990177,-0.125353,-0.028253,-0.055126
252,-0.005984,-3.484694,9.447442,4.960830,-2.740220,-1.002276,-14.054961,-4.108617,-5.862353,0.990328,-0.123926,-0.029279,-0.055100
253,0.113830,-3.176823,9.594345,5.634744,-1.174145,-0.636317,-13.877597,-4.178534,-5.873145,0.990488,-0.122424,-0.029957,-0.055220
254,0.159690,-3.077787,9.686167,7.683121,-0.783370,1.455293,-13.657174,-4.206974,-5.852091,0.990721,-0.120525,-0.030331,-0.055009
255,-0.114549,-2.983377,9.588786,9.943919,-0.900042,1.331392,-13.367194,-4.223372,-5.800253,0.991041,-0.118010,-0.030666,-0.054500
256,0.325705,-2.899354,9.464749,10.955946,0.034566,3.447560,-13.024834,-4.219244,-5.719195,0.991429,-0.115025,-0.030874,-0.053703
257,0.467551,-2.837323,9.476698,10.207968,-0.426910,4.402197,-12.681584,-4.196475,-5.589877,0.991838,-0.112011,-0.030964,-0.052470
258,0.384139,-2.982945,9.399848,8.700772,-2.374890,3.923975,-12.377152,-4.211922,-5.443886,0.992192,-0.109342,-0.031376,-0.051137
259,0.494730,-3.065663,9.384454,6.475021,-2.008176,3.139105,-12.133916,-4.258305,-5.312940,0.992463,-0.107216,-0.032009,-0.049979
260,0.728194,-3.113394,9.410492,3.570437,-0.701215,2.741525,-11.974355,-4.281991,-5.207364,0.992648,-0.105813,-0.032382,-0.049041
261,0.343303,-3.197056,9.433105,0.204339,0.491916,1.184425,-11.916276,-4.271847,-5.142456,0.992733,-0.105288,-0.032378,-0.048453
262,0.453347,-3.264508,9.202329,-2.820406,1.841674,0.218217,-11.960974,-4.228952,-5.127595,0.992714,-0.105656,-0.032001,-0.048298
263,0.391137,-3.338176,9.037127,-7.395144,3.213751,-2.074173,-12.127723,-4.152997,-5.175562,0.992566,-0.107087,-0.031228,-0.048692
264,0.079231,-3.324117,8.817664,-12.661847,3.034719,-4.970733,-12.452144,-4.076221,-5.312821,0.992227,-0.109905,-0.030293,-0.049897
265,-0.078653,-3.181409,8.819890,-17.516094,2.708975,-3.808079,-12.943492,-4.014980,-5.477053,0.991695,-0.114178,-0.029385,-0.051388
266,-0.024593,-3.233374,8.897993,-20.784166,1.893660,-1.693228,-13.574367,-3.961448,-5.584170,0.991022,-0.119643,-0.028527,-0.052421
267,-0.251574,-3.132398,9.082226,-22.236954,0.495889,-0.617454,-14.288120,-3.932197,-5.631271,0.990246,-0.125813,-0.027895,-0.052974
268,-0.043543,-3.053389,9.229695,-20.874441,-0.470012,3.223243,-15.009482,-3.920874,-5.589324,0.989457,-0.132030,-0.027512,-0.052773
269,0.055611,-2.835585,9.401859,-18.107775,-1.317771,6.679110,-15.670595,-3.906162,-5.421894,0.988761,-0.137691,-0.027281,-0.051469
270,0.073400,-2.943462,9.387491,-14.760120,-1.875935,8.271700,-16.235693,-3.889053,-5.167089,0.988188,-0.142499,-0.027196,-0.049385
271,0.243609,-2.889956,9.215123,-11.132923,-2.814612,8.808207,-16.687290,-3.883489,-4.871266,0.987745,-0.146320,-0.027331,-0.046935
272,0.357296,-2.849283,9.025854,-7.818089,-3.641213,8.381601,-17.023933,-3.903492,-4.565200,0.987426,-0.149154,-0.027764,-0.044404
273,0.531395,-2.907261,9.029991,-5.116499,-3.394398,6.799619,-17.258472,-3.941041,-4.288239,0.987210,-0.151118,-0.028362,-0.042123
274,0.509718,-3.215371,9.167809,-2.106105,-1.885892,4.454676,-17.393049,-3.969223,-4.082493,0.987097,-0.152234,-0.028829,-0.040421
275,0.532394,-3.144840,9.257589,0.709995,-0.905156,1.780234,-17.424173,-3.982542,-3.969148,0.987090,-0.152476,-0.029083,-0.039470
276,0.445017,-3.337051,9.270913,2.331095,0.004144,-0.389019,-17.375343,-3.989957,-3.942470,0.987162,-0.152051,-0.029200,-0.039238
277,0.294445,-3.612224,9.377756,3.211191,0.646947,-0.420214,-17.281851,-3.983627,-3.958617,0.987282,-0.151248,-0.029156,-0.039345
278,0.132327,-3.604936,9.331177,4.404651,0.367705,-1.740393,-17.152178,-3.978132,-3.998119,0.987441,-0.150139,-0.029101,-0.039645
280,0.224378,-3.664917,9.170548,4.064844,-0.391631,-1.105600,-17.007866,-3.992452,-4.043445,0.987608,-0.148911,-0.029216,-0.040017
281,0.308059,-3.816556,9.006730,3.857920,-0.500090,-1.435312,-16.873289,-4.019002,-4.079710,0.987761,-0.147767,-0.029445,-0.040329
282,0.369478,-3.760382,9.151955,4.442401,0.718487,-2.132895,-16.730867,-4.032712,-4.137833,0.987918,-0.146558,-0.029539,-0.040811
283,0.387720,-3.604113,9.198074,4.869041,1.743039,-4.162749,-16.567776,-4.023477,-4.250405,0.988089,-0.145178,-0.029375,-0.041728
284,0.410486,-3.535187,9.240381,4.890512,2.276116,-5.156596,-16.393335,-4.003329,-4.418766,0.988253,-0.143711,-0.029053,-0.043110
285,0.296082,-3.446600,9.256778,5.169427,2.697785,-6.774641,-16.210730,-3.979594,-4.633416,0.988407,-0.142183,-0.028651,-0.044887
286,0.221818,-3.310258,9.217876,5.017641,2.870991,-7.167382,-16.023672,-3.954951,-4.883011,0.988546,-0.140624,-0.028205,-0.046964
287,0.139819,-3.259443,9.320745,3.616506,2.243508,-6.092099,-15.863507,-3.933701,-5.119476,0.988650,-0.139293,-0.027800,-0.048939
288,0.140272,-3.138344,9.294684,3.378036,1.781536,-5.373684,-15.733051,-3.921189,-5.322092,0.988725,-0.138212,-0.027503,-0.050641
289,0.256422,-3.168099,9.248419,2.150276,1.865877,-3.634391,-15.629901,-3.903237,-5.483442,0.988783,-0.137354,-0.027200,-0.051987
290,0.268981,-2.997462,9.368872,0.959592,1.722369,-1.606876,-15.571269,-3.869132,-5.583897,0.988819,-0.136858,-0.026812,-0.052801
291,0.376793,-3.043290,9.394673,0.764341,1.105366,0.675298,-15.540689,-3.827895,-5.611560,0.988857,-0.136585,-0.026438,-0.052984
292,0.402575,-2.944679,9.243681,-0.715750,1.027973,1.260481,-15.541322,-3.784990,-5.589956,0.988881,-0.136569,-0.026093,-0.052748
293,0.424355,-2.981698,9.266456,-2.838200,1.545440,1.931040,-15.603163,-3.729392,-5.550149,0.988844,-0.137073,-0.025632,-0.052354
294,0.277179,-2.778010,9.204505,-2.785583,1.576552,2.795462,-15.700885,-3.658032,-5.488210,0.988779,-0.137875,-0.025046,-0.051757
295,0.254843,-3.014915,9.121386,-3.589208,1.650929,2.433205,-15.811516,-3.582603,-5.418807,0.988702,-0.138787,-0.024429,-0.051093
296,0.210401,-2.931916,9.078330,-4.245067,1.775440,2.632444,-15.946147,-3.504570,-5.353104,0.988592,-0.139906,-0.023775,-0.050461
297,0.313513,-2.929615,9.194071,-4.659256,1.977465,6.644850,-16.102480,-3.401768,-5.221521,0.988490,-0.141190,-0.022982,-0.049235
298,0.187390,-3.087525,9.208900,-5.051134,1.389408,7.936666,-16.277046,-3.280156,-5.003398,0.988403,-0.142611,-0.022129,-0.047240
299,0.348718,-3.286906,9.214823,-7.378408,1.118274,8.119034,-16.498011,-3.164574,-4.758086,0.988259,-0.144431,-0.021350,-0.045023
300,0.463560,-3.009054,9.122869,-9.300570,1.022884,8.812171,-16.790119,-3.049521,-4.497587,0.988021,-0.146867,-0.020577,-0.042686
301,0.410892,-3.285299,9.241735,-14.756490,0.870758,8.963506,-17.205385,-2.932711,-4.223138,0.987613,-0.150364,-0.019775,-0.040244
302,0.482860,-3.407880,9.003527,-17.274359,0.610114,3.893113,-17.749163,-2.844716,-4.025971,0.986980,-0.154991,-0.019093,-0.038522
303,0.562384,-3.194886,8.700565,-21.107391,1.581809,3.365199,-18.393921,-2.772243,-3.922266,0.986146,-0.160506,-0.018397,-0.037636
304,0.587643,-3.340680,8.499763,-27.337421,0.789079,2.072626,-19.204784,-2.705567,-3.849110,0.985026,-0.167451,-0.017664,-0.037040
305,0.697178,-3.818884,8.095448,-33.480751,1.024262,-1.293795,-20.218441,-2.672651,-3.847182,0.983515,-0.176149,-0.017056,-0.037128
306,0.699554,-3.733562,7.516157,-36.956787,1.762418,-2.295187,-21.388912,-2.650244,-3.919751,0.981647,-0.186191,-0.016366,-0.037886
307,0.468382,-3.863981,7.386703,-44.778759,3.000109,-2.946959,-22.745913,-2.609430,-4.030622,0.979346,-0.197807,-0.015376,-0.038954
308,0.609590,-4.326379,7.246222,-51.104733,2.020882,-3.583373,-24.337667,-2.576147,-4.163871,0.976466,-0.211399,-0.014304,-0.040239
309,0.520547,-4.458466,7.240818,-54.321392,3.388355,-5.602349,-26.086411,-2.559842,-4.341064,0.973067,-0.226292,-0.013200,-0.041925
310,0.372239,-4.662775,7.593122,-53.923370,3.523680,-1.523454,-27.883022,-2.510819,-4.499237,0.969354,-0.241522,-0.011792,-0.043362
311,0.294727,-4.851672,7.976077,-51.623657,3.038726,-3.926413,-29.635979,-2.459112,-4.631300,0.965510,-0.256320,-0.010396,-0.044535
312,0.219923,-5.358323,8.076280,-45.676220,1.489118,-1.366848,-31.252327,-2.438502,-4.745863,0.961759,-0.269916,-0.009324,-0.045591
313,0.297555,-5.195580,8.086587,-38.323952,1.497476,-2.413076,-32.648666,-2.429911,-4.825704,0.958369,-0.281619,-0.008500,-0.046348
314,0.204110,-5.573802,7.993590,-32.167168,1.002309,0.585939,-33.821301,-2.411622,-4.874095,0.955422,-0.291409,-0.007750,-0.046790
315,0.031683,-5.491923,7.940262,-29.762321,1.199033,-1.926257,-34.851723,-2.394144,-4.913149,0.952752,-0.299985,-0.007081,-0.047137
316,0.166566,-5.962785,7.686775,-28.068920,1.510251,1.404399,-35.814114,-2.362169,-4.946477,0.950195,-0.307969,-0.006330,-0.047385
317,0.295277,-5.730087,7.455155,-26.040249,2.638661,-0.438272,-36.714752,-2.297067,-4.974260,0.947752,-0.315409,-0.005342,-0.047485
318,0.033964,-6.210689,7.630480,-27.249334,3.344657,0.708558,-37.600605,-2.214730,-5.030945,0.945285,-0.322703,-0.004136,-0.047762
319,0.247535,-6.257536,7.552764,-25.806513,3.257244,-0.074837,-38.482578,-2.121607,-5.090398,0.942775,-0.329942,-0.002830,-0.048015
320,-0.033829,-6.336609,7.599539,-25.487759,3.386594,-0.456838,-39.334648,-2.040972,-5.166912,0.940286,-0.336919,-0.001586,-0.048426
321,0.201386,-6.326081,7.698376,-24.820112,3.549574,-1.711654,-40.169483,-1.975185,-5.268684,0.937782,-0.343740,-0.000389,-0.049073
322,0.168442,-6.785310,7.774766,-24.986944,2.462316,-2.007054,-40.995708,-1.939340,-5.381036,0.935241,-0.350480,0.000601,-0.049882
323,0.107322,-6.838277,7.536753,-23.315615,2.461667,-3.600847,-41.796486,-1.939614,-5.505541,0.932714,-0.357006,0.001335,-0.050891
324,-0.289615,-6.915380,7.531297,-24.210800,3.404971,-4.935907,-42.582706,-1.962635,-5.676776,0.930158,-0.363402,0.002040,-0.052343
325,0.336988,-7.187273,7.444970,-24.231718,4.234887,-4.147284,-43.383255,-1.972615,-5.874453,0.927502,-0.369890,0.002963,-0.053960
326,-0.036754,-7.500357,7.211893,-24.499302,4.553055,-4.900259,-44.188175,-1.971220,-6.084707,0.924781,-0.376389,0.004044,-0.055630
327,-0.072090,-7.575283,7.584019,-23.837282,6.018010,-4.547686,-44.985649,-1.956243,-6.320672,0.922028,-0.382800,0.005340,-0.057450
328,0.292029,-7.592843,7.674175,-21.512014,5.986948,-3.905826,-45.733299,-1.915847,-6.562083,0.919401,-0.388778,0.006858,-0.059214
329,0.277144,-7.858787,7.815151,-18.561968,5.776694,-3.870423,-46.393532,-1.873124,-6.793279,0.917039,-0.394036,0.008336,-0.060878
330,0.097312,-7.967737,7.584875,-13.382700,5.267681,-2.621555,-46.919201,-1.825430,-7.001507,0.915126,-0.398201,0.009720,-0.062337
331,0.077306,-7.723000,7.858325,-10.312864,4.897866,-0.996983,-47.308979,-1.754289,-7.166730,0.913700,-0.401265,0.011079,-0.063373
332,0.113583,-7.650894,7.259918,-5.683124,3.331648,0.984571,-47.572575,-1.661677,-7.267897,0.912750,-0.403314,0.012319,-0.063828
333,0.008915,-7.682515,7.352687,-5.090004,1.962320,2.282600,-47.751335,-1.562015,-7.296414,0.912137,-0.404689,0.013313,-0.063686
334,0.149715,-7.673589,7.142655,-2.765013,0.624899,4.331243,-47.883377,-1.451402,-7.254328,0.911730,-0.405694,0.014118,-0.062945
335,0.255863,-7.574450,7.149652,-2.223870,-0.662698,4.149932,-47.968872,-1.346931,-7.159088,0.911512,-0.406338,0.014659,-0.061808
336,0.294721,-8.045102,7.007334,-2.608276,-0.128687,4.442835,-48.051823,-1.249319,-7.053451,0.911305,-0.406967,0.015105,-0.060612
337,0.321726,-8.110942,7.190659,-9.190273,1.358850,3.321036,-48.249939,-1.139247,-6.982378,0.910670,-0.408502,0.015832,-0.059629
338,0.412018,-8.242868,7.995633,-19.568626,1.985564,2.447684,-48.729645,-1.030249,-6.960443,0.908995,-0.412265,0.016867,-0.058997
339,0.664139,-8.577895,8.484444,-32.270588,2.762822,1.370731,-49.593285,-0.930302,-6.978794,0.905882,-0.419056,0.018169,-0.058649
340,0.419153,-9.082552,9.228412,-42.535843,4.507534,1.192527,-50.838928,-0.819885,-7.044687,0.901272,-0.428817,0.019921,-0.058554
341,0.424767,-9.015204,9.494907,-47.328709,5.218056,1.008597,-52.335064,-0.690369,-7.148889,0.895581,-0.440469,0.022097,-0.058606
342,0.308023,-9.708153,9.090119,-47.165169,5.271004,3.202167,-53.908604,-0.529320,-7.246608,0.889445,-0.452629,0.024536,-0.058420
343,0.039313,-10.040517,8.047048,-37.401321,6.999823,9.397288,-55.317493,-0.239888,-7.291514,0.883872,-0.463382,0.027667,-0.057291
344,-0.121012,-9.756383,7.585809,-22.035402,9.305842,14.765953,-56.308025,0.245704,-7.289196,0.879962,-0.470768,0.031880,-0.055036
345,-0.240158,-9.711334,6.379241,-6.767123,8.239716,17.571320,-56.787548,0.856461,-7.235131,0.878147,-0.474153,0.036565,-0.051957
346,-0.643904,-9.445653,5.924955,9.988311,5.162863,20.981647,-56.730518,1.516150,-7.068967,0.878574,-0.473428,0.040906,-0.047969
347,-0.272657,-8.837141,5.901954,36.473476,3.831389,20.361599,-55.948071,2.172529,-6.810899,0.881971,-0.467164,0.044572,-0.043575
348,-0.111825,-8.438053,5.136341,55.209187,5.161595,15.203297,-54.410980,2.744144,-6.593996,0.888276,-0.455071,0.047547,-0.040206
349,-0.632000,-7.745835,4.903685,65.339882,0.209998,13.140029,-52.391354,3.175834,-6.382876,0.896237,-0.439200,0.049393,-0.037721
350,-0.442163,-6.565744,4.965712,78.547943,-1.645134,9.646056,-49.979397,3.456807,-6.124899,0.905358,-0.420200,0.049858,-0.035677
351,0.289297,-6.040823,5.189603,81.137505,0.995956,3.827075,-47.309727,3.617678,-5.967288,0.914941,-0.398978,0.049747,-0.035006
352,-0.111850,-5.494884,4.797371,65.282684,1.841687,3.852925,-44.867207,3.741423,-5.912027,0.923243,-0.379346,0.049803,-0.035200
353,-0.437998,-4.678467,5.330846,52.452187,-1.415683,0.206462,-42.902916,3.793371,-5.868378,0.929618,-0.363456,0.049474,-0.035529
354,-0.064304,-4.193166,5.052712,47.789299,-1.027979,-4.698870,-41.234516,3.712961,-5.896080,0.934811,-0.349914,0.048381,-0.036719
355,-0.167995,-4.215932,5.178014,39.051437,-1.304797,-5.225505,-39.793873,3.575483,-5.996374,0.939117,-0.338164,0.047087,-0.038555
356,-0.177510,-4.051920,4.819929,32.735016,-2.519552,-5.290925,-38.603436,3.415247,-6.091941,0.942562,-0.328435,0.045641,-0.040292
357,-0.095543,-3.816833,6.181219,36.162502,-4.712687,-8.073981,-37.461094,3.183111,-6.193125,0.945773,-0.319104,0.043605,-0.042232
358,-0.077720,-4.398968,6.453790,37.450832,-3.864993,-10.236078,-36.242718,2.885682,-6.351547,0.949073,-0.309129,0.041119,-0.044815
359,0.110777,-4.639354,7.562174,33.514832,-1.989185,-10.846608,-35.071110,2.601432,-6.580379,0.952106,-0.299481,0.038897,-0.047884
360,-0.166420,-4.751186,8.147385,28.448938,-0.584508,-11.275197,-34.050648,2.356782,-6.859927,0.954621,-0.291032,0.037143,-0.051184
361,-0.369445,-4.718549,8.802773,22.480263,-1.456683,-7.088387,-33.211246,2.158778,-7.096060,0.956621,-0.284067,0.035700,-0.053921
362,-0.527207,-4.956332,8.308575,12.648263,-0.122807,-4.339859,-32.631096,2.033312,-7.241736,0.957977,-0.279247,0.034733,-0.055627
363,-0.270043,-4.607100,8.757080,7.339432,-2.074410,2.214222,-32.298351,1.983364,-7.251998,0.958779,-0.276489,0.034179,-0.055935
364,-0.448152,-4.826420,8.617590,5.209938,-2.758035,4.559779,-32.084385,1.975506,-7.113488,0.959360,-0.274744,0.033677,-0.054858
365,-0.180825,-4.985870,8.043557,7.745145,-3.386782,6.158998,-31.861351,1.983283,-6.907600,0.959990,-0.272932,0.033145,-0.053180
366,-0.278860,-4.910707,7.957853,7.914761,-3.535291,3.546315,-31.593500,1.970207,-6.709235,0.960716,-0.270751,0.032442,-0.051625
367,-0.207531,-4.824193,8.442282,7.786379,-4.088241,1.945324,-31.326956,1.909553,-6.564741,0.961409,-0.268588,0.031475,-0.050631
368,-0.257567,-4.805932,8.444464,8.647827,-3.354959,0.570137,-31.049807,1.825121,-6.464556,0.962100,-0.266332,0.030411,-0.050064
369,-0.393157,-4.809324,8.192692,7.152331,-2.805640,0.220746,-30.784491,1.743770,-6.400465,0.962742,-0.264162,0.029464,-0.049784
370,-0.112921,-4.670274,8.797434,-1.462372,-2.648896,0.141224,-30.688110,1.668710,-6.348792,0.962986,-0.263403,0.028673,-0.049548
371,-0.312155,-4.960717,8.748465,-3.262046,-1.541690,1.392202,-30.765198,1.621761,-6.291066,0.962833,-0.264088,0.028179,-0.049153
372,-0.173009,-4.737023,8.363294,-5.134491,-1.099484,1.338656,-30.903397,1.607297,-6.229384,0.962540,-0.265272,0.027974,-0.048634
373,-0.261040,-4.813820,8.136415,-10.217902,-1.968098,2.539374,-31.156984,1.596817,-6.147607,0.961985,-0.267426,0.027802,-0.047911
374,-0.156741,-4.435273,7.874489,-15.478263,-3.448529,3.447162,-31.581589,1.571677,-6.015372,0.961042,-0.271033,0.027456,-0.046758
375,0.093750,-4.515830,7.429747,-17.859207,-4.021956,3.824886,-32.132641,1.529897,-5.846669,0.959794,-0.275711,0.026925,-0.045313
376,0.414847,-3.958585,6.539664,-21.301077,-2.859051,0.752934,-32.781994,1.474081,-5.720710,0.958265,-0.281200,0.026406,-0.044244
377,0.198611,-4.477290,6.684686,-26.902792,-2.578403,1.628327,-33.583290,1.420143,-5.637893,0.956306,-0.287937,0.026057,-0.043504
378,0.421374,-4.178470,6.279167,-27.709026,-0.050020,-2.122940,-34.492989,1.379230,-5.620136,0.953996,-0.295542,0.026015,-0.043254
379,0.652503,-4.796690,6.567380,-34.771858,2.738060,-6.036865,-35.537518,1.338192,-5.757254,0.951208,-0.304212,0.026432,-0.044262
380,0.330424,-5.279397,7.315802,-42.068268,4.435629,-8.447478,-36.824165,1.292486,-6.022708,0.947626,-0.314831,0.027278,-0.046284
381,-0.241109,-5.865431,8.150798,-43.584637,3.215045,-7.970830,-38.257973,1.227002,-6.317379,0.943487,-0.326622,0.028156,-0.048553
383,0.386158,-5.453703,7.909851,-39.666737,5.270610,-10.747514,-39.652084,1.140708,-6.648964,0.939293,-0.338035,0.029016,-0.051180
384,-0.212452,-5.988298,7.889873,-42.405766,5.121207,-10.161046,-41.026974,1.047607,-7.026741,0.934987,-0.349230,0.030020,-0.054196
385,-0.275108,-5.803597,7.641637,-38.239914,3.679429,-7.716244,-42.376446,0.958792,-7.346718,0.930644,-0.360178,0.030941,-0.056717
386,-0.148656,-5.769969,6.917706,-32.654900,3.006679,-5.665165,-43.561707,0.888156,-7.585824,0.926738,-0.369758,0.031726,-0.058557
387,0.145655,-5.747304,6.620411,-31.802387,2.429180,-3.421137,-44.638477,0.847763,-7.757569,0.923128,-0.378424,0.032517,-0.059773
388,-0.487856,-6.347878,6.343766,-33.899426,-1.123047,0.695983,-45.734112,0.830743,-7.804932,0.919440,-0.387228,0.033111,-0.059897
389,0.392941,-6.594324,6.543365,-33.308826,-3.554177,5.062813,-46.852341,0.845823,-7.682216,0.915684,-0.396209,0.033390,-0.058538
390,0.333681,-6.695065,6.579398,-31.461531,-3.345728,7.007689,-47.928329,0.915631,-7.461251,0.912045,-0.404816,0.033713,-0.056217
391,0.078996,-6.913414,6.573720,-32.541992,-4.216972,9.223307,-48.990269,1.034390,-7.187369,0.908405,-0.413269,0.034185,-0.053301
392,0.360522,-7.101920,6.929688,-32.750183,-5.092845,10.524784,-50.071934,1.183918,-6.855607,0.904635,-0.421848,0.034645,-0.049806
393,0.463691,-7.079944,6.944765,-31.652199,-5.739102,11.340077,-51.136993,1.350819,-6.484731,0.900851,-0.430268,0.035025,-0.045938
394,0.000335,-7.350168,7.117139,-29.698740,-5.254074,10.715566,-52.150074,1.525248,-6.112839,0.897174,-0.438246,0.035373,-0.042046
395,-0.218218,-7.694952,7.021793,-26.420763,-6.068009,12.062382,-53.074562,1.712288,-5.732270,0.893759,-0.445503,0.035689,-0.038062
396,-0.275403,-7.901659,7.144752,-23.209940,-5.874490,11.441198,-53.889256,1.908456,-5.338953,0.890705,-0.451883,0.035931,-0.033975
397,-0.353503,-8.313520,6.974628,-18.717663,-5.027795,11.299267,-54.575066,2.109700,-4.969763,0.888097,-0.457238,0.036219,-0.030092
398,-0.354197,-8.973136,7.252345,-12.628576,-3.918665,8.876015,-55.085304,2.298595,-4.653888,0.886134,-0.461212,0.036541,-0.026726
399,-0.267442,-8.863423,6.837207,-4.023812,-3.169899,6.463075,-55.352787,2.441122,-4.410785,0.885109,-0.463302,0.036720,-0.024185
400,-0.100089,-9.146564,6.865366,-2.327551,-1.411407,2.839409,-55.452110,2.525279,-4.259700,0.884737,-0.464085,0.036778,-0.022644
401,-0.254755,-9.028872,6.808782,1.886358,0.789519,-0.920191,-55.458275,2.545758,-4.233003,0.884717,-0.464134,0.036829,-0.022353
402,0.107995,-9.004084,6.680705,3.236001,3.769868,-6.479337,-55.378716,2.487345,-4.365686,0.885013,-0.463499,0.036900,-0.023640
403,-0.099410,-8.506362,6.557086,2.051345,8.007365,-10.174092,-55.304150,2.370643,-4.685259,0.885245,-0.462865,0.037274,-0.026606
404,0.094469,-8.428869,7.030865,-2.063065,10.592301,-10.961823,-55.322781,2.257334,-5.140982,0.885054,-0.462906,0.038245,-0.030580
405,0.081606,-8.474467,6.985428,-0.741222,10.700430,-9.775284,-55.388466,2.174603,-5.629739,0.884646,-0.463283,0.039601,-0.034667
406,0.123930,-8.483653,7.190349,0.046813,10.015092,-8.411720,-55.417191,2.121173,-6.086371,0.884381,-0.463370,0.041045,-0.038398
407,-0.058614,-8.630222,7.301856,-1.943450,7.155550,-3.854033,-55.461819,2.115186,-6.438251,0.884078,-0.463589,0.042437,-0.041121
408,0.476167,-8.504910,8.027654,-10.014501,3.770587,-2.521263,-55.668961,2.130461,-6.648663,0.883163,-0.465099,0.043483,-0.042604
409,0.123903,-8.955919,8.375628,-18.161837,1.453483,-4.388688,-56.143589,2.083721,-6.785433,0.881173,-0.468726,0.043860,-0.043667
410,0.275665,-8.653096,9.120572,-24.013817,1.559828,-6.060305,-56.851345,1.966118,-6.923587,0.878195,-0.474169,0.043800,-0.044943
411,0.533568,-8.820324,9.353271,-21.602100,3.211463,-3.458456,-57.616688,1.875749,-7.076410,0.874936,-0.480013,0.044050,-0.046196
412,0.156546,-8.964608,9.491128,-14.295963,4.727529,0.962600,-58.219425,1.910808,-7.210526,0.872350,-0.484537,0.045126,-0.046836
413,-0.199873,-9.011644,8.499664,-1.741604,4.091466,10.148960,-58.487736,2.145605,-7.238287,0.871233,-0.486437,0.047136,-0.045941
414,-0.007710,-9.460585,7.653812,5.982922,0.022272,21.120770,-58.408218,2.625514,-7.023461,0.871704,-0.485653,0.049839,-0.042296
415,-0.347887,-9.290161,6.490540,25.504894,-2.826061,28.363192,-57.859032,3.301171,-6.547520,0.874220,-0.481304,0.052782,-0.036049
416,-0.713479,-9.350366,5.183947,31.822338,-8.295053,34.738354,-56.857059,4.086242,-5.821986,0.878581,-0.473553,0.055473,-0.027682
417,-0.464325,-8.845779,4.604180,36.723820,-6.639424,34.721043,-55.648247,4.910612,-4.969270,0.883609,-0.464250,0.058068,-0.018327
418,-0.341294,-8.957873,4.970109,36.518463,-4.865640,33.307510,-54.352459,5.728781,-4.158380,0.888738,-0.454245,0.060976,-0.009427
419,-0.697762,-8.007072,4.804529,57.562107,-3.607635,26.402143,-52.709488,6.444744,-3.449518,0.894992,-0.441509,0.063686,-0.001985
420,-0.250143,-7.657479,4.793640,62.109016,-4.251506,18.032681,-50.649448,6.942644,-2.882315,0.902606,-0.425452,0.065451,0.003200
421,0.096040,-6.278584,5.541049,60.473186,-3.161145,9.600048,-48.558414,7.212279,-2.485790,0.910094,-0.409029,0.066222,0.006123
422,-0.293671,-5.917718,5.502287,52.147972,-7.250309,5.402099,-46.644268,7.278961,-2.185996,0.916754,-0.393918,0.065818,0.007645
423,-0.280692,-5.122967,4.922379,52.390049,-9.734971,-1.082165,-44.870495,7.133243,-1.930266,0.922790,-0.379877,0.063908,0.008199
424,-0.020330,-4.502735,5.066885,40.707897,-10.351209,-6.011955,-43.301205,6.810221,-1.780423,0.928039,-0.367392,0.060920,0.007496
425,-0.006593,-4.177962,5.562847,30.186836,-9.416533,-8.842293,-42.115067,6.400038,-1.737906,0.931962,-0.357914,0.057529,0.005924
426,0.130177,-5.105076,5.941289,32.134750,-8.726181,-12.121349,-41.083073,5.941795,-1.798362,0.935330,-0.349610,0.054026,0.003508
427,0.165751,-4.791187,6.148105,42.833771,-5.571558,-15.951462,-39.853905,5.456694,-2.000565,0.939202,-0.339602,0.050687,-0.000173
428,0.039007,-4.647354,7.072736,45.774475,-3.905841,-18.448624,-38.409035,4.972146,-2.347356,0.943556,-0.327724,0.047685,-0.005060
429,-0.081406,-4.712297,8.285849,46.430599,-0.844603,-21.434465,-36.912296,4.503209,-2.826804,0.947852,-0.315319,0.045058,-0.010945
430,-0.497805,-4.845821,8.997280,54.453384,-0.063111,-20.565994,-35.273216,4.078284,-3.385053,0.952297,-0.301653,0.042838,-0.017354
431,-0.831483,-4.575096,9.267388,57.179783,1.109508,-22.061207,-33.453743,3.692168,-3.982908,0.956935,-0.286414,0.040829,-0.023997
432,-0.533064,-4.044555,9.480999,56.493542,-1.913763,-15.416814,-31.591789,3.345039,-4.503249,0.961397,-0.270782,0.038753,-0.029850
433,-0.455210,-4.349658,9.288994,54.303047,-5.436493,-7.585717,-29.760527,3.045167,-4.770880,0.965570,-0.255418,0.036342,-0.033394
434,-0.147398,-4.038584,8.499984,45.703758,-8.848354,4.619686,-28.090359,2.814056,-4.698947,0.969241,-0.241433,0.033747,-0.033803
435,0.219984,-3.522262,8.366989,28.778410,-9.464669,13.552675,-26.829365,2.684464,-4.289225,0.971972,-0.230918,0.031449,-0.030960
436,0.668402,-2.866610,8.400949,14.642719,-9.669656,19.763969,-26.075825,2.647554,-3.649537,0.973633,-0.224704,0.029677,-0.025805
437,0.659360,-3.048326,8.723915,2.366373,-7.812762,13.442380,-25.763430,2.628361,-3.023870,0.974372,-0.222213,0.028231,-0.020603
438,0.677480,-2.058007,9.100311,-1.725496,-2.330228,6.770040,-25.735527,2.622873,-2.646578,0.974489,-0.222069,0.027448,-0.017412
439,0.539907,-1.731502,9.067531,1.372187,3.538650,-2.131317,-25.738548,2.674692,-2.585617,0.974485,-0.222097,0.027771,-0.016792
440,0.205996,-1.665694,8.886229,8.311659,5.784698,-9.524400,-25.588547,2.730612,-2.828269,0.974728,-0.220747,0.028692,-0.018784
441,-0.248430,-1.579311,8.917548,16.871969,6.317761,-12.187569,-25.188583,2.757718,-3.242095,0.975414,-0.217231,0.029641,-0.022355
442,-0.299148,-1.665736,9.082038,23.588802,6.412742,-11.209205,-24.535683,2.786458,-3.685568,0.976537,-0.211545,0.030577,-0.026250
443,-0.389841,-2.279120,9.072424,27.594631,4.945546,-10.474932,-23.702602,2.811810,-4.093239,0.977945,-0.204322,0.031329,-0.029905
444,-0.578334,-2.365337,9.700397,26.385553,2.832025,-6.160652,-22.818012,2.821603,-4.399420,0.979408,-0.196679,0.031707,-0.032746
445,-0.218072,-2.666895,9.932614,20.116734,1.979909,-3.529755,-22.051912,2.834381,-4.579496,0.980646,-0.190073,0.031895,-0.034477
446,-0.257298,-2.769410,9.807301,10.669106,0.826339,-1.704992,-21.543724,2.845484,-4.678004,0.981448,-0.185690,0.031997,-0.035444
447,-0.114242,-2.711933,9.729146,2.032371,-0.325972,-0.533458,-21.333910,2.839622,-4.715817,0.981775,-0.183885,0.031942,-0.035836
448,-0.140702,-2.323330,9.583398,-5.610282,-0.999446,0.798226,-21.392937,2.820655,-4.703631,0.981687,-0.184401,0.031778,-0.035746
449,0.311732,-2.500118,9.358124,-10.828008,-0.801242,2.204244,-21.664074,2.811102,-4.645989,0.981267,-0.186743,0.031687,-0.035193
450,-0.054333,-2.331044,9.271194,-13.389176,-1.167841,1.954536,-22.063931,2.806454,-4.569331,0.980633,-0.190189,0.031643,-0.034434
451,0.412973,-2.247174,9.303699,-13.823716,-0.489469,2.940734,-22.513258,2.811857,-4.483274,0.979905,-0.194054,0.031678,-0.033564
452,0.102232,-2.326678,9.470926,-14.304987,0.038932,2.754855,-22.977591,2.841615,-4.392685,0.979132,-0.198038,0.031911,-0.032610
453,0.438321,-2.607348,9.423212,-13.302014,0.274313,1.998194,-23.434156,2.877643,-4.321834,0.978350,-0.201944,0.032224,-0.031813
454,-0.054835,-2.364092,9.425507,-13.525568,0.117927,0.341400,-23.879606,2.899298,-4.288700,0.977563,-0.205747,0.032472,-0.031366
455,0.219973,-2.681223,9.407735,-14.588151,-0.080620,2.800248,-24.345743,2.921304,-4.241128,0.976728,-0.209727,0.032700,-0.030787
456,0.059662,-2.613002,9.179688,-15.230020,0.182868,0.458349,-24.840206,2.945380,-4.192364,0.975823,-0.213945,0.032947,-0.030185
457,-0.093641,-2.650316,9.036850,-16.680370,-0.083838,2.747995,-25.369572,2.969630,-4.144640,0.974833,-0.218456,0.033201,-0.029580
458,0.479086,-2.936738,8.815339,-16.900053,-0.254056,4.740984,-25.923222,3.018495,-4.029502,0.973788,-0.223179,0.033534,-0.028345
459,0.674591,-3.223068,8.301876,-18.336258,2.457534,1.677390,-26.506218,3.098620,-3.949615,0.972647,-0.228126,0.034199,-0.027335
460,-0.050124,-3.101719,8.347249,-23.876081,2.343015,0.743092,-27.209705,3.188397,-3.949736,0.971213,-0.234062,0.035127,-0.026941
461,0.073479,-3.284662,8.428004,-27.465160,0.643187,-2.691392,-28.068258,3.217461,-4.001733,0.969416,-0.241306,0.035683,-0.027055
462,0.792102,-3.322643,8.100953,-31.141409,1.333562,-6.794058,-29.053589,3.170942,-4.156768,0.967275,-0.249600,0.035859,-0.028158
463,-0.199454,-3.437749,8.418348,-37.145760,1.698162,-7.656795,-30.204435,3.096036,-4.391519,0.964671,-0.259256,0.036041,-0.029944
464,-0.423464,-3.262379,8.631984,-40.343605,-1.484622,-5.261272,-31.505688,2.988660,-4.578384,0.961629,-0.270177,0.035919,-0.031356
465,0.394355,-3.897016,8.440074,-40.274509,-1.508687,-6.106256,-32.855900,2.845164,-4.712426,0.958358,-0.281504,0.035416,-0.032406
466,0.162137,-3.984022,8.110948,-39.367531,0.734905,-1.565740,-34.187950,2.763882,-4.812049,0.955001,-0.292628,0.035368,-0.033032
467,-0.270684,-4.387974,8.164167,-39.289516,0.581606,1.465184,-35.499378,2.780700,-4.825551,0.951584,-0.303526,0.035919,-0.032692
468,0.019575,-4.620391,7.797503,-37.530857,-0.404388,2.579706,-36.776958,2.822596,-4.772634,0.948152,-0.314116,0.036482,-0.031736
469,0.394708,-5.398600,7.860230,-34.376259,-0.323817,1.626804,-37.972130,2.855360,-4.709487,0.944839,-0.323995,0.036903,-0.030740
470,0.057092,-5.369217,7.723290,-26.930069,1.084246,3.644701,-38.990734,2.920000,-4.648565,0.941932,-0.332374,0.037529,-0.029722
471,-0.144183,-5.537169,7.756061,-20.357651,2.246367,2.678819,-39.776375,3.029686,-4.602057,0.939633,-0.338795,0.038493,-0.028756
472,-0.060444,-5.859647,8.033077,-14.209186,3.257641,1.983167,-40.352432,3.149963,-4.601568,0.937906,-0.343465,0.039619,-0.028196
473,-0.054190,-5.461992,7.691362,-7.974524,3.726904,-2.329159,-40.726604,3.234729,-4.681669,0.936751,-0.346462,0.040645,-0.028463
474,-0.536267,-5.349864,7.600051,-9.359385,4.542044,-2.581595,-41.024128,3.285507,-4.834018,0.935804,-0.348817,0.041597,-0.029446
475,-0.329522,-5.244616,7.488357,-15.031579,4.501733,-5.995208,-41.442547,3.304639,-5.041203,0.934468,-0.352147,0.042497,-0.030924
476,-0.134530,-5.495176,7.692272,-25.577415,3.958424,-6.820165,-42.133850,3.267431,-5.294903,0.932260,-0.357700,0.043173,-0.032848
477,-0.231697,-5.394357,7.493373,-32.549358,3.517127,-7.802497,-43.117443,3.193886,-5.559016,0.929083,-0.365623,0.043700,-0.034854
478,-0.236218,-5.832164,7.965477,-40.399723,4.923975,-6.259208,-44.347862,3.133432,-5.826018,0.925025,-0.375504,0.044459,-0.036738
480,-0.087539,-6.028755,7.887655,-38.520508,5.924657,-4.523955,-45.676998,3.133989,-6.081069,0.920524,-0.386107,0.045746,-0.038267
481,0.198083,-6.083833,7.783670,-35.131779,6.367528,-2.179230,-46.916840,3.194755,-6.306486,0.916215,-0.395920,0.047422,-0.039361
482,0.131982,-6.339723,7.515552,-30.642952,6.278959,-0.276034,-48.023373,3.307008,-6.489547,0.912283,-0.404610,0.049339,-0.039959
483,0.204146,-6.500002,7.531695,-26.975290,6.576441,0.806074,-48.992748,3.455514,-6.644291,0.908770,-0.412161,0.051408,-0.040229
484,0.239346,-6.557718,7.029612,-21.186983,4.986106,1.845050,-49.802666,3.614474,-6.761952,0.905788,-0.418428,0.053375,-0.040210
485,0.284813,-6.748839,7.424202,-22.550537,4.436236,0.767251,-50.537567,3.748427,-6.854796,0.903049,-0.424106,0.055029,-0.040099
486,-0.115339,-6.957498,7.387423,-20.831095,4.768923,0.884932,-51.267319,3.866548,-6.956790,0.900291,-0.429727,0.056592,-0.040102
487,-0.217374,-7.251669,7.710529,-19.138874,4.463068,1.172958,-51.940277,3.989011,-7.056278,0.897713,-0.434882,0.058162,-0.040079
488,-0.246415,-7.249088,7.641913,-15.175488,2.777899,1.261278,-52.517155,4.094988,-7.126980,0.895484,-0.439294,0.059460,-0.039929
489,-0.353780,-7.581351,8.160829,-13.430009,2.200645,1.171257,-52.996906,4.177440,-7.168615,0.893619,-0.442966,0.060429,-0.039682
490,-0.307368,-7.455494,7.785289,-7.106371,1.495231,1.136223,-53.341106,4.245138,-7.194938,0.892273,-0.445591,0.061176,-0.039440
491,-0.364534,-7.775357,8.140239,-5.906777,1.001886,-0.545336,-53.560043,4.277832,-7.222564,0.891409,-0.447260,0.061613,-0.039409
492,0.050727,-7.513780,7.927126,-2.224080,1.505884,-0.800938,-53.699062,4.284562,-7.269678,0.890849,-0.448311,0.061898,-0.039674
493,0.050532,-7.546349,7.845739,-0.918693,2.236603,-1.329024,-53.756783,4.292862,-7.341165,0.890598,-0.448716,0.062262,-0.040166
494,0.031693,-7.240288,7.590424,1.073367,2.881897,-0.231972,-53.760548,4.322322,-7.425587,0.890552,-0.448680,0.062822,-0.040703
495,-0.008397,-7.339795,7.583301,0.399578,1.455068,1.696817,-53.739342,4.384764,-7.469565,0.890617,-0.448450,0.063471,-0.040810
496,0.077637,-7.287528,7.413747,1.777726,-0.718024,3.999299,-53.699478,4.468565,-7.423157,0.890786,-0.448111,0.063925,-0.040140
497,0.002108,-7.945907,7.402463,1.994678,-3.036065,4.623109,-53.625946,4.547258,-7.287178,0.891116,-0.447563,0.063978,-0.038813
498,0.373737,-7.877573,7.844422,-6.088239,-4.872397,3.781357,-53.679081,4.581968,-7.097388,0.890969,-0.448060,0.063524,-0.037171
499,0.426252,-7.868700,9.072188,-25.482916,-6.492850,1.538130,-54.188911,4.542225,-6.891458,0.889034,-0.452158,0.062568,-0.035449
500,0.351026,-8.131047,9.835662,-38.741917,-5.668808,0.462534,-55.244793,4.452661,-6.706235,0.884891,-0.460486,0.061458,-0.033804
501,0.432851,-8.403698,10.847352,-41.425507,-3.923050,-1.146924,-56.571060,4.353899,-6.579835,0.879544,-0.470824,0.060570,-0.032529
502,-0.080448,-7.962354,10.889548,-36.731544,-4.285574,0.784707,-57.865093,4.275017,-6.467807,0.874206,-0.480832,0.059863,-0.031322
503,-0.374052,-8.438179,10.056274,-30.702208,-3.955787,8.772628,-58.973709,4.338613,-6.266721,0.869563,-0.489335,0.059786,-0.028942
504,-0.354710,-8.888051,9.148966,-6.411730,-1.586846,16.968386,-59.568596,4.659769,-5.966594,0.867060,-0.493817,0.061066,-0.024966
505,-0.313885,-8.853339,8.025459,19.261345,-4.314476,21.484745,-59.318947,5.161015,-5.553640,0.868161,-0.491866,0.063027,-0.019802
506,-0.607278,-8.887198,6.203400,28.719322,-6.090970,28.149700,-58.464176,5.778945,-4.974272,0.871787,-0.485359,0.065113,-0.013226
507,-0.172842,-8.538484,5.425155,34.953747,-5.113275,25.569654,-57.335236,6.437951,-4.336642,0.876425,-0.476764,0.067356,-0.006227
508,-0.520832,-8.352470,5.297423,42.243404,-2.036160,22.848515,-55.984554,7.046041,-3.789489,0.881814,-0.466415,0.069720,-0.000315
509,-0.397473,-7.944341,4.664385,39.661140,-1.989332,18.004818,-54.562733,7.566637,-3.342588,0.887334,-0.455457,0.071958,0.004367
510,-0.449585,-7.217015,4.766701,36.437145,0.173642,11.849860,-53.251373,7.950605,-3.021859,0.892312,-0.445292,0.073742,0.007544
511,-0.262139,-6.141552,5.274788,47.786400,0.496938,3.758244,-51.826614,8.163419,-2.870810,0.897673,-0.434162,0.074922,0.008622
512,-0.397020,-5.739799,5.751245,48.225090,0.318931,1.729290,-50.219830,8.242378,-2.822579,0.903631,-0.421528,0.075479,0.008244
513,-0.222901,-4.959117,5.977079,47.751476,-1.107891,-4.932101,-48.624096,8.193142,-2.847375,0.909438,-0.408910,0.075285,0.006818
514,-0.419492,-4.380802,5.983973,47.556744,-2.348760,-9.329968,-47.052467,7.977928,-2.964675,0.915069,-0.396419,0.074062,0.004098
515,-0.462949,-4.255598,6.084355,42.112053,-1.286418,-9.028498,-45.581303,7.714619,-3.133261,0.920206,-0.384648,0.072563,0.000901
516,-0.366964,-4.211525,5.880297,28.725260,-2.016923,-9.789074,-44.425251,7.453830,-3.317667,0.924154,-0.375345,0.071072,-0.002180
517,-0.308916,-4.326741,5.550357,24.260889,-2.793196,-13.165515,-43.570263,7.130258,-3.538615,0.927056,-0.368449,0.069151,-0.005548
518,-0.549474,-4.079731,5.717977,18.402414,-5.634735,-13.106419,-42.886295,6.727845,-3.762783,0.929380,-0.362958,0.066568,-0.009066
519,-0.393140,-4.276167,6.571415,14.893983,-6.576224,-11.789410,-42.350395,6.297156,-3.931120,0.931205,-0.358707,0.063557,-0.012106
520,-0.177845,-4.263972,6.849195,13.477257,-6.645807,-14.287919,-41.896053,5.842235,-4.106548,0.932746,-0.355122,0.060355,-0.015209
521,-0.370703,-4.559808,7.503847,14.223158,-6.498539,-12.734948,-41.453159,5.379081,-4.298095,0.934215,-0.351625,0.057113,-0.018438
522,-0.173199,-4.489842,8.716991,13.791352,-5.682722,-11.656200,-41.001801,4.958535,-4.470794,0.935669,-0.348048,0.054135,-0.021362
523,0.116245,-4.923306,9.088495,24.629469,-2.017301,-10.398073,-40.377823,4.621602,-4.666543,0.937586,-0.343009,0.051850,-0.024276
524,-0.091883,-4.795858,8.467209,31.790007,0.044580,-10.504189,-39.457035,4.372953,-4.913812,0.940305,-0.335468,0.050340,-0.027455
525,-0.092378,-4.914441,8.672934,31.933058,0.469866,-7.120030,-38.412663,4.195084,-5.148548,0.943296,-0.326866,0.049294,-0.030358
526,0.110035,-4.507158,8.830381,27.486385,1.584558,-4.289972,-37.434872,4.105415,-5.320222,0.946019,-0.318775,0.048772,-0.032446
527,-0.114449,-4.374547,8.463648,24.646599,2.903871,-1.400225,-36.574757,4.108134,-5.441440,0.948349,-0.311613,0.048879,-0.033807
528,-0.029714,-4.018300,8.533162,15.510843,2.865441,-0.332106,-35.911339,4.168686,-5.521955,0.950103,-0.306053,0.049399,-0.034594
529,-0.078324,-3.954778,9.036796,11.001728,2.395951,1.401115,-35.472187,4.250287,-5.558812,0.951243,-0.302353,0.050040,-0.034871
530,-0.149808,-3.670783,9.069661,10.034456,1.591919,2.209722,-35.120800,4.339348,-5.548113,0.952152,-0.299395,0.050644,-0.034700
531,-0.132709,-3.785516,8.923588,9.695772,1.814899,1.457415,-34.790634,4.420932,-5.530504,0.953001,-0.296617,0.051176,-0.034486
532,-0.205441,-3.694902,8.932541,6.180404,1.376234,3.011007,-34.523605,4.507012,-5.499391,0.953681,-0.294366,0.051731,-0.034122
533,-0.275218,-3.798113,8.943204,3.859054,-0.390682,4.432250,-34.348888,4.590748,-5.406103,0.954139,-0.292912,0.052137,-0.033207
534,-0.072028,-3.916498,8.865828,0.195746,-1.780190,5.643864,-34.268463,4.655561,-5.246481,0.954376,-0.292283,0.052246,-0.031747
535,0.200458,-3.969423,8.739066,-1.272474,-1.920514,4.637000,-34.271988,4.701127,-5.069575,0.954404,-0.292371,0.052174,-0.030155
536,0.191888,-3.972332,8.746147,-3.443061,-1.605500,3.734777,-34.338348,4.731242,-4.920699,0.954266,-0.292978,0.052062,-0.028807
537,0.229417,-3.981676,8.806137,-4.695059,-1.376698,2.779523,-34.464226,4.751602,-4.802637,0.953968,-0.294070,0.051960,-0.027714
538,0.317788,-3.738848,8.585811,-6.375412,-0.836101,2.140362,-34.641376,4.767753,-4.713885,0.953530,-0.295577,0.051908,-0.026853
539,0.069908,-3.601533,8.121999,-9.440953,-0.946724,0.234945,-34.900852,4.765945,-4.664250,0.952870,-0.297759,0.051824,-0.026327
540,-0.065829,-3.790908,7.717862,-17.820839,-1.974939,1.854985,-35.350517,4.746199,-4.607572,0.951712,-0.301530,0.051614,-0.025706
541,-0.007459,-4.126579,7.467371,-23.804089,-2.709870,0.380411,-36.037979,4.704497,-4.531486,0.949912,-0.307287,0.051218,-0.024878
542,-0.028069,-4.233746,7.071035,-26.757113,-2.474290,0.700099,-36.875256,4.645779,-4.465501,0.947669,-0.314274,0.050733,-0.024120
543,-0.243775,-4.687456,7.053238,-31.611481,-2.950539,1.120841,-37.841618,4.592340,-4.386228,0.945013,-0.322313,0.050271,-0.023189
544,0.358237,-4.908394,7.505715,-33.447803,-1.135728,-1.732333,-38.923100,4.532616,-4.351815,0.941949,-0.331258,0.049898,-0.022605
545,0.298956,-5.261054,8.394046,-27.957907,2.720983,-2.521881,-39.952106,4.508254,-4.423600,0.938927,-0.339682,0.050112,-0.022817
546,0.101018,-4.795392,8.405275,-22.987114,4.245189,-0.028518,-40.809666,4.569412,-4.531357,0.936325,-0.346625,0.051107,-0.023135
547,0.333659,-5.362800,8.952960,-24.966938,5.148282,-1.476644,-41.618729,4.670633,-4.653578,0.933809,-0.353126,0.052469,-0.023455
548,0.487639,-5.139942,8.946317,-20.431866,7.970146,-3.223076,-42.392227,4.780757,-4.858814,0.931339,-0.359274,0.054164,-0.024420
549,-0.250497,-5.233810,8.618994,-20.112320,7.492564,2.000402,-43.084091,4.956443,-5.049270,0.929076,-0.364713,0.056339,-0.025072
550,-0.241651,-4.982731,7.924475,-24.761583,4.729092,2.470338,-43.839645,5.155337,-5.135468,0.926590,-0.370687,0.058388,-0.024747
551,-0.119321,-5.278950,7.851348,-28.662205,3.532385,1.539049,-44.734447,5.300401,-5.184132,0.923625,-0.377812,0.059907,-0.024200
552,-0.468555,-4.957620,7.164026,-28.511932,0.747661,4.659479,-45.685215,5.423936,-5.162016,0.920436,-0.385409,0.061022,-0.023105
553,-0.284011,-5.331862,6.691540,-31.538486,-2.241115,4.760281,-46.673882,5.519677,-5.034760,0.917079,-0.393354,0.061547,-0.021227
554,0.160633,-5.393920,6.197137,-29.855152,-1.179935,2.045488,-47.685535,5.563979,-4.915458,0.913581,-0.401477,0.061667,-0.019575
555,0.016621,-5.412003,6.252528,-31.736540,-1.097556,1.843043,-48.705002,5.587162,-4.843721,0.909980,-0.409615,0.061766,-0.018372
556,-0.039645,-5.772292,6.362124,-35.100708,-1.367185,1.139009,-49.812630,5.598032,-4.779875,0.905985,-0.418421,0.061793,-0.017230
557,0.050244,-6.195622,6.883023,-35.163799,-0.106348,-0.468502,-50.981045,5.591023,-4.753770,0.901677,-0.427654,0.061813,-0.016420
558,-0.180686,-6.275542,7.393806,-31.699955,2.618036,-0.999855,-52.100021,5.598064,-4.802036,0.897450,-0.436409,0.062209,-0.016166
559,-0.503546,-6.562088,8.000527,-31.685349,3.905869,-0.762353,-53.166584,5.640922,-4.906669,0.893325,-0.444663,0.063097,-0.016234
560,-0.354353,-6.823716,7.755248,-25.662611,6.689374,-2.862254,-54.139977,5.696988,-5.085491,0.889479,-0.452106,0.064372,-0.016863
561,-0.401833,-7.156348,7.817462,-20.604776,8.335910,-2.254005,-54.936478,5.773135,-5.340169,0.886261,-0.458090,0.066094,-0.018078
562,-0.275108,-7.334586,7.389622,-16.594542,8.981353,-3.391749,-55.586067,5.860422,-5.632348,0.883585,-0.462885,0.068047,-0.019600
563,-0.493036,-7.618637,7.171595,-17.053598,8.430688,-1.321977,-56.176250,5.958293,-5.918173,0.881121,-0.467199,0.070063,-0.021044
564,-0.162277,-7.644739,7.127769,-17.400219,6.801025,-0.748006,-56.774807,6.069660,-6.150072,0.878605,-0.471582,0.071978,-0.021993
565,-0.507681,-8.104941,7.389127,-18.421160,4.632640,1.756148,-57.388012,6.187244,-6.301786,0.876018,-0.476105,0.073621,-0.022273
566,-0.349104,-7.942984,7.466337,-15.782230,3.581389,1.834407,-57.967258,6.310861,-6.385942,0.873562,-0.480392,0.075025,-0.022018
567,-0.433933,-8.164561,7.754521,-15.330324,2.604641,3.824434,-58.490032,6.445301,-6.424166,0.871329,-0.484258,0.076305,-0.021392
568,-0.271676,-7.976153,7.978388,-11.324667,1.389556,2.095571,-58.934929,6.564118,-6.429800,0.869419,-0.487554,0.077309,-0.020627
569,-0.661865,-8.417417,8.072234,-7.351985,-0.040531,3.254133,-59.243145,6.652163,-6.403145,0.868092,-0.489850,0.077915,-0.019836
570,-0.235677,-8.151346,8.126463,-2.721313,-1.057221,2.698920,-59.403252,6.728111,-6.336302,0.867402,-0.491057,0.078229,-0.018892
571,-0.265874,-8.057499,7.980009,0.023993,-1.081123,1.666787,-59.440193,6.772594,-6.268118,0.867246,-0.491353,0.078278,-0.018158
572,-0.328965,-7.944316,7.774951,2.436483,0.132609,0.585985,-59.395294,6.796862,-6.235169,0.867438,-0.491019,0.078313,-0.017834
573,-0.210693,-8.387184,7.745714,2.491973,0.809205,0.603620,-59.313553,6.821910,-6.238585,0.867782,-0.490381,0.078504,-0.017807
574,0.145845,-8.331717,7.662039,0.246974,0.699393,-1.162156,-59.271061,6.826743,-6.265148,0.867959,-0.490038,0.078647,-0.018017
575,0.099681,-7.837976,8.676728,-10.733046,-0.660770,-3.363273,-59.450474,6.762169,-6.304411,0.867198,-0.491413,0.078357,-0.018471
576,-0.229685,-8.046294,9.676469,-17.253645,-3.455142,-1.566881,-59.914814,6.656580,-6.286530,0.865224,-0.495006,0.077560,-0.018479
577,-0.264515,-8.115549,10.211632,-13.403581,-5.094048,3.325012,-60.409653,6.611001,-6.147369,0.863109,-0.498861,0.076691,-0.017297
578,-0.302770,-8.250623,10.476599,-4.667879,-8.184050,9.401254,-60.676170,6.686676,-5.848248,0.861972,-0.501018,0.075990,-0.014534
579,-0.994548,-8.049825,10.171000,15.721691,-9.501686,17.625872,-60.434776,6.933728,-5.366606,0.863020,-0.499364,0.075715,-0.009979
580,-1.346614,-9.210029,8.325317,42.036404,-10.634732,26.482292,-59.389156,7.400887,-4.702262,0.867449,-0.491628,0.076297,-0.003617
581,-0.383527,-9.185770,7.079388,66.787369,-8.975565,26.313969,-57.475784,7.978481,-3.956252,0.875337,-0.477247,0.077520,0.003236
583,-0.361739,-8.412391,6.312067,69.336693,-8.469540,21.971292,-55.108147,8.484773,-3.260060,0.884761,-0.459266,0.078681,0.009056
584,0.112735,-7.731936,5.413393,65.391335,-5.162760,9.966847,-52.788300,8.780619,-2.757085,0.893689,-0.441461,0.079214,0.012533
585,0.337377,-7.452046,5.481887,48.498966,-0.287156,1.633315,-50.861149,8.874921,-2.562862,0.900917,-0.426460,0.079431,0.013080
586,0.306442,-6.006166,6.152888,40.696655,1.468277,-8.346817,-49.388363,8.800661,-2.650401,0.906371,-0.414820,0.079323,0.011095
587,-0.761775,-5.252549,6.403000,31.259312,1.191179,-9.749230,-48.224678,8.602032,-2.884320,0.910659,-0.405525,0.078684,0.007721
588,-0.299856,-4.651339,6.622907,31.328642,-0.546764,-7.827518,-47.212242,8.392318,-3.091364,0.914321,-0.397420,0.077797,0.004640
589,-0.959960,-4.255550,6.947052,27.299004,-2.063050,1.770665,-46.240677,8.289213,-3.129304,0.917710,-0.389676,0.077138,0.003323
590,-0.633928,-4.148998,7.268435,28.343142,-7.143188,6.358892,-45.283623,8.279783,-2.923095,0.920931,-0.382140,0.076400,0.004304
591,-0.319724,-3.778292,7.415103,26.733431,-7.685317,8.185357,-44.315395,8.275671,-2.573307,0.924113,-0.374579,0.075257,0.006465
592,0.023358,-3.812970,7.697360,22.583759,-7.818626,9.332923,-43.436771,8.291924,-2.179728,0.926924,-0.367732,0.074173,0.009124
593,-0.139815,-4.214652,7.872715,21.524193,-6.429473,3.988654,-42.654465,8.270104,-1.852027,0.929396,-0.361614,0.073023,0.011206
594,-0.292070,-4.224650,8.668906,28.450705,-7.787834,-0.770522,-41.792980,8.130448,-1.650886,0.932143,-0.354792,0.071348,0.011858
595,-0.123100,-3.306231,8.866732,36.893791,-4.942473,-9.876584,-40.703140,7.853690,-1.644175,0.935621,-0.346006,0.069179,0.010394
596,-0.312011,-3.593358,8.898799,37.740261,-3.833471,-9.413211,-39.480045,7.534095,-1.797163,0.939434,-0.336012,0.067117,0.007459
597,-0.161369,-3.502332,9.074601,40.857471,-2.983495,-9.981247,-38.193710,7.242915,-1.979309,0.943296,-0.325433,0.065319,0.004373
598,-0.561001,-3.087688,9.030955,43.677406,-1.626085,-10.008374,-36.812191,6.979140,-2.198584,0.947278,-0.313999,0.063789,0.001045
599,-0.155029,-2.705024,8.546623,42.183975,-0.961230,-9.617103,-35.410217,6.751539,-2.439259,0.951147,-0.302328,0.062544,-0.002338
600,-0.704753,-3.078847,8.110580,36.989468,-1.905385,-4.559273,-34.110394,6.577581,-2.607285,0.954584,-0.291486,0.061493,-0.004893
601,-0.516830,-3.224545,8.097822,35.351677,-2.717036,-3.720137,-32.913116,6.437573,-2.680390,0.957632,-0.281505,0.060449,-0.006493
602,-0.883501,-2.869787,8.020812,30.263088,-2.960323,-5.035233,-31.827732,6.279641,-2.753377,0.960315,-0.272436,0.059236,-0.008056
603,-0.729496,-2.918561,8.217367,26.326504,-5.531450,-0.548286,-30.885290,6.110269,-2.759100,0.962590,-0.264581,0.057759,-0.008986
604,-1.007044,-3.110305,8.336173,21.543201,-5.544673,-0.684827,-30.079437,5.941120,-2.682708,0.964499,-0.257897,0.056100,-0.009133
605,-0.395093,-2.842319,9.116782,15.281531,-6.318690,-3.196206,-29.461412,5.737403,-2.640398,0.965956,-0.252775,0.054241,-0.009532
606,-0.545032,-2.526994,9.489173,13.520319,-5.395650,-2.464013,-28.980129,5.520900,-2.627178,0.967090,-0.248787,0.052345,-0.010122
607,-0.307970,-2.700134,9.444954,10.881835,-5.781912,-2.647407,-28.572010,5.316617,-2.612115,0.968043,-0.245408,0.050552,-0.010623
608,-0.069137,-2.795428,9.529161,7.366358,-4.689011,-4.961686,-28.270470,5.102783,-2.640653,0.968754,-0.242910,0.048778,-0.011454
609,0.191173,-2.492757,9.595720,6.784774,-4.071214,-3.292652,-28.039244,4.909079,-2.693197,0.969299,-0.240989,0.047227,-0.012407
610,-0.066251,-2.329388,9.426664,8.380904,-2.924493,-0.853035,-27.787020,4.773721,-2.699708,0.969868,-0.238891,0.046068,-0.012851
611,-0.021423,-2.511867,9.286313,5.633574,-2.811408,-0.346354,-27.551233,4.679804,-2.672984,0.970389,-0.236932,0.045192,-0.012915
612,0.125392,-2.295165,9.335107,4.341706,-2.065586,2.364977,-27.379494,4.623211,-2.605408,0.970767,-0.235520,0.044554,-0.012527
613,-0.178560,-2.075826,9.682755,2.212277,-1.453452,4.828043,-27.259455,4.626156,-2.471561,0.971026,-0.234554,0.044292,-0.011434
614,-0.181671,-2.044838,9.915677,1.683707,-1.674342,6.199288,-27.179285,4.663898,-2.283677,0.971196,-0.233937,0.044220,-0.009795
615,-0.132265,-2.385338,10.222841,2.400243,-2.170971,7.846692,-27.091732,4.713649,-2.045321,0.971378,-0.233275,0.044149,-0.007706
616,-0.142787,-1.907570,10.559545,6.576647,-3.883934,6.867963,-26.920279,4.735096,-1.780094,0.971734,-0.231918,0.043783,-0.005480
617,-0.076886,-2.165003,10.393963,9.720532,-5.021805,6.510262,-26.626745,4.702938,-1.513236,0.972346,-0.229536,0.042961,-0.003392
618,0.051410,-2.291533,10.237403,10.673351,-4.715065,4.505757,-26.267532,4.639354,-1.275774,0.973086,-0.226586,0.041941,-0.001637
619,0.075676,-2.248236,9.882983,8.866476,-4.465104,3.431847,-25.926922,4.560082,-1.089054,0.973783,-0.223773,0.040898,-0.000330
620,0.191694,-2.000041,9.148360,4.396662,-3.534911,0.342024,-25.696821,4.467438,-0.974004,0.974259,-0.221872,0.039887,0.000386
621,0.370775,-2.209457,8.796616,-6.716411,-1.039883,-2.302668,-25.735228,4.384550,-0.970311,0.974211,-0.222212,0.039175,0.000270
622,-0.025773,-1.735725,8.840855,-13.489252,0.953789,-5.487185,-26.080849,4.326546,-1.086732,0.973554,-0.225119,0.038910,-0.000715
623,0.094013,-1.738745,8.542984,-16.682343,0.561735,-6.193116,-26.597658,4.262846,-1.272882,0.972545,-0.229455,0.038746,-0.002248
624,0.168345,-1.984500,8.934610,-18.094950,1.885873,-8.764037,-27.195049,4.186431,-1.514314,0.971351,-0.234454,0.038603,-0.004249
625,-0.099068,-1.946448,9.338173,-16.272186,2.279807,-8.687201,-27.788879,4.113854,-1.805116,0.970130,-0.239400,0.038618,-0.006663
626,-0.194765,-2.080467,9.543893,-13.333284,2.363498,-6.951163,-28.301327,4.059656,-2.072200,0.969046,-0.243658,0.038757,-0.008865
627,-0.076740,-2.608050,9.719825,-12.521029,2.178643,-4.635403,-28.746799,4.033959,-2.278509,0.968081,-0.247359,0.039020,-0.010513
628,0.026036,-2.551963,9.788317,-13.645827,2.315246,-3.150117,-29.193476,4.036582,-2.428649,0.967094,-0.251079,0.039412,-0.011622
629,-0.164837,-2.549684,9.651814,-15.476589,1.878331,0.129793,-29.684391,4.072657,-2.507007,0.965993,-0.255183,0.039940,-0.012033
630,0.121808,-2.753384,9.206328,-18.517944,0.557657,2.428316,-30.249771,4.129006,-2.490269,0.964709,-0.259937,0.040435,-0.011566
631,0.336293,-2.887599,8.776001,-23.052805,0.834833,1.140031,-30.939753,4.179146,-2.450797,0.963118,-0.265742,0.040833,-0.010874
632,0.403891,-2.961700,8.373477,-26.964333,1.481994,1.335871,-31.772215,4.233665,-2.435649,0.961149,-0.272722,0.041332,-0.010319
633,0.310827,-3.245767,7.552794,-29.369968,1.067107,0.118468,-32.711212,4.282541,-2.437795,0.958869,-0.280575,0.041829,-0.009878
634,0.505667,-3.408811,6.894428,-34.375225,1.431557,-2.919958,-33.778187,4.291825,-2.499922,0.956208,-0.289466,0.042154,-0.009983
635,0.828928,-3.455055,7.225396,-39.936089,3.599668,-7.976812,-35.031330,4.258582,-2.697785,0.952975,-0.299841,0.042502,-0.011254
636,0.333542,-3.567631,7.462736,-43.786388,4.286735,-8.080129,-36.448269,4.209365,-2.992625,0.949176,-0.311507,0.043032,-0.013305
637,0.250871,-3.983448,8.134007,-45.056805,3.088077,-9.775352,-37.951420,4.127330,-3.304678,0.944988,-0.323839,0.043409,-0.015546
638,-0.045246,-3.645141,9.630388,-43.430309,5.126938,-11.555103,-39.451725,4.011955,-3.668777,0.940637,-0.336086,0.043730,-0.018305
639,-0.156630,-3.965279,10.670737,-38.930874,4.809192,-10.269849,-40.850819,3.904334,-4.054399,0.936418,-0.347438,0.044241,-0.021250
640,-0.527308,-4.614929,10.481278,-24.909733,5.539272,-8.416224,-41.938168,3.827808,-4.402792,0.933023,-0.356203,0.044902,-0.023905
641,-0.276207,-4.485113,9.943632,-13.548944,5.190894,-9.330481,-42.601620,3.761487,-4.742615,0.930880,-0.361493,0.045573,-0.026616
642,-0.282177,-4.280620,9.437539,-11.420994,6.276536,-10.634172,-43.042061,3.675800,-5.117459,0.929403,-0.364956,0.046175,-0.029756
643,-0.082143,-5.107660,8.505589,-10.641605,4.442886,-10.182006,-43.433525,3.568406,-5.493352,0.928059,-0.368028,0.046615,-0.032990
644,0.077368,-4.915713,7.120812,-6.732514,4.267401,-11.253653,-43.744984,3.427210,-5.852905,0.926959,-0.370473,0.046726,-0.036232
645,0.425838,-4.610811,6.370633,-15.823328,2.802935,-11.563624,-44.141632,3.248276,-6.209152,0.925565,-0.373628,0.046569,-0.039535
646,0.206314,-4.966235,6.372178,-24.565990,3.235044,-11.200980,-44.833496,3.053945,-6.550760,0.923177,-0.379175,0.046374,-0.042654
647,0.285336,-5.329988,5.789060,-26.925459,1.479621,-9.089317,-45.706852,2.868798,-6.844795,0.920150,-0.386184,0.046204,-0.045289
648,0.327508,-5.250941,5.489348,-32.355671,2.458564,-10.121428,-46.707794,2.682897,-7.113992,0.916630,-0.394204,0.046038,-0.047681
649,0.044251,-5.231428,6.117886,-43.483231,0.969289,-9.787056,-47.983688,2.477600,-7.380999,0.912062,-0.404397,0.045877,-0.050020
650,-0.440319,-5.800406,6.974543,-51.770988,-0.074067,-8.158114,-49.579578,2.262168,-7.589331,0.906233,-0.417103,0.045625,-0.051812
651,0.071617,-6.180463,7.385871,-54.446194,-2.791242,-6.687769,-51.353935,2.040665,-7.709839,0.899588,-0.431169,0.045139,-0.052883
652,-0.084528,-6.238379,7.926879,-55.475563,-1.950588,-7.328463,-53.188122,1.807204,-7.790320,0.892504,-0.445619,0.044476,-0.053693
653,0.194863,-6.669729,8.312176,-54.418171,-2.155205,-5.866529,-55.021374,1.589138,-7.863815,0.885191,-0.459939,0.043941,-0.054421
654,0.278404,-7.357110,8.244921,-49.072876,0.560443,-6.295892,-56.748131,1.406339,-7.955378,0.878083,-0.473297,0.043735,-0.055212
655,0.291717,-7.373471,7.876825,-41.339893,1.431329,-6.005162,-58.257915,1.251648,-8.093460,0.871672,-0.484861,0.043867,-0.056338
656,0.141263,-7.370790,7.601873,-33.472206,3.001445,-4.526901,-59.507793,1.139715,-8.247442,0.866230,-0.494345,0.044298,-0.057504
657,0.335087,-7.314181,7.358108,-27.129942,1.953136,-1.028388,-60.520046,1.100939,-8.365126,0.861760,-0.501955,0.045028,-0.058166
658,0.361080,-7.305315,7.103094,-22.186678,1.853721,2.010305,-61.342869,1.145928,-8.412467,0.858121,-0.508084,0.045991,-0.057995
659,0.106221,-7.512311,7.158119,-17.199022,0.958110,5.595806,-61.998875,1.279673,-8.393385,0.855242,-0.512916,0.047234,-0.056989
660,0.447625,-7.630146,7.182663,-11.126169,0.317200,7.121042,-62.469051,1.476989,-8.313254,0.853217,-0.516337,0.048574,-0.055306
661,0.334429,-7.657073,7.135484,-6.475248,0.010077,7.800234,-62.759377,1.700233,-8.203542,0.852008,-0.518410,0.049875,-0.053354
662,0.619413,-7.690863,7.251716,-3.858004,1.713787,5.283578,-62.929260,1.907322,-8.129457,0.851315,-0.519581,0.051155,-0.051787
663,0.344815,-7.896401,7.336626,0.027462,1.696113,4.411706,-62.992283,2.077102,-8.106586,0.851072,-0.519956,0.052339,-0.050815
664,0.648401,-7.591076,7.144401,3.253812,0.788657,3.303084,-62.936775,2.210450,-8.084968,0.851358,-0.519473,0.053205,-0.050073
665,0.495869,-7.525918,7.210529,3.521811,0.642320,2.966087,-62.822807,2.314317,-8.058507,0.851904,-0.518574,0.053806,-0.049457
666,0.549097,-7.642982,7.251172,4.003470,1.129284,2.493456,-62.696747,2.408732,-8.043091,0.852496,-0.517586,0.054383,-0.048973
667,0.123194,-7.826077,7.161569,6.158332,1.268754,2.825812,-62.527153,2.505828,-8.037786,0.853279,-0.516266,0.055009,-0.048574
668,0.179022,-7.536556,7.051888,7.270663,1.759578,3.703733,-62.303085,2.625654,-8.032112,0.854307,-0.514524,0.055780,-0.048098
669,0.349660,-7.602405,7.122619,7.453835,2.144735,3.944719,-62.057583,2.768760,-8.030175,0.855428,-0.512604,0.056734,-0.047560
670,0.533713,-7.420009,7.021178,9.947176,2.762795,4.091656,-61.768017,2.925430,-8.039291,0.856737,-0.510337,0.057823,-0.047069
671,0.427430,-7.324963,6.871172,10.928081,2.399452,4.583122,-61.420464,3.093521,-8.046182,0.858297,-0.507624,0.058967,-0.046546
672,0.700324,-7.209829,6.879108,10.307507,1.183593,5.535430,-61.064945,3.270106,-8.017350,0.859898,-0.504859,0.060017,-0.045730
673,0.526884,-7.164121,6.865973,10.754420,-0.349040,5.043008,-60.709629,3.430945,-7.943614,0.861502,-0.502124,0.060758,-0.044651
674,0.258032,-7.109410,7.005330,11.567710,-1.218810,4.864752,-60.331257,3.561859,-7.839375,0.863205,-0.499247,0.061140,-0.043492
675,-0.195130,-7.093436,6.915129,11.425619,-3.045660,4.363766,-59.939327,3.659861,-7.700853,0.864965,-0.496302,0.061129,-0.042228
676,-0.010982,-7.164268,7.019013,9.924857,-4.908734,3.396629,-59.571949,3.704858,-7.520773,0.866619,-0.493593,0.060557,-0.040866
677,-0.192961,-7.085882,6.992031,10.161856,-5.685422,2.162382,-59.224316,3.694767,-7.321175,0.868182,-0.491073,0.059501,-0.039581
678,-0.429380,-7.251419,7.151890,9.518825,-5.928557,1.764243,-58.883503,3.651355,-7.121065,0.869706,-0.488618,0.058201,-0.038426
679,0.084701,-7.770226,7.063615,8.839939,-6.185410,0.819396,-58.565216,3.583351,-6.925751,0.871123,-0.486339,0.056750,-0.037393
680,0.270044,-7.744792,8.282787,-3.622863,-7.300819,-0.748029,-58.466431,3.466980,-6.733062,0.871602,-0.485750,0.055018,-0.036473
681,0.124729,-7.672954,9.637563,-20.238064,-10.369573,-3.709926,-58.851639,3.250518,-6.519692,0.870026,-0.488899,0.052589,-0.035597
682,0.132404,-8.403515,10.389292,-29.479425,-11.365867,-4.902738,-59.667393,2.942217,-6.281232,0.866584,-0.495353,0.049484,-0.034758
683,0.464335,-8.640099,10.789548,-29.221418,-9.063235,-5.380313,-60.635483,2.624283,-6.070875,0.862414,-0.502908,0.046463,-0.034156
684,-0.056029,-8.610560,10.844386,-25.767038,-5.589779,-4.125412,-61.545940,2.367718,-5.933520,0.858414,-0.509924,0.044203,-0.033903
686,-0.127047,-8.514701,9.497224,-2.525069,-0.423187,0.287835,-62.015114,2.264111,-5.875298,0.856328,-0.513506,0.043307,-0.033753
687,0.114210,-8.794976,7.538307,17.770367,5.298946,7.282555,-61.761517,2.413676,-5.887490,0.857470,-0.511534,0.044405,-0.033270
688,0.069337,-8.267929,6.405108,26.534061,9.171572,12.419641,-61.025600,2.817405,-5.942002,0.860745,-0.505797,0.047459,-0.032174
689,-0.288753,-7.429737,5.845357,32.824093,9.858489,15.846932,-60.038769,3.383528,-5.986529,0.865069,-0.498058,0.051641,-0.030444
690,-0.322297,-6.923843,5.411809,26.646572,8.110340,21.154861,-59.044209,4.066942,-5.931937,0.869358,-0.490192,0.056316,-0.027535
691,-0.334884,-7.044309,5.174593,10.501315,10.062367,21.686291,-58.416676,4.834703,-5.820439,0.871995,-0.485054,0.061521,-0.023720
692,-0.818465,-5.828067,6.119289,6.388188,11.575149,24.251358,-58.126389,5.675577,-5.725102,0.873124,-0.482412,0.067450,-0.019578
693,-1.006590,-6.715270,5.572551,5.196873,9.978659,24.655499,-57.919724,6.557220,-5.597754,0.873837,-0.480384,0.073585,-0.014996
694,-0.695509,-6.790394,4.717381,29.412395,-2.998476,-0.108793,-57.328724,6.965031,-5.476171,0.876216,-0.475699,0.076111,-0.012734
695,0.156197,-5.747027,5.972057,26.435627,-19.782461,-5.276039,-56.365765,6.681938,-5.203579,0.880289,-0.468667,0.072718,-0.012449
696,-0.221237,-6.747250,6.675975,12.789129,-17.644831,-9.759306,-55.669662,6.126331,-4.823068,0.883302,-0.463856,0.066831,-0.012226
697,0.071365,-7.336855,5.810584,21.012180,-19.339554,-16.866882,-55.080742,5.411124,-4.566026,0.885863,-0.459824,0.060220,-0.013474
698,0.116040,-5.175580,6.677225,30.205690,-19.296629,-20.307817,-54.212952,4.533034,-4.398871,0.889501,-0.453603,0.052651,-0.016129
699,-0.039833,-5.242815,7.165600,3.816868,-8.810004,5.644964,-53.628536,4.059490,-4.163973,0.891905,-0.449371,0.047967,-0.016436
700,-0.474751,-5.985079,5.822466,20.440819,6.369225,3.414209,-53.214764,4.157229,-4.041225,0.893525,-0.446158,0.048191,-0.015270
701,-0.070679,-4.107531,5.625265,54.733013,-2.769971,7.742121,-51.956936,4.340803,-3.975827,0.898349,-0.436275,0.049208,-0.014582
702,-0.139904,-4.152241,6.220479,47.110035,-2.985051,6.289192,-50.242912,4.463259,-3.753055,0.904779,-0.422835,0.049129,-0.013103
703,0.094926,-4.695444,7.082899,49.896732,-4.682365,6.058043,-48.608341,4.536452,-3.521391,0.910730,-0.409956,0.048689,-0.011698
704,-0.065942,-4.454552,7.932696,52.242935,-4.388710,-0.885823,-46.892990,4.498698,-3.350871,0.916790,-0.396363,0.047617,-0.011193
705,-0.265076,-4.640956,8.761827,44.079643,-4.933716,-0.566827,-45.280655,4.372877,-3.254884,0.922313,-0.383510,0.046122,-0.011513
706,-0.419237,-4.944735,9.118836,43.892712,-2.313220,-5.049185,-43.813362,4.221292,-3.236728,0.927182,-0.371729,0.044686,-0.012450
707,-0.419553,-4.212194,9.496705,69.050308,-3.627717,-3.879077,-41.934425,4.046988,-3.278384,0.933183,-0.356521,0.043187,-0.014065
708,-0.594031,-4.027802,8.837697,69.697243,-2.457439,-5.136166,-39.626110,3.872454,-3.326301,0.940203,-0.337693,0.041606,-0.015842
709,-0.165902,-3.714024,8.936074,70.403885,-4.755904,-3.733942,-37.294853,3.686177,-3.367377,0.946907,-0.318545,0.039851,-0.017546
710,-0.463601,-2.667311,9.218040,73.332520,-3.732562,-5.179099,-34.902592,3.484875,-3.403945,0.953381,-0.298763,0.037897,-0.019206
711,-0.364581,-2.560352,9.400341,62.045338,-4.936462,-5.848501,-32.651669,3.262411,-3.476521,0.959091,-0.280028,0.035829,-0.021101
712,-0.246253,-2.670697,9.373945,43.797867,-5.313601,-7.105765,-30.893364,3.003541,-3.569820,0.963298,-0.265334,0.033542,-0.023035
713,-0.124686,-2.539312,9.846647,34.150513,-5.527817,-6.845084,-29.599991,2.730137,-3.679312,0.966246,-0.254502,0.031219,-0.024946
714,-0.244724,-2.306889,9.487963,30.559170,-4.440161,-6.764373,-28.526951,2.474721,-3.796782,0.968591,-0.245495,0.029077,-0.026781
715,-0.124742,-2.696074,9.069651,18.818756,-3.216399,-6.917107,-27.709902,2.254660,-3.937871,0.970306,-0.238621,0.027316,-0.028643
716,-0.102408,-2.701356,8.679762,-0.759959,-3.584265,-9.525270,-27.416077,2.027220,-4.128360,0.970885,-0.236165,0.025709,-0.030798
717,-0.197095,-2.613252,9.264323,-14.924840,-3.100266,-10.141934,-27.685434,1.776517,-4.367218,0.970276,-0.238481,0.024156,-0.033284
718,-0.064211,-2.887416,9.356424,-23.761133,-4.604440,-15.250914,-28.339058,1.464163,-4.680393,0.968816,-0.244062,0.022373,-0.036462
719,-0.102748,-2.916541,9.577518,-25.704948,-4.015030,-15.374760,-29.171890,1.092672,-5.058805,0.966890,-0.251168,0.020332,-0.040309
720,0.229304,-2.767584,9.871436,-16.604185,-6.261195,-11.627622,-29.881878,0.721852,-5.365919,0.965190,-0.257251,0.018148,-0.043604
721,0.302849,-2.804704,9.938531,-1.132885,-4.810673,-6.406881,-30.179029,0.411658,-5.534046,0.964434,-0.259855,0.016032,-0.045676
722,0.530685,-2.930684,9.044373,6.943148,-5.467946,-2.095997,-30.082346,0.192466,-5.570886,0.964619,-0.259127,0.014231,-0.046496
723,0.423245,-2.485227,8.709520,13.400187,-3.187987,5.409993,-29.742929,0.095014,-5.451207,0.965420,-0.256323,0.013005,-0.045747
724,0.698262,-2.637165,8.681365,7.393760,-4.158627,6.248976,-29.395918,0.084486,-5.221965,0.966281,-0.253428,0.012271,-0.043877
725,0.554975,-2.631549,8.593075,-0.997036,-2.945998,2.763305,-29.289083,0.055003,-5.032992,0.966585,-0.252557,0.011565,-0.042359
726,0.788032,-2.271157,8.971467,-6.257082,-3.183189,1.601527,-29.409946,0.001705,-4.919490,0.966355,-0.253607,0.010909,-0.041508
727,0.690108,-2.340372,9.569230,-11.095904,-0.840207,-1.626458,-29.699192,-0.056780,-4.886764,0.965718,-0.256070,0.010447,-0.041335
728,0.911458,-2.596035,9.719530,-12.651103,-0.944881,-5.303143,-30.094843,-0.140043,-4.972027,0.964788,-0.259425,0.010082,-0.042205
729,0.933382,-2.830084,9.725534,-12.095302,1.701226,-8.909951,-30.506569,-0.248595,-5.182956,0.963758,-0.262911,0.009804,-0.044192
730,0.833477,-2.861149,9.615222,-9.946815,2.902575,-9.704374,-30.872398,-0.340808,-5.488896,0.962780,-0.265996,0.009881,-0.046945
731,0.590814,-3.180502,9.341759,-11.682673,3.686719,-11.685492,-31.230471,-0.430524,-5.850955,0.961778,-0.269008,0.010124,-0.050163
732,0.649882,-3.261509,9.075504,-13.280862,4.384366,-13.016321,-31.642992,-0.530462,-6.272382,0.960595,-0.272474,0.010469,-0.053897
733,0.465760,-3.333272,8.899892,-14.986334,6.298538,-16.190290,-32.108948,-0.636324,-6.779774,0.959212,-0.276379,0.011025,-0.058356
734,0.403524,-3.098932,8.896047,-16.248575,7.896023,-17.351183,-32.622372,-0.735689,-7.378601,0.957626,-0.280663,0.011923,-0.063554
735,0.652755,-3.305329,8.923584,-19.135357,9.078096,-18.742777,-33.203144,-0.825041,-8.037316,0.955790,-0.285488,0.013140,-0.069210
736,0.729049,-3.306275,8.946300,-18.631535,9.984798,-22.771675,-33.820980,-0.942204,-8.789625,0.953732,-0.290615,0.014445,-0.075697
737,0.650138,-3.379824,8.979985,-19.456360,9.719731,-24.949612,-34.440544,-1.116405,-9.632383,0.951514,-0.295768,0.015582,-0.083066
738,0.676901,-3.660722,9.132357,-22.445097,8.075561,-24.481443,-35.120625,-1.342714,-10.478395,0.949029,-0.301449,0.016424,-0.090573
739,0.520004,-3.818592,9.221581,-23.616732,5.797176,-24.420385,-35.867485,-1.627913,-11.276401,0.946285,-0.307724,0.016799,-0.097817
740,0.261893,-3.858438,9.340023,-23.291019,3.973247,-22.132223,-36.626488,-1.955450,-11.998748,0.943455,-0.314139,0.016725,-0.104542
741,0.202897,-3.959408,9.494034,-23.332392,2.437240,-17.783421,-37.381439,-2.270647,-12.594682,0.940665,-0.320522,0.016488,-0.110194
742,0.175387,-4.142013,9.485645,-20.796293,1.788300,-15.068599,-38.096783,-2.550308,-13.071074,0.938041,-0.326560,0.016239,-0.114776
743,0.238089,-4.043162,9.351470,-16.263937,2.282471,-14.219933,-38.694565,-2.800347,-13.496213,0.935760,-0.331609,0.016021,-0.118875
744,0.137691,-4.221609,9.202690,-13.074272,3.571965,-12.579129,-39.162804,-3.004962,-13.905534,0.933853,-0.335557,0.016034,-0.122734
745,0.451126,-4.443711,9.019103,-9.415490,4.229433,-13.892756,-39.514782,-3.183995,-14.329768,0.932252,-0.338530,0.016203,-0.126656
746,0.349208,-4.555569,8.860259,-5.437124,5.527462,-15.514872,-39.734764,-3.371169,-14.811822,0.930944,-0.340429,0.016353,-0.131087
747,0.475599,-4.469215,8.864159,-0.981122,5.522449,-15.923847,-39.810215,-3.564652,-15.333361,0.929989,-0.341158,0.016416,-0.135874
748,0.373395,-4.420719,8.939916,1.853398,5.380236,-14.196513,-39.763592,-3.746094,-15.836473,0.929401,-0.340893,0.016381,-0.140489
749,0.492816,-4.545031,9.011902,4.355275,4.073890,-11.069839,-39.631771,-3.893724,-16.262102,0.929163,-0.339918,0.016280,-0.144387
750,0.396013,-4.455171,9.079707,6.542807,3.335297,-6.714755,-39.428974,-3.987038,-16.570072,0.929306,-0.338329,0.016174,-0.147182
751,0.443132,-4.405512,8.909695,9.040793,2.169915,-2.266442,-39.157112,-4.010724,-16.744493,0.929864,-0.336125,0.016143,-0.148703
752,0.432384,-4.503189,8.731986,7.797945,1.240973,1.856832,-38.873611,-3.970741,-16.785719,0.930667,-0.333774,0.016221,-0.148964
753,0.529329,-4.760150,8.514910,5.208508,0.197217,5.508489,-38.662395,-3.875114,-16.704872,0.931453,-0.331964,0.016493,-0.148067
754,0.673923,-4.839489,8.456383,1.679093,-1.872584,7.339227,-38.559940,-3.763239,-16.519756,0.932064,-0.331036,0.016738,-0.146262
755,0.582414,-4.910836,8.625278,-3.706293,-3.465147,6.914542,-38.609451,-3.684548,-16.278090,0.932280,-0.331389,0.016745,-0.144067
756,0.922436,-5.056399,8.801696,-6.876055,-5.142249,6.661948,-38.802933,-3.654909,-16.011295,0.932072,-0.332970,0.016454,-0.141785
757,0.791081,-4.940824,8.913881,-8.395856,-5.481567,6.227380,-39.075279,-3.657567,-15.732383,0.931618,-0.335227,0.015954,-0.139486
758,0.728246,-4.787115,8.948534,-9.314883,-6.023385,6.060120,-39.388409,-3.676539,-15.451921,0.931025,-0.337829,0.015354,-0.137218
759,0.687737,-4.518404,8.771480,-8.912844,-5.629584,2.107121,-39.707024,-3.739612,-15.222829,0.930313,-0.340510,0.014541,-0.135499
760,0.731318,-4.427189,8.342105,-8.594335,-5.414389,-1.394310,-40.007313,-3.873229,-15.095517,0.929479,-0.343094,0.013427,-0.134818
761,0.301729,-4.505605,7.982868,-11.661081,-5.427210,-3.263759,-40.348911,-4.061315,-15.038168,0.928392,-0.346052,0.012127,-0.134866
762,0.606909,-4.745846,7.790739,-15.673722,-6.907636,-5.763054,-40.805931,-4.315269,-15.018648,0.926852,-0.349997,0.010544,-0.135414
763,0.782140,-4.843591,7.779927,-18.902870,-8.167782,-8.202109,-41.381413,-4.657564,-15.028960,0.924824,-0.354971,0.008482,-0.136474
764,0.871798,-5.218291,7.927030,-23.148777,-8.340253,-5.444142,-42.083401,-5.014223,-15.015525,0.922380,-0.360963,0.006392,-0.137403
765,1.001902,-5.560984,8.012855,-25.309530,-9.135403,-1.047413,-42.901516,-5.302158,-14.897891,0.919697,-0.367808,0.004673,-0.137306
766,1.274708,-5.773787,8.092409,-26.463499,-9.032277,1.737448,-43.784729,-5.514657,-14.680556,0.916925,-0.375083,0.003312,-0.136201
767,1.103717,-5.932545,7.905790,-26.273344,-9.197694,6.605184,-44.693981,-5.635419,-14.367368,0.914191,-0.382460,0.002379,-0.134063
768,1.045848,-6.181030,7.726855,-25.186604,-9.165690,12.506556,-45.595032,-5.625715,-13.923424,0.911676,-0.389639,0.002001,-0.130478
769,0.949312,-6.175692,7.502283,-22.165358,-10.285448,17.988642,-46.441090,-5.485419,-13.334219,0.909543,-0.396262,0.002045,-0.125312
770,0.887079,-6.212416,7.361336,-19.633816,-10.927362,22.335661,-47.204979,-5.237639,-12.613221,0.907839,-0.402149,0.002321,-0.118738
771,0.948397,-6.311570,7.140835,-15.916822,-11.911271,26.088953,-47.870609,-4.899543,-11.784199,0.906564,-0.407203,0.002748,-0.110991
772,0.934904,-6.463569,7.042495,-12.391041,-11.514569,27.093777,-48.414864,-4.500277,-10.898865,0.905716,-0.411274,0.003263,-0.102576
773,0.878340,-6.678390,6.796627,-7.991797,-10.907465,27.724703,-48.820717,-4.062072,-10.011955,0.905288,-0.414250,0.003889,-0.094000
774,0.923976,-6.916095,6.577489,-4.007532,-9.545378,26.106222,-49.077381,-3.609663,-9.163693,0.905279,-0.416064,0.004601,-0.085670
775,0.663593,-6.928138,6.582192,-0.208547,-8.929382,23.647156,-49.193615,-3.184252,-8.386859,0.905629,-0.416803,0.005229,-0.077997
776,0.445152,-6.864796,7.007070,2.767636,-9.663122,21.722902,-49.189171,-2.814646,-7.657068,0.906290,-0.416632,0.005499,-0.070894
777,0.643229,-6.868687,7.007780,6.024135,-11.297322,20.813145,-49.076572,-2.507278,-6.928196,0.907256,-0.415646,0.005222,-0.064022
778,0.822018,-6.771797,7.213483,6.420067,-11.258510,16.029526,-48.898052,-2.290813,-6.240923,0.908348,-0.414178,0.004355,-0.057805
779,0.713527,-6.704655,7.496226,4.796828,-10.174699,10.986168,-48.733341,-2.187244,-5.675122,0.909251,-0.412854,0.003056,-0.052951
780,0.882632,-6.684037,7.418389,1.747257,-7.876463,5.623661,-48.639954,-2.177920,-5.266076,0.909774,-0.412119,0.001616,-0.049673
781,1.003990,-6.741075,7.062953,-3.853189,-4.239135,0.036158,-48.683376,-2.240419,-5.051985,0.909689,-0.412483,0.000367,-0.048197
782,0.862198,-6.782023,7.239301,-10.432330,0.370237,-5.946493,-48.920864,-2.356906,-5.068339,0.908788,-0.414400,-0.000398,-0.048746
783,0.657909,-6.528929,7.344782,-14.458970,4.376117,-9.618102,-49.326046,-2.501160,-5.298094,0.907169,-0.417652,-0.000532,-0.051089
784,0.577675,-6.284520,7.332031,-16.356894,7.396906,-11.494608,-49.822731,-2.641687,-5.675976,0.905127,-0.421622,-0.000031,-0.054591
785,0.593421,-6.198981,7.541671,-16.078838,10.034961,-11.048486,-50.341537,-2.743335,-6.140351,0.902941,-0.425746,0.001139,-0.058626
786,0.532173,-6.005428,7.696280,-14.099113,12.638173,-10.416074,-50.819534,-2.779663,-6.659942,0.900867,-0.429511,0.003045,-0.062842
787,0.383819,-5.720980,7.568686,-10.922956,14.958042,-10.053320,-51.208988,-2.755352,-7.232654,0.899087,-0.432539,0.005612,-0.067234
789,0.397490,-5.808720,7.955229,-9.350762,13.852510,-8.263556,-51.520027,-2.693835,-7.798902,0.897594,-0.434916,0.008426,-0.071423
790,0.459423,-5.832640,8.332134,-5.206042,11.758102,-6.530432,-51.740028,-2.622175,-8.287092,0.896478,-0.436564,0.010985,-0.074955
791,0.299313,-5.666124,8.434763,0.194323,9.094700,-4.276811,-51.806217,-2.548521,-8.671928,0.896003,-0.437005,0.013073,-0.077679
792,0.359646,-5.411729,8.619994,6.597197,4.757514,-0.999173,-51.682713,-2.474494,-8.907862,0.896346,-0.435972,0.014467,-0.079259
793,0.359813,-5.411309,9.170934,10.801236,0.049427,2.833704,-51.390907,-2.400566,-8.951577,0.897457,-0.433643,0.015010,-0.079360
794,0.519483,-5.394416,9.017620,15.716732,-2.093886,5.244047,-50.953556,-2.316909,-8.840508,0.899220,-0.430185,0.014948,-0.078233
795,0.777152,-5.453097,8.603084,18.049145,-1.935440,4.479523,-50.396957,-2.234043,-8.685727,0.901440,-0.425788,0.014645,-0.076782
796,0.609246,-5.504115,8.353005,16.276691,0.586340,-0.736364,-49.827099,-2.200646,-8.628393,0.903599,-0.421289,0.014316,-0.076279
797,0.628203,-5.693220,8.251845,13.739682,4.054338,-8.045493,-49.320847,-2.262122,-8.782205,0.905322,-0.417307,0.014053,-0.077780
798,0.937662,-5.739991,7.918957,15.281233,6.593884,-17.808992,-48.819969,-2.471706,-9.198803,0.906753,-0.413411,0.013554,-0.081888
799,1.013006,-5.761953,7.714678,17.282059,9.563004,-29.764494,-48.243210,-2.887747,-9.926219,0.908079,-0.409003,0.012434,-0.089194
800,0.926156,-5.866732,7.764681,17.786400,10.029817,-39.290474,-47.601963,-3.523416,-10.941121,0.909172,-0.404215,0.010455,-0.099535
801,1.489580,-6.044394,7.814361,18.603983,8.779454,-46.596786,-46.912537,-4.362060,-12.145256,0.909953,-0.399222,0.007363,-0.112040
802,1.704483,-5.936800,7.665694,20.175859,9.681148,-53.835583,-46.149063,-5.365116,-13.524516,0.910435,-0.393845,0.003340,-0.126426
803,1.565390,-5.840654,7.614384,19.572676,13.839581,-57.831406,-45.323620,-6.424173,-15.112028,0.910506,-0.388145,-0.000673,-0.142554
804,1.696772,-5.722961,7.845929,18.389658,18.793808,-56.441563,-44.481747,-7.383442,-16.856955,0.910132,-0.382372,-0.003590,-0.159496
805,1.400898,-5.475292,8.127623,21.318378,26.233482,-52.323967,-43.572758,-8.103779,-18.698166,0.909689,-0.375960,-0.004600,-0.176346
806,1.343866,-5.118983,8.193841,27.396225,35.253941,-46.690079,-42.484512,-8.480289,-20.623770,0.909697,-0.367820,-0.003122,-0.192743
807,1.084933,-5.102724,8.485060,29.336231,43.407318,-40.480053,-41.249058,-8.472835,-22.602299,0.910155,-0.358017,0.001042,-0.208421
808,1.017291,-5.022478,8.867445,31.245808,49.538296,-36.245319,-39.952358,-8.128705,-24.602165,0.910790,-0.347138,0.007517,-0.223385
809,0.582535,-4.856897,8.869534,34.923859,53.031921,-35.249306,-38.574799,-7.559215,-26.625172,0.911499,-0.335059,0.015345,-0.238055
810,0.621296,-4.716271,8.716630,34.755844,53.992897,-35.291981,-37.158249,-6.872541,-28.663462,0.912007,-0.322207,0.023680,-0.252716
811,0.173909,-4.665622,8.846008,32.972500,53.272636,-35.999554,-35.799816,-6.141829,-30.693851,0.911986,-0.309462,0.032068,-0.267369
812,-0.058961,-4.358891,8.977959,34.919949,51.256313,-37.983570,-34.464890,-5.427196,-32.714111,0.911475,-0.296674,0.039949,-0.282137
813,-0.496248,-4.068113,8.948981,37.163754,47.159645,-40.076824,-33.085453,-4.787066,-34.714027,0.910611,-0.283471,0.046657,-0.297077
814,-0.695308,-3.743417,8.874722,38.559299,42.993805,-43.155209,-31.666971,-4.260757,-36.694836,0.909329,-0.270051,0.051880,-0.312253
815,-0.714024,-3.699494,8.882835,37.717369,37.853016,-47.588623,-30.253820,-3.883352,-38.688457,0.907400,-0.256919,0.055529,-0.327924
816,-0.576686,-3.583702,8.973866,35.644699,31.364180,-53.376007,-28.895744,-3.710902,-40.724239,0.904577,-0.244696,0.057373,-0.344345
817,-0.569267,-3.450516,8.909101,34.221424,24.143879,-58.770142,-27.594078,-3.780946,-42.811337,0.900793,-0.233604,0.057164,-0.361570
818,-0.550090,-3.117538,8.992542,32.947689,17.317245,-62.438641,-26.328501,-4.081205,-44.928406,0.896164,-0.223577,0.054926,-0.379323
819,-0.543508,-2.942035,9.380030,31.747784,10.724217,-63.572762,-25.091074,-4.571270,-47.027718,0.890902,-0.214552,0.050897,-0.397079
820,-0.550303,-2.768033,9.603394,31.823812,4.673261,-62.708019,-23.858004,-5.209479,-49.055431,0.885295,-0.206311,0.045267,-0.414295
821,-0.390871,-2.596482,9.550335,32.705395,-0.394816,-59.873463,-22.595945,-5.949153,-50.968750,0.879643,-0.198506,0.038244,-0.430536
822,-0.305866,-2.348150,9.564072,31.815269,-3.936882,-55.137856,-21.325768,-6.732215,-52.729248,0.874171,-0.191123,0.030327,-0.445395
823,0.072503,-2.383533,9.494018,29.821196,-5.251574,-50.152397,-20.100273,-7.495551,-54.327988,0.868970,-0.184313,0.022238,-0.458721
824,0.411040,-2.325572,9.315415,27.392406,-5.676341,-45.072887,-18.949045,-8.197291,-55.775932,0.864074,-0.178095,0.014487,-0.470583
825,0.530216,-1.977879,9.382320,25.866858,-4.949587,-40.916973,-17.866465,-8.817658,-57.093945,0.859498,-0.172292,0.007279,-0.481171
826,0.650847,-1.792902,9.662920,24.866833,-3.833676,-37.443409,-16.828810,-9.346600,-58.311947,0.855216,-0.166632,0.000669,-0.490754
827,0.866563,-1.755601,9.731939,25.687004,-2.838623,-35.698940,-15.794447,-9.795534,-59.466602,0.851149,-0.160815,-0.005540,-0.499652
828,0.806198,-1.581655,9.723931,26.389278,-2.385221,-34.296360,-14.732493,-10.186426,-60.586010,0.847208,-0.154679,-0.011605,-0.508112
829,0.819245,-1.467022,9.738000,24.443850,-1.621526,-33.174488,-13.689217,-10.527035,-61.677376,0.843296,-0.148587,-0.017370,-0.516210
830,0.822602,-1.345070,9.743320,23.904964,-0.752235,-32.040413,-12.685897,-10.813578,-62.744904,0.839380,-0.142662,-0.022698,-0.523998
831,0.632920,-1.198969,9.650486,22.529594,-0.341438,-30.401154,-11.716427,-11.051295,-63.776863,0.835527,-0.136862,-0.027664,-0.531411
832,0.549014,-1.133231,9.694841,19.676746,0.403023,-26.756664,-10.829035,-11.236501,-64.729149,0.831906,-0.131492,-0.032054,-0.538159
833,0.622778,-1.136300,9.703538,16.121264,0.921885,-22.716913,-10.069676,-11.364338,-65.560097,0.828691,-0.126822,-0.035640,-0.543982
834,0.557373,-1.115138,9.730138,13.593511,1.440875,-19.299694,-9.433947,-11.444179,-66.270927,0.825904,-0.122833,-0.038480,-0.548920
835,0.598671,-1.120568,9.722705,10.604297,1.651796,-16.126560,-8.910812,-11.487421,-66.874069,0.823509,-0.119479,-0.040673,-0.553085
836,0.643956,-1.139519,9.718148,7.786870,2.120403,-13.487491,-8.503185,-11.500030,-67.381645,0.821458,-0.116797,-0.042214,-0.556581
837,0.687402,-1.127912,9.711318,4.602744,2.224082,-11.429800,-8.211028,-11.488792,-67.811661,0.819671,-0.114811,-0.043121,-0.559551
838,0.736128,-1.095165,9.785271,1.937235,2.220695,-10.367055,-8.026896,-11.466829,-68.189316,0.818030,-0.113533,-0.043488,-0.562180
839,0.735577,-1.121379,9.799662,-0.913095,1.432847,-9.827715,-7.940545,-11.453341,-68.538063,0.816415,-0.112985,-0.043471,-0.564634
840,0.786234,-1.133859,9.807238,-6.902489,0.359493,-11.066070,-8.000017,-11.472111,-68.894165,0.814578,-0.113633,-0.042960,-0.567191
841,0.783213,-1.189906,9.839728,-11.913958,-0.643796,-12.411219,-8.234900,-11.532194,-69.288788,0.812320,-0.115738,-0.041830,-0.570080
842,0.722293,-1.288316,9.880667,-15.631703,-1.445432,-13.853921,-8.606262,-11.630856,-69.725616,0.809653,-0.119005,-0.040235,-0.573307
843,0.725620,-1.366437,9.850422,-19.804369,-2.466563,-15.064572,-9.100277,-11.769522,-70.201675,0.806588,-0.123332,-0.038241,-0.576839
844,0.856961,-1.396927,9.807206,-21.860485,-2.961529,-15.289485,-9.692959,-11.941462,-70.696556,0.803241,-0.128503,-0.035927,-0.580517
845,0.830756,-1.488531,9.810679,-22.729258,-2.942409,-14.357739,-10.335998,-12.124342,-71.176552,0.799849,-0.134051,-0.033406,-0.584086
846,0.895274,-1.565747,9.792630,-21.208309,-2.262501,-11.945791,-10.978516,-12.290736,-71.600883,0.796710,-0.139473,-0.030791,-0.587241
847,0.992051,-1.697898,9.769268,-20.161898,-2.141374,-9.617753,-11.593906,-12.433117,-71.946922,0.793991,-0.144544,-0.028205,-0.589821
848,1.003739,-1.788676,9.736794,-15.360215,-1.568741,-6.728125,-12.129665,-12.549713,-72.206955,0.791814,-0.148895,-0.025931,-0.591767
849,0.897400,-1.874728,9.653365,-8.884585,-1.094937,-3.311915,-12.499339,-12.628800,-72.364754,0.790409,-0.151877,-0.024368,-0.592953
850,0.952498,-1.816907,9.632540,0.986831,0.301905,1.606025,-12.625382,-12.647906,-72.390236,0.790084,-0.152848,-0.023816,-0.593159
851,1.160444,-1.747869,9.599759,13.189270,1.378577,6.806139,-12.418398,-12.590194,-72.256203,0.791129,-0.151102,-0.024659,-0.592179
852,1.140665,-1.654039,9.607738,27.785994,1.911836,12.140128,-11.801550,-12.470364,-71.951698,0.793656,-0.146169,-0.027393,-0.589911
853,1.063129,-1.528436,9.539520,40.465973,2.368000,17.599062,-10.767796,-12.303499,-71.468346,0.797628,-0.138035,-0.032121,-0.586263
854,0.831863,-1.544340,10.001345,47.836945,3.356006,21.355211,-9.430871,-12.095767,-70.831596,0.802670,-0.127473,-0.038200,-0.581389
855,0.807697,-1.430446,10.028357,48.766319,2.153436,20.201069,-7.963654,-11.900273,-70.146111,0.807910,-0.115948,-0.044948,-0.576036
856,0.547085,-1.285468,10.070647,42.544571,0.716470,16.628368,-6.568581,-11.775388,-69.530167,0.812470,-0.105211,-0.051634,-0.571101
857,0.529672,-1.064779,10.055717,33.670383,0.276554,12.469681,-5.398530,-11.708491,-69.039246,0.816004,-0.096337,-0.057398,-0.567065
858,0.612773,-0.935598,10.162725,23.877316,-0.256696,7.418163,-4.507876,-11.679617,-68.702080,0.818418,-0.089669,-0.061861,-0.564203
859,0.888152,-0.589422,9.795405,16.660275,-1.235094,2.442642,-3.866592,-11.692525,-68.532806,0.819727,-0.085054,-0.065236,-0.562634
860,0.876251,-0.493113,9.820391,13.350182,-0.812411,0.762909,-3.377965,-11.723360,-68.476074,0.820334,-0.081674,-0.067896,-0.561936
861,0.900298,-0.444372,9.868673,11.926131,-0.370327,-0.712350,-2.957105,-11.743044,-68.474106,0.820621,-0.078755,-0.070102,-0.561662
862,0.890426,-0.368193,9.871811,11.306132,-0.028958,-1.970976,-2.560684,-11.751889,-68.519409,0.820659,-0.075987,-0.072079,-0.561738
863,0.874028,-0.295347,9.899180,10.800613,0.286600,-2.704746,-2.176008,-11.750855,-68.599121,0.820519,-0.073279,-0.073906,-0.562064
864,0.819037,-0.225258,9.937423,10.513338,0.425446,-2.735121,-1.801854,-11.742167,-68.692101,0.820305,-0.070618,-0.075621,-0.562489
865,0.780732,-0.170299,9.912379,10.378634,0.511239,-2.419155,-1.435728,-11.728991,-68.780258,0.820104,-0.067992,-0.077271,-0.562881
866,0.751168,-0.102050,9.900236,10.503316,0.408048,-1.518809,-1.074015,-11.715103,-68.847618,0.819995,-0.065381,-0.078909,-0.563122
867,0.758850,-0.078502,9.901404,10.096848,0.274400,-0.461326,-0.723808,-11.704227,-68.881500,0.820033,-0.062845,-0.080533,-0.563126
868,0.744798,-0.048531,9.881679,9.799984,0.079717,0.420668,-0.392046,-11.698308,-68.882248,0.820212,-0.060442,-0.082120,-0.562899
869,0.762673,-0.035542,9.876188,9.318171,0.019598,0.889136,-0.077933,-11.696540,-68.859947,0.820485,-0.058169,-0.083662,-0.562513
870,0.796484,-0.007624,9.881798,9.112278,0.020661,1.246210,0.221871,-11.695902,-68.823608,0.820814,-0.055992,-0.085146,-0.562032
871,0.854553,0.007786,9.862692,8.530830,0.091649,1.096676,0.507835,-11.694272,-68.783722,0.821148,-0.053905,-0.086556,-0.561533
872,0.853137,0.029307,9.882137,7.982772,0.072445,0.684686,0.776910,-11.691872,-68.753372,0.821422,-0.051942,-0.087871,-0.561112
873,0.879198,0.041742,9.874748,7.577977,0.108104,0.414610,1.032454,-11.689160,-68.734619,0.821630,-0.050082,-0.089111,-0.560782
874,0.862066,0.077648,9.863509,6.648142,0.058279,0.442084,1.266590,-11.686679,-68.719986,0.821803,-0.048380,-0.090245,-0.560495
875,0.860937,0.025405,9.868430,5.792613,0.011144,0.661867,1.470125,-11.685960,-68.701172,0.821981,-0.046901,-0.091242,-0.560199
876,0.786417,0.060147,9.830485,5.486154,-0.102925,1.316563,1.651294,-11.688380,-68.667549,0.822216,-0.045587,-0.092159,-0.559812
877,0.812263,0.057826,9.793483,4.570725,-0.149689,2.490066,1.805812,-11.694494,-68.602936,0.822589,-0.044455,-0.092982,-0.559219
878,0.704304,0.065927,9.816088,3.183405,-0.413162,4.067949,1.912485,-11.707397,-68.491676,0.823164,-0.043662,-0.093638,-0.558326
